# energy grid [eV]     epsi_x  epsi_y  epsi_z
#
    0.200000000    0.000000000    0.000000000    0.000000000
    0.207178631    0.000000000    0.000000000    0.000000000
    0.214357262    0.000000000    0.000000000    0.000000000
    0.221535893    0.000000000    0.000000000    0.000000000
    0.228714524    0.000000000    0.000000000    0.000000000
    0.235893155    0.000000000    0.000000000    0.000000000
    0.243071786    0.000000000    0.000000000    0.000000000
    0.250250417    0.000000000    0.000000000    0.000000000
    0.257429048    0.000000000    0.000000000    0.000000000
    0.264607679    0.000000000    0.000000000    0.000000000
    0.271786311    0.000000000    0.000000000    0.000000000
    0.278964942    0.000000000    0.000000000    0.000000000
    0.286143573    0.000000000    0.000000000    0.000000000
    0.293322204    0.000000000    0.000000000    0.000000000
    0.300500835    0.000000000    0.000000000    0.000000000
    0.307679466    0.000000000    0.000000000    0.000000000
    0.314858097    0.000000000    0.000000000    0.000000000
    0.322036728    0.000000000    0.000000000    0.000000000
    0.329215359    0.000000000    0.000000000    0.000000000
    0.336393990    0.000000000    0.000000000    0.000000000
    0.343572621    0.000000000    0.000000000    0.000000000
    0.350751252    0.000000000    0.000000000    0.000000000
    0.357929883    0.000000000    0.000000000    0.000000000
    0.365108514    0.000000000    0.000000000    0.000000000
    0.372287145    0.000000000    0.000000000    0.000000000
    0.379465776    0.000000000    0.000000000    0.000000000
    0.386644407    0.000000000    0.000000000    0.000000000
    0.393823038    0.000000000    0.000000000    0.000000000
    0.401001669    0.000000000    0.000000000    0.000000000
    0.408180301    0.000000000    0.000000000    0.000000000
    0.415358932    0.000000000    0.000000000    0.000000000
    0.422537563    0.000000000    0.000000000    0.000000000
    0.429716194    0.000000000    0.000000000    0.000000000
    0.436894825    0.000000000    0.000000000    0.000000000
    0.444073456    0.000000000    0.000000000    0.000000000
    0.451252087    0.000000000    0.000000000    0.000000000
    0.458430718    0.000000000    0.000000000    0.000000000
    0.465609349    0.000000000    0.000000000    0.000000000
    0.472787980    0.000000000    0.000000000    0.000000000
    0.479966611    0.000000000    0.000000000    0.000000000
    0.487145242    0.000000000    0.000000000    0.000000000
    0.494323873    0.000000000    0.000000000    0.000000000
    0.501502504    0.000000000    0.000000000    0.000000000
    0.508681135    0.000000000    0.000000000    0.000000000
    0.515859766    0.000000000    0.000000000    0.000000000
    0.523038397    0.000000000    0.000000000    0.000000000
    0.530217028    0.000000000    0.000000000    0.000000000
    0.537395659    0.000000000    0.000000000    0.000000000
    0.544574290    0.000000000    0.000000000    0.000000000
    0.551752922    0.000000000    0.000000000    0.000000000
    0.558931553    0.000000000    0.000000000    0.000000000
    0.566110184    0.000000000    0.000000000    0.000000000
    0.573288815    0.000000000    0.000000000    0.000000000
    0.580467446    0.000000000    0.000000000    0.000000000
    0.587646077    0.000000000    0.000000000    0.000000000
    0.594824708    0.000000000    0.000000000    0.000000000
    0.602003339    0.000000000    0.000000000    0.000000000
    0.609181970    0.000000000    0.000000000    0.000000000
    0.616360601    0.000000000    0.000000000    0.000000000
    0.623539232    0.000000000    0.000000000    0.000000000
    0.630717863    0.000000000    0.000000000    0.000000000
    0.637896494    0.000000000    0.000000000    0.000000000
    0.645075125    0.000000000    0.000000000    0.000000000
    0.652253756    0.000000000    0.000000000    0.000000000
    0.659432387    0.000000000    0.000000000    0.000000000
    0.666611018    0.000000000    0.000000000    0.000000000
    0.673789649    0.000000000    0.000000000    0.000000000
    0.680968280    0.000000000    0.000000000    0.000000000
    0.688146912    0.000000000    0.000000000    0.000000000
    0.695325543    0.000000000    0.000000000    0.000000000
    0.702504174    0.000000000    0.000000000    0.000000000
    0.709682805    0.000000000    0.000000000    0.000000000
    0.716861436    0.000000000    0.000000000    0.000000000
    0.724040067    0.000000000    0.000000000    0.000000000
    0.731218698    0.000000000    0.000000000    0.000000000
    0.738397329    0.000000000    0.000000000    0.000000000
    0.745575960    0.000000000    0.000000000    0.000000000
    0.752754591    0.000000001    0.000000000    0.000000000
    0.759933222    0.000000003    0.000000000    0.000000000
    0.767111853    0.000000008    0.000000000    0.000000000
    0.774290484    0.000000019    0.000000000    0.000000000
    0.781469115    0.000000040    0.000000000    0.000000000
    0.788647746    0.000000077    0.000000000    0.000000000
    0.795826377    0.000000130    0.000000000    0.000000000
    0.803005008    0.000000198    0.000000000    0.000000000
    0.810183639    0.000000267    0.000000000    0.000000000
    0.817362270    0.000000322    0.000000000    0.000000000
    0.824540902    0.000000346    0.000000000    0.000000000
    0.831719533    0.000000332    0.000000000    0.000000000
    0.838898164    0.000000284    0.000000000    0.000000000
    0.846076795    0.000000217    0.000000000    0.000000000
    0.853255426    0.000000147    0.000000000    0.000000000
    0.860434057    0.000000089    0.000000000    0.000000000
    0.867612688    0.000000048    0.000000000    0.000000000
    0.874791319    0.000000023    0.000000000    0.000000000
    0.881969950    0.000000010    0.000000000    0.000000000
    0.889148581    0.000000004    0.000000000    0.000000000
    0.896327212    0.000000001    0.000000000    0.000000000
    0.903505843    0.000000000    0.000000000    0.000000000
    0.910684474    0.000000000    0.000000000    0.000000000
    0.917863105    0.000000000    0.000000000    0.000000000
    0.925041736    0.000000000    0.000000000    0.000000000
    0.932220367    0.000000000    0.000000000    0.000000000
    0.939398998    0.000000000    0.000000000    0.000000000
    0.946577629    0.000000000    0.000000000    0.000000000
    0.953756260    0.000000000    0.000000000    0.000000000
    0.960934891    0.000000000    0.000000000    0.000000000
    0.968113523    0.000000000    0.000000000    0.000000000
    0.975292154    0.000000000    0.000000000    0.000000000
    0.982470785    0.000000000    0.000000000    0.000000000
    0.989649416    0.000000000    0.000000000    0.000000000
    0.996828047    0.000000000    0.000000000    0.000000000
    1.004006678    0.000000000    0.000000000    0.000000000
    1.011185309    0.000000000    0.000000000    0.000000000
    1.018363940    0.000000000    0.000000000    0.000000000
    1.025542571    0.000000000    0.000000000    0.000000000
    1.032721202    0.000000000    0.000000000    0.000000000
    1.039899833    0.000000000    0.000000000    0.000000000
    1.047078464    0.000000000    0.000000001    0.000000000
    1.054257095    0.000000000    0.000000002    0.000000000
    1.061435726    0.000000000    0.000000004    0.000000000
    1.068614357    0.000000000    0.000000007    0.000000000
    1.075792988    0.000000000    0.000000011    0.000000000
    1.082971619    0.000000000    0.000000017    0.000000000
    1.090150250    0.000000000    0.000000022    0.000000000
    1.097328881    0.000000000    0.000000025    0.000000000
    1.104507513    0.000000000    0.000000026    0.000000000
    1.111686144    0.000000000    0.000000024    0.000000000
    1.118864775    0.000000000    0.000000020    0.000000000
    1.126043406    0.000000000    0.000000014    0.000000000
    1.133222037    0.000000000    0.000000009    0.000000000
    1.140400668    0.000000000    0.000000005    0.000000000
    1.147579299    0.000000000    0.000000003    0.000000000
    1.154757930    0.000000000    0.000000001    0.000000000
    1.161936561    0.000000000    0.000000001    0.000000000
    1.169115192    0.000000000    0.000000000    0.000000000
    1.176293823    0.000000000    0.000000000    0.000000000
    1.183472454    0.000000000    0.000000000    0.000000000
    1.190651085    0.000000000    0.000000000    0.000000000
    1.197829716    0.000000000    0.000000000    0.000000000
    1.205008347    0.000000000    0.000000000    0.000000000
    1.212186978    0.000000000    0.000000000    0.000000000
    1.219365609    0.000000000    0.000000000    0.000000000
    1.226544240    0.000000000    0.000000000    0.000000000
    1.233722871    0.000000000    0.000000000    0.000000000
    1.240901503    0.000000000    0.000000000    0.000000000
    1.248080134    0.000000000    0.000000000    0.000000000
    1.255258765    0.000000000    0.000000000    0.000000000
    1.262437396    0.000000000    0.000000000    0.000000000
    1.269616027    0.000000000    0.000000000    0.000000000
    1.276794658    0.000000000    0.000000000    0.000000000
    1.283973289    0.000000000    0.000000000    0.000000000
    1.291151920    0.000000000    0.000000000    0.000000000
    1.298330551    0.000000000    0.000000000    0.000000000
    1.305509182    0.000000000    0.000000000    0.000000000
    1.312687813    0.000000002    0.000000000    0.000000000
    1.319866444    0.000000004    0.000000000    0.000000000
    1.327045075    0.000000010    0.000000000    0.000000000
    1.334223706    0.000000023    0.000000000    0.000000000
    1.341402337    0.000000045    0.000000000    0.000000000
    1.348580968    0.000000078    0.000000000    0.000000000
    1.355759599    0.000000121    0.000000000    0.000000000
    1.362938230    0.000000168    0.000000000    0.000000000
    1.370116861    0.000000208    0.000000000    0.000000000
    1.377295492    0.000000230    0.000000000    0.000000000
    1.384474124    0.000000226    0.000000000    0.000000001
    1.391652755    0.000000199    0.000000001    0.000000002
    1.398831386    0.000000156    0.000000001    0.000000004
    1.406010017    0.000000109    0.000000003    0.000000008
    1.413188648    0.000000068    0.000000005    0.000000014
    1.420367279    0.000000039    0.000000009    0.000000022
    1.427545910    0.000000021    0.000000014    0.000000031
    1.434724541    0.000000012    0.000000019    0.000000041
    1.441903172    0.000000009    0.000000025    0.000000049
    1.449081803    0.000000009    0.000000031    0.000000054
    1.456260434    0.000000011    0.000000035    0.000000055
    1.463439065    0.000000013    0.000000037    0.000000051
    1.470617696    0.000000015    0.000000036    0.000000045
    1.477796327    0.000000016    0.000000032    0.000000037
    1.484974958    0.000000018    0.000000025    0.000000028
    1.492153589    0.000000020    0.000000018    0.000000019
    1.499332220    0.000000023    0.000000012    0.000000012
    1.506510851    0.000000025    0.000000007    0.000000007
    1.513689482    0.000000026    0.000000004    0.000000004
    1.520868114    0.000000024    0.000000002    0.000000002
    1.528046745    0.000000021    0.000000001    0.000000001
    1.535225376    0.000000016    0.000000000    0.000000000
    1.542404007    0.000000011    0.000000000    0.000000000
    1.549582638    0.000000007    0.000000000    0.000000000
    1.556761269    0.000000004    0.000000000    0.000000000
    1.563939900    0.000000002    0.000000000    0.000000000
    1.571118531    0.000000001    0.000000000    0.000000000
    1.578297162    0.000000001    0.000000000    0.000000000
    1.585475793    0.000000001    0.000000000    0.000000000
    1.592654424    0.000000002    0.000000001    0.000000000
    1.599833055    0.000000003    0.000000002    0.000000000
    1.607011686    0.000000004    0.000000004    0.000000000
    1.614190317    0.000000005    0.000000009    0.000000001
    1.621368948    0.000000006    0.000000017    0.000000001
    1.628547579    0.000000006    0.000000028    0.000000002
    1.635726210    0.000000005    0.000000042    0.000000003
    1.642904841    0.000000004    0.000000056    0.000000004
    1.650083472    0.000000003    0.000000067    0.000000005
    1.657262104    0.000000003    0.000000071    0.000000005
    1.664440735    0.000000005    0.000000067    0.000000005
    1.671619366    0.000000009    0.000000057    0.000000004
    1.678797997    0.000000019    0.000000043    0.000000003
    1.685976628    0.000000034    0.000000029    0.000000002
    1.693155259    0.000000058    0.000000018    0.000000002
    1.700333890    0.000000087    0.000000012    0.000000002
    1.707512521    0.000000118    0.000000009    0.000000002
    1.714691152    0.000000144    0.000000009    0.000000004
    1.721869783    0.000000159    0.000000012    0.000000006
    1.729048414    0.000000159    0.000000016    0.000000008
    1.736227045    0.000000147    0.000000020    0.000000010
    1.743405676    0.000000124    0.000000023    0.000000011
    1.750584307    0.000000098    0.000000023    0.000000011
    1.757762938    0.000000071    0.000000020    0.000000010
    1.764941569    0.000000049    0.000000016    0.000000008
    1.772120200    0.000000031    0.000000012    0.000000006
    1.779298831    0.000000018    0.000000008    0.000000004
    1.786477462    0.000000010    0.000000005    0.000000002
    1.793656093    0.000000007    0.000000004    0.000000001
    1.800834725    0.000000008    0.000000007    0.000000000
    1.808013356    0.000000017    0.000000016    0.000000000
    1.815191987    0.000000040    0.000000040    0.000000000
    1.822370618    0.000000087    0.000000088    0.000000000
    1.829549249    0.000000171    0.000000174    0.000000000
    1.836727880    0.000000301    0.000000308    0.000000001
    1.843906511    0.000000472    0.000000487    0.000000002
    1.851085142    0.000000661    0.000000691    0.000000004
    1.858263773    0.000000826    0.000000877    0.000000006
    1.865442404    0.000000923    0.000001001    0.000000010
    1.872621035    0.000000921    0.000001031    0.000000014
    1.879799666    0.000000824    0.000000966    0.000000018
    1.886978297    0.000000662    0.000000834    0.000000021
    1.894156928    0.000000482    0.000000679    0.000000022
    1.901335559    0.000000323    0.000000538    0.000000022
    1.908514190    0.000000206    0.000000430    0.000000021
    1.915692821    0.000000133    0.000000356    0.000000021
    1.922871452    0.000000097    0.000000308    0.000000027
    1.930050083    0.000000092    0.000000281    0.000000043
    1.937228715    0.000000113    0.000000277    0.000000077
    1.944407346    0.000000161    0.000000307    0.000000135
    1.951585977    0.000000235    0.000000375    0.000000217
    1.958764608    0.000000324    0.000000475    0.000000316
    1.965943239    0.000000409    0.000000584    0.000000412
    1.973121870    0.000000466    0.000000666    0.000000483
    1.980300501    0.000000478    0.000000693    0.000000507
    1.987479132    0.000000443    0.000000651    0.000000481
    1.994657763    0.000000376    0.000000551    0.000000416
    2.001836394    0.000000308    0.000000423    0.000000342
    2.009015025    0.000000267    0.000000299    0.000000288
    2.016193656    0.000000273    0.000000204    0.000000276
    2.023372287    0.000000329    0.000000147    0.000000312
    2.030550918    0.000000419    0.000000123    0.000000381
    2.037729549    0.000000511    0.000000118    0.000000455
    2.044908180    0.000000572    0.000000120    0.000000503
    2.052086811    0.000000579    0.000000119    0.000000502
    2.059265442    0.000000529    0.000000115    0.000000450
    2.066444073    0.000000445    0.000000118    0.000000360
    2.073622705    0.000000361    0.000000153    0.000000257
    2.080801336    0.000000323    0.000000260    0.000000165
    2.087979967    0.000000373    0.000000493    0.000000096
    2.095158598    0.000000545    0.000000908    0.000000052
    2.102337229    0.000000855    0.000001539    0.000000029
    2.109515860    0.000001282    0.000002360    0.000000020
    2.116694491    0.000001765    0.000003261    0.000000019
    2.123873122    0.000002197    0.000004055    0.000000021
    2.131051753    0.000002466    0.000004537    0.000000022
    2.138230384    0.000002492    0.000004568    0.000000022
    2.145409015    0.000002269    0.000004139    0.000000021
    2.152587646    0.000001862    0.000003378    0.000000018
    2.159766277    0.000001388    0.000002494    0.000000014
    2.166944908    0.000000962    0.000001690    0.000000012
    2.174123539    0.000000671    0.000001110    0.000000013
    2.181302170    0.000000563    0.000000819    0.000000019
    2.188480801    0.000000652    0.000000818    0.000000032
    2.195659432    0.000000923    0.000001073    0.000000055
    2.202838063    0.000001329    0.000001517    0.000000086
    2.210016694    0.000001791    0.000002051    0.000000122
    2.217195326    0.000002197    0.000002548    0.000000157
    2.224373957    0.000002440    0.000002881    0.000000181
    2.231552588    0.000002448    0.000002958    0.000000187
    2.238731219    0.000002220    0.000002759    0.000000174
    2.245909850    0.000001819    0.000002338    0.000000145
    2.253088481    0.000001349    0.000001803    0.000000109
    2.260267112    0.000000908    0.000001270    0.000000073
    2.267445743    0.000000561    0.000000824    0.000000045
    2.274624374    0.000000325    0.000000503    0.000000026
    2.281803005    0.000000184    0.000000299    0.000000014
    2.288981636    0.000000110    0.000000184    0.000000008
    2.296160267    0.000000074    0.000000125    0.000000005
    2.303338898    0.000000056    0.000000093    0.000000004
    2.310517529    0.000000045    0.000000073    0.000000003
    2.317696160    0.000000037    0.000000058    0.000000002
    2.324874791    0.000000033    0.000000047    0.000000002
    2.332053422    0.000000036    0.000000044    0.000000001
    2.339232053    0.000000050    0.000000052    0.000000002
    2.346410684    0.000000080    0.000000078    0.000000005
    2.353589316    0.000000129    0.000000123    0.000000013
    2.360767947    0.000000197    0.000000191    0.000000036
    2.367946578    0.000000284    0.000000283    0.000000091
    2.375125209    0.000000390    0.000000407    0.000000206
    2.382303840    0.000000524    0.000000576    0.000000414
    2.389482471    0.000000702    0.000000808    0.000000746
    2.396661102    0.000000941    0.000001104    0.000001199
    2.403839733    0.000001248    0.000001441    0.000001722
    2.411018364    0.000001611    0.000001758    0.000002212
    2.418196995    0.000002009    0.000001980    0.000002542
    2.425375626    0.000002421    0.000002049    0.000002620
    2.432554257    0.000002867    0.000001956    0.000002429
    2.439732888    0.000003468    0.000001746    0.000002039
    2.446911519    0.000004587    0.000001498    0.000001571
    2.454090150    0.000007008    0.000001302    0.000001145
    2.461268781    0.000012080    0.000001241    0.000000843
    2.468447412    0.000021569    0.000001374    0.000000697
    2.475626043    0.000037007    0.000001730    0.000000700
    2.482804674    0.000058529    0.000002285    0.000000816
    2.489983306    0.000083769    0.000002948    0.000000994
    2.497161937    0.000107900    0.000003570    0.000001176
    2.504340568    0.000126547    0.000003990    0.000001318
    2.511519199    0.000147420    0.000004097    0.000001403
    2.518697830    0.000240893    0.000003877    0.000001444
    2.525876461    0.000768040    0.000003420    0.000001474
    2.533055092    0.003315242    0.000002895    0.000001520
    2.540233723    0.014025747    0.000002561    0.000001589
    2.547412354    0.053770296    0.000002922    0.000001684
    2.554590985    0.184340005    0.000005228    0.000001866
    2.561769616    0.563915292    0.000012566    0.000002371
    2.568948247    1.538683484    0.000031657    0.000003768
    2.576126878    3.744396414    0.000074842    0.000007122
    2.583305509    8.126350592    0.000160465    0.000013999
    2.590484140   15.728349865    0.000308768    0.000026111
    2.597662771   27.148190649    0.000531303    0.000044427
    2.604841402   41.789459762    0.000816393    0.000067975
    2.612020033   57.366677101    0.001119525    0.000093063
    2.619198664   70.229427533    0.001369669    0.000113809
    2.626377295   76.673404233    0.001494780    0.000124244
    2.633555927   74.651128601    0.001455071    0.000121052
    2.640734558   64.817747060    0.001263331    0.000105258
    2.647913189   50.190018662    0.000978292    0.000081685
    2.655091820   34.658249795    0.000675681    0.000056582
    2.662270451   21.343307926    0.000416258    0.000034989
    2.669449082   11.721485743    0.000228798    0.000019322
    2.676627713    5.740760731    0.000112342    0.000009533
    2.683806344    2.507391563    0.000049556    0.000004210
    2.690984975    0.976654960    0.000020151    0.000001674
    2.698163606    0.339256405    0.000008394    0.000000616
    2.705342237    0.105097046    0.000004724    0.000000233
    2.712520868    0.029037978    0.000004337    0.000000119
    2.719699499    0.007158954    0.000005252    0.000000100
    2.726878130    0.001578602    0.000007009    0.000000117
    2.734056761    0.000315454    0.000010062    0.000000163
    2.741235392    0.000061365    0.000015520    0.000000256
    2.748414023    0.000015633    0.000024792    0.000000425
    2.755592654    0.000007935    0.000038870    0.000000688
    2.762771285    0.000006442    0.000057329    0.000001045
    2.769949917    0.000005956    0.000077621    0.000001457
    2.777128548    0.000005692    0.000095743    0.000001863
    2.784307179    0.000005447    0.000110633    0.000002210
    2.791485810    0.000005095    0.000142911    0.000002521
    2.798664441    0.000004649    0.000321461    0.000003114
    2.805843072    0.000004479    0.001266406    0.000005516
    2.813021703    0.000005990    0.005588158    0.000016070
    2.820200334    0.000013893    0.022954928    0.000058236
    2.827378965    0.000042816    0.084695864    0.000208075
    2.834557596    0.000133376    0.279046447    0.000679891
    2.841736227    0.000383708    0.820133440    0.001993824
    2.848914858    0.000996087    2.149806193    0.005223201
    2.856093489    0.002317312    5.025708969    0.012208441
    2.863272120    0.004818915   10.477791519    0.025451389
    2.870450751    0.008947352   19.481054514    0.047320386
    2.877629382    0.014824382   32.301550995    0.078461689
    2.884808013    0.021911410   47.764077530    0.116020687
    2.891986644    0.028887488   62.986275294    0.152996039
    2.899165275    0.033967200   74.072440534    0.179924956
    2.906343907    0.035620612   77.684326048    0.188698709
    2.913522538    0.033313835   72.656768507    0.176487022
    2.920701169    0.027785921   60.601675470    0.147205186
    2.927879800    0.020668147   45.077418534    0.109496517
    2.935058431    0.013710798   29.901934783    0.072634861
    2.942237062    0.008112346   17.689086861    0.042969398
    2.949415693    0.004282852    9.332060412    0.022669796
    2.956594324    0.002021946    4.390523351    0.010666626
    2.963772955    0.000865858    1.842149407    0.004476837
    2.970951586    0.000380713    0.689323228    0.001677619
    2.978130217    0.000369295    0.230135903    0.000565707
    2.985308848    0.001264783    0.068911817    0.000188355
    2.992487479    0.005673339    0.020102864    0.000133270
    2.999666110    0.023919607    0.012444585    0.000382731
    3.006844741    0.090889649    0.032724597    0.001455366
    3.014023372    0.309028692    0.112492522    0.005134462
    3.021202003    0.938687231    0.355677347    0.016279806
    3.028380634    2.546784553    1.008548495    0.046257661
    3.035559265    6.173332626    2.562440563    0.117832065
    3.042737896   13.375502624    5.839424978    0.269407970
    3.049916528   25.921332937   11.953365027    0.553769293
    3.057095159   44.973341324   22.019015177    1.025318061
    3.064273790   69.939033790   36.575643806    1.713725002
    3.071452421   97.636874747   54.909639904    2.591605387
    3.078631052  122.594105863   74.672101538    3.553928785
    3.085809683  138.770380264   92.180169412    4.427956121
    3.092988314  141.993895572  103.472013684    5.019557605
    3.100166945  131.727186182  105.723694762    5.180718379
    3.107345576  111.125877793   98.354772017    4.867523887
    3.114524207   85.479118834   83.260032722    4.159088239
    3.121702838   60.073565810   64.049483740    3.226634930
    3.128881469   38.611246536   44.690834337    2.268099638
    3.136060100   22.691103071   28.225611582    1.441282592
    3.143238731   12.176108168   16.113688823    0.826103178
    3.150417362    5.952255057    8.350575030    0.426223160
    3.157595993    2.643448472    4.093801300    0.197693971
    3.164774624    1.063658588    2.384628947    0.082718593
    3.171953255    0.387419987    2.669919986    0.032749341
    3.179131886    0.129851038    5.023178851    0.017904466
    3.186310518    0.048388055   10.059723618    0.029289111
    3.193489149    0.045824295   18.548486805    0.084303983
    3.200667780    0.109434888   30.791097135    0.244320572
    3.207846411    0.288850693   46.048872081    0.649401392
    3.215025042    0.698280259   62.483828477    1.561658459
    3.222203673    1.518100242   77.910175421    3.384232321
    3.229382304    2.963966170   91.027118697    6.597973515
    3.236560935    5.199189547  102.177565305   11.565405580
    3.243739566    8.202234875  112.782433650   18.224961383
    3.250918197   11.658250156  123.626755749   25.822198306
    3.258096828   14.977213653  133.316321854   32.903508237
    3.265275459   17.496522685  138.332407077   37.714291124
    3.272454090   18.799187568  134.909408485   38.890176537
    3.279632721   18.954647925  121.453987089   36.078383105
    3.286811352   18.488417623   99.763039841   30.107259156
    3.293989983   18.051749071   74.252905421   22.594225683
    3.301168614   17.989540642   49.878513788   15.242562611
    3.308347245   18.108445169   30.168883116    9.239358521
    3.315525876   17.819741136   16.407393655    5.029292034
    3.322704508   16.556099182    8.016611478    2.456931020
    3.329883139   14.159938421    3.517716527    1.076553188
    3.337061770   10.981253510    1.386680268    0.422843936
    3.344240401    7.659870527    0.491759696    0.148801185
    3.351419032    4.788818902    0.157494025    0.046903125
    3.358597663    2.690498925    0.046102404    0.013253543
    3.365776294    1.404019396    0.013158776    0.003380733
    3.372954925    0.831319271    0.005578422    0.000812226
    3.380133556    0.935064259    0.007515583    0.000226837
    3.387312187    1.910184273    0.017755629    0.000117618
    3.394490818    4.278538637    0.043329993    0.000112463
    3.401669449    8.834200626    0.101936946    0.000144084
    3.408848080   16.342708784    0.233897751    0.000243047
    3.416026711   26.979566468    0.531655317    0.000527596
    3.423205342   39.725206011    1.197023731    0.001271886
    3.430383973   52.166920450    2.621488064    0.003009885
    3.437562604   61.099789184    5.440955394    0.006600957
    3.444741235   63.832685841   10.458170083    0.013117106
    3.451919866   59.496427325   18.319001838    0.023409130
    3.459098497   49.493470112   28.957570580    0.037378597
    3.466277129   36.773134418   41.080577595    0.053311220
    3.473455760   24.436738976   52.146319340    0.067861742
    3.480634391   14.562227144   59.133388957    0.077067665
    3.487813022    7.819981385   59.855129363    0.078068502
    3.494991653    3.817736182   54.055556716    0.070533699
    3.502170284    1.720952744   43.546305981    0.056837905
    3.509348915    0.738458290   31.288397559    0.040867693
    3.516527546    0.333412716   20.049829688    0.026310211
    3.523706177    0.237252951   11.458465187    0.015584158
    3.530884808    0.403558844    5.840883730    0.010196669
    3.538063439    0.991144728    2.658357071    0.012955731
    3.545242070    2.388936907    1.089403998    0.032739394
    3.552420701    5.225741638    0.429006196    0.093010068
    3.559599332   10.264182409    0.231623379    0.244243664
    3.566777963   18.099295595    0.287868764    0.575822479
    3.573956594   28.707790105    0.544203373    1.215183892
    3.581135225   41.082845312    1.025015247    2.297938261
    3.588313856   53.284424562    1.775032903    3.904134235
    3.595492487   63.077676090    2.834536970    5.987101101
    3.602671119   68.957324278    4.272731459    8.352489114
    3.609849750   71.029207593    6.300030179   10.737766763
    3.617028381   71.207883846    9.434058868   12.979667779
    3.624207012   72.508770927   14.619771658   15.179867081
    3.631385643   77.656009121   23.151048647   17.757330774
    3.638564274   87.581094763   36.267008292   21.328802157
    3.645742905  100.539188415   54.431418675   26.433288050
    3.652921536  112.426249855   76.528008818   33.168067815
    3.660100167  118.367935670   99.423651515   40.861581893
    3.667278798  114.914659214  118.385876109   47.991132404
    3.674457429  101.679675246  128.515405225   52.553501730
    3.681636060   81.476400490  126.715415502   52.874523323
    3.688814691   58.920879830  113.177621760   48.480083048
    3.695993322   38.411308964   91.451884422   40.481548075
    3.703171953   22.647677335   66.982619180   31.193548614
    3.710350584   12.293014375   44.961740685   23.214842075
    3.717529215    6.562928528   28.681588769   18.509982749
    3.724707846    4.100790134   19.057786785   17.902663821
    3.731886477    3.615398104   15.163275034   21.040283263
    3.739065109    4.132364422   15.150862747   26.661181765
    3.746243740    4.987617090   17.035201873   32.996470552
    3.753422371    5.747694920   19.153209476   38.219386251
    3.760601002    6.162426563   20.371814864   40.877827156
    3.767779633    6.169234922   20.165184883   40.223085070
    3.774958264    5.932350235   18.633766374   36.349737533
    3.782136895    5.898124180   16.481174489   30.103625544
    3.789315526    6.839972599   14.930063516   22.777709583
    3.796494157    9.835425487   15.537960919   15.691266275
    3.803672788   16.086500209   19.867329176    9.811151949
    3.810851419   26.523072525   28.995298120    5.566419191
    3.818030050   41.268489402   42.957940148    2.907354787
    3.825208681   59.252389386   60.395906341    1.534569556
    3.832387312   78.344105332   78.757468655    1.166899122
    3.839565943   96.153129812   95.222993955    1.746148912
    3.846744574  111.135946067  108.024630452    3.526688985
    3.853923205  123.237445713  117.360738197    7.009714132
    3.861101836  133.443926255  125.115973501   12.678896070
    3.868280467  142.404702569  133.294721876   20.559203718
    3.875459098  149.135459447  142.079882202   29.785572830
    3.882637730  150.946643725  148.943693942   38.514766377
    3.889816361  144.871943132  149.678452022   44.431403921
    3.896994992  129.662420824  140.843826555   45.720631351
    3.904173623  106.917674382  122.005426078   41.961778642
    3.911352254   80.581959438   96.243705722   34.347483258
    3.918530885   55.232973279   68.685867397   25.074102987
    3.925709516   34.318351851   44.172401961   16.324616530
    3.932888147   19.286289723   25.536948783    9.479044287
    3.940066778    9.786321407   13.252158674    4.910673783
    3.947245409    4.477305471    6.173418725    2.276607622
    3.954424040    1.844620746    2.606056454    0.970070876
    3.961602671    0.683702104    1.085063981    0.464666873
    3.968781302    0.227872023    0.701430312    0.476969278
    3.975959933    0.068376741    1.120999632    1.008986739
    3.983138564    0.018721222    2.489674360    2.340803086
    3.990317195    0.005383377    5.304699270    4.972428579
    3.997495826    0.003605736   10.213185542    9.448143238
    4.004674457    0.007410719   17.685640122   16.016835488
    4.011853088    0.018750062   27.626712447   24.220111455
    4.019031720    0.046448438   39.133160802   32.676679564
    4.026210351    0.112763758   50.614877857   39.358184852
    4.033388982    0.271500967   60.273088399   42.392660154
    4.040567613    0.644362285   66.647894642   41.014342711
    4.047746244    1.474825186   68.909235542   36.063879615
    4.054924875    3.173124329   66.843869805   29.678737513
    4.062103506    6.287603447   60.774145349   24.334775244
    4.069282137   11.324205656   51.595285911   21.776827639
    4.076460768   18.403588302   40.822014374   22.359769042
    4.083639399   26.902565616   30.394604356   25.036458201
    4.090818030   35.362882582   22.191171614   27.929118668
    4.097996661   41.884421832   17.473529573   29.212084239
    4.105175292   44.899877447   16.541993217   27.914929714
    4.112353923   43.881931314   18.702733411   24.282789173
    4.119532554   39.510707157   22.499081037   19.568456673
    4.126711185   33.212841409   26.135526486   15.461510239
    4.133889816   26.441089559   28.021024614   13.517943229
    4.141068447   20.177639828   27.278678531   14.809642611
    4.148247078   14.860751849   23.995627632   19.741111336
    4.155425710   10.581323178   19.067878430   27.879025033
    4.162604341    7.288037621   13.723171857   37.805103057
    4.169782972    4.875950863    8.997190673   47.224914684
    4.176961603    3.197133599    5.430424098   53.547502510
    4.184140234    2.072411396    3.069156859   54.826122107
    4.191318865    1.327924023    1.662603148   50.585003890
    4.198497496    0.830318698    0.884354121   42.014424647
    4.205676127    0.495944439    0.468275554   31.391756879
    4.212854758    0.276878623    0.245554654   21.086645569
    4.220033389    0.142022843    0.124908308   12.726511582
    4.227212020    0.066159534    0.060139307    6.896837095
    4.234390651    0.027789487    0.026871370    3.353931301
    4.241569282    0.010481842    0.011012254    1.462683476
    4.248747913    0.003543197    0.004131054    0.571717572
    4.255926544    0.001073482    0.001441667    0.200182824
    4.263105175    0.000292839    0.000497446    0.062771207
    4.270283806    0.000073430    0.000195446    0.017633825
    4.277462437    0.000018456    0.000100660    0.004449652
    4.284641068    0.000006296    0.000064364    0.001019617
    4.291819699    0.000004606    0.000043631    0.000222179
    4.298998331    0.000006452    0.000028707    0.000057137
    4.306176962    0.000011766    0.000018011    0.000032587
    4.313355593    0.000023682    0.000011041    0.000045409
    4.320534224    0.000053617    0.000007038    0.000087310
    4.327712855    0.000152904    0.000005142    0.000208029
    4.334891486    0.000556139    0.000004816    0.000652408
    4.342070117    0.002238564    0.000006601    0.002448669
    4.349248748    0.008781018    0.000014254    0.009385919
    4.356427379    0.031688490    0.000040775    0.033653515
    4.363606010    0.103096584    0.000122847    0.109311025
    4.370784641    0.300410726    0.000348909    0.318405072
    4.377963272    0.782486595    0.000900477    0.829318962
    4.385141903    1.821578886    0.002088858    1.930641455
    4.392320534    3.792678772    0.004343622    4.019884091
    4.399499165    7.073668770    0.008099961    7.497696641
    4.406677796   11.848744527    0.013576377   12.559581717
    4.413856427   17.897661873    0.020536291   18.972587480
    4.421035058   24.527410134    0.028210163   26.002877514
    4.428213689   30.755412980    0.035499254   32.609663836
    4.435392321   35.667796516    0.041371360   37.824277558
    4.442570952   38.709602005    0.045173721   41.056516159
    4.449749583   39.717217504    0.046656006   42.126976026
    4.456928214   38.762678184    0.045793913   41.098890837
    4.464106845   36.067499964    0.042709984   38.182487136
    4.471285476   32.126824063    0.037842170   33.862428577
    4.478464107   27.880332465    0.032160927   29.079391438
    4.485642738   24.626895077    0.027089877   25.151226087
    4.492821369   23.578357668    0.024024169   23.326027396
    4.500000000   25.288538492    0.023717743   24.208928577
