# energy grid [eV]     epsi_x  epsi_y  epsi_z
#
    0.200000000    0.000000000    0.000000000    0.000000000
    0.207178631    0.000000000    0.000000000    0.000000000
    0.214357262    0.000000000    0.000000000    0.000000000
    0.221535893    0.000000000    0.000000000    0.000000000
    0.228714524    0.000000000    0.000000000    0.000000000
    0.235893155    0.000000000    0.000000000    0.000000000
    0.243071786    0.000000000    0.000000000    0.000000000
    0.250250417    0.000000000    0.000000000    0.000000000
    0.257429048    0.000000000    0.000000000    0.000000000
    0.264607679    0.000000000    0.000000000    0.000000000
    0.271786311    0.000000000    0.000000000    0.000000000
    0.278964942    0.000000000    0.000000000    0.000000000
    0.286143573    0.000000000    0.000000000    0.000000000
    0.293322204    0.000000000    0.000000000    0.000000000
    0.300500835    0.000000000    0.000000000    0.000000000
    0.307679466    0.000000000    0.000000000    0.000000000
    0.314858097    0.000000000    0.000000000    0.000000000
    0.322036728    0.000000000    0.000000000    0.000000000
    0.329215359    0.000000000    0.000000000    0.000000000
    0.336393990    0.000000000    0.000000000    0.000000000
    0.343572621    0.000000000    0.000000000    0.000000000
    0.350751252    0.000000000    0.000000000    0.000000000
    0.357929883    0.000000000    0.000000000    0.000000000
    0.365108514    0.000000000    0.000000000    0.000000000
    0.372287145    0.000000000    0.000000000    0.000000000
    0.379465776    0.000000000    0.000000000    0.000000000
    0.386644407    0.000000000    0.000000000    0.000000000
    0.393823038    0.000000000    0.000000000    0.000000000
    0.401001669    0.000000000    0.000000000    0.000000000
    0.408180301    0.000000000    0.000000000    0.000000000
    0.415358932    0.000000000    0.000000000    0.000000000
    0.422537563    0.000000000    0.000000000    0.000000000
    0.429716194    0.000000000    0.000000000    0.000000000
    0.436894825    0.000000000    0.000000000    0.000000000
    0.444073456    0.000000000    0.000000000    0.000000000
    0.451252087    0.000000000    0.000000000    0.000000000
    0.458430718    0.000000000    0.000000000    0.000000000
    0.465609349    0.000000000    0.000000000    0.000000000
    0.472787980    0.000000000    0.000000000    0.000000000
    0.479966611    0.000000000    0.000000000    0.000000000
    0.487145242    0.000000000    0.000000000    0.000000000
    0.494323873    0.000000000    0.000000000    0.000000000
    0.501502504    0.000000000    0.000000000    0.000000000
    0.508681135    0.000000000    0.000000000    0.000000000
    0.515859766    0.000000000    0.000000000    0.000000000
    0.523038397    0.000000000    0.000000000    0.000000000
    0.530217028    0.000000000    0.000000000    0.000000000
    0.537395659    0.000000000    0.000000000    0.000000000
    0.544574290    0.000000000    0.000000000    0.000000000
    0.551752922    0.000000000    0.000000000    0.000000000
    0.558931553    0.000000000    0.000000000    0.000000000
    0.566110184    0.000000000    0.000000000    0.000000000
    0.573288815    0.000000000    0.000000000    0.000000000
    0.580467446    0.000000000    0.000000000    0.000000000
    0.587646077    0.000000000    0.000000000    0.000000000
    0.594824708    0.000000000    0.000000000    0.000000000
    0.602003339    0.000000000    0.000000000    0.000000000
    0.609181970    0.000000000    0.000000000    0.000000000
    0.616360601    0.000000000    0.000000000    0.000000000
    0.623539232    0.000000000    0.000000000    0.000000000
    0.630717863    0.000000000    0.000000000    0.000000000
    0.637896494    0.000000000    0.000000000    0.000000000
    0.645075125    0.000000000    0.000000000    0.000000000
    0.652253756    0.000000000    0.000000000    0.000000000
    0.659432387    0.000000000    0.000000000    0.000000000
    0.666611018    0.000000000    0.000000000    0.000000000
    0.673789649    0.000000000    0.000000000    0.000000000
    0.680968280    0.000000000    0.000000000    0.000000000
    0.688146912    0.000000000    0.000000000    0.000000000
    0.695325543    0.000000000    0.000000000    0.000000000
    0.702504174    0.000000000    0.000000000    0.000000000
    0.709682805    0.000000000    0.000000000    0.000000000
    0.716861436    0.000000000    0.000000000    0.000000000
    0.724040067    0.000000000    0.000000000    0.000000000
    0.731218698    0.000000000    0.000000000    0.000000000
    0.738397329    0.000000000    0.000000000    0.000000000
    0.745575960    0.000000000    0.000000000    0.000000000
    0.752754591    0.000000000    0.000000000    0.000000000
    0.759933222    0.000000000    0.000000000    0.000000000
    0.767111853    0.000000000    0.000000000    0.000000000
    0.774290484    0.000000000    0.000000000    0.000000000
    0.781469115    0.000000000    0.000000000    0.000000000
    0.788647746    0.000000000    0.000000000    0.000000000
    0.795826377    0.000000000    0.000000000    0.000000000
    0.803005008    0.000000000    0.000000000    0.000000000
    0.810183639    0.000000000    0.000000000    0.000000000
    0.817362270    0.000000000    0.000000000    0.000000000
    0.824540902    0.000000000    0.000000000    0.000000000
    0.831719533    0.000000000    0.000000000    0.000000000
    0.838898164    0.000000000    0.000000000    0.000000000
    0.846076795    0.000000000    0.000000000    0.000000000
    0.853255426    0.000000000    0.000000000    0.000000000
    0.860434057    0.000000000    0.000000000    0.000000000
    0.867612688    0.000000000    0.000000000    0.000000000
    0.874791319    0.000000000    0.000000000    0.000000000
    0.881969950    0.000000000    0.000000000    0.000000000
    0.889148581    0.000000000    0.000000000    0.000000000
    0.896327212    0.000000000    0.000000000    0.000000000
    0.903505843    0.000000000    0.000000000    0.000000000
    0.910684474    0.000000000    0.000000000    0.000000000
    0.917863105    0.000000000    0.000000000    0.000000000
    0.925041736    0.000000000    0.000000000    0.000000000
    0.932220367    0.000000000    0.000000000    0.000000000
    0.939398998    0.000000000    0.000000000    0.000000000
    0.946577629    0.000000000    0.000000000    0.000000000
    0.953756260    0.000000000    0.000000000    0.000000000
    0.960934891    0.000000000    0.000000000    0.000000000
    0.968113523    0.000000000    0.000000000    0.000000000
    0.975292154    0.000000000    0.000000000    0.000000000
    0.982470785    0.000000000    0.000000000    0.000000000
    0.989649416    0.000000000    0.000000000    0.000000000
    0.996828047    0.000000000    0.000000000    0.000000000
    1.004006678    0.000000000    0.000000000    0.000000000
    1.011185309    0.000000000    0.000000000    0.000000001
    1.018363940    0.000000000    0.000000000    0.000000003
    1.025542571    0.000000000    0.000000001    0.000000008
    1.032721202    0.000000001    0.000000002    0.000000017
    1.039899833    0.000000001    0.000000003    0.000000033
    1.047078464    0.000000002    0.000000005    0.000000055
    1.054257095    0.000000003    0.000000008    0.000000083
    1.061435726    0.000000004    0.000000011    0.000000111
    1.068614357    0.000000005    0.000000013    0.000000132
    1.075792988    0.000000006    0.000000014    0.000000141
    1.082971619    0.000000005    0.000000013    0.000000133
    1.090150250    0.000000005    0.000000011    0.000000113
    1.097328881    0.000000003    0.000000008    0.000000085
    1.104507513    0.000000002    0.000000006    0.000000057
    1.111686144    0.000000001    0.000000003    0.000000034
    1.118864775    0.000000001    0.000000002    0.000000018
    1.126043406    0.000000000    0.000000001    0.000000009
    1.133222037    0.000000000    0.000000000    0.000000004
    1.140400668    0.000000000    0.000000000    0.000000001
    1.147579299    0.000000000    0.000000000    0.000000000
    1.154757930    0.000000000    0.000000000    0.000000000
    1.161936561    0.000000000    0.000000000    0.000000000
    1.169115192    0.000000000    0.000000000    0.000000000
    1.176293823    0.000000000    0.000000000    0.000000000
    1.183472454    0.000000000    0.000000000    0.000000000
    1.190651085    0.000000000    0.000000000    0.000000000
    1.197829716    0.000000000    0.000000000    0.000000000
    1.205008347    0.000000000    0.000000000    0.000000000
    1.212186978    0.000000000    0.000000000    0.000000000
    1.219365609    0.000000000    0.000000000    0.000000000
    1.226544240    0.000000000    0.000000000    0.000000000
    1.233722871    0.000000000    0.000000000    0.000000000
    1.240901503    0.000000000    0.000000000    0.000000000
    1.248080134    0.000000000    0.000000000    0.000000000
    1.255258765    0.000000000    0.000000000    0.000000000
    1.262437396    0.000000000    0.000000000    0.000000000
    1.269616027    0.000000000    0.000000000    0.000000000
    1.276794658    0.000000000    0.000000000    0.000000000
    1.283973289    0.000000000    0.000000000    0.000000000
    1.291151920    0.000000000    0.000000000    0.000000000
    1.298330551    0.000000000    0.000000000    0.000000000
    1.305509182    0.000000000    0.000000000    0.000000000
    1.312687813    0.000000000    0.000000000    0.000000000
    1.319866444    0.000000000    0.000000000    0.000000000
    1.327045075    0.000000000    0.000000000    0.000000000
    1.334223706    0.000000000    0.000000000    0.000000000
    1.341402337    0.000000000    0.000000000    0.000000000
    1.348580968    0.000000000    0.000000000    0.000000000
    1.355759599    0.000000000    0.000000000    0.000000000
    1.362938230    0.000000000    0.000000000    0.000000000
    1.370116861    0.000000000    0.000000000    0.000000000
    1.377295492    0.000000000    0.000000000    0.000000000
    1.384474124    0.000000000    0.000000000    0.000000000
    1.391652755    0.000000000    0.000000000    0.000000000
    1.398831386    0.000000000    0.000000000    0.000000000
    1.406010017    0.000000000    0.000000000    0.000000000
    1.413188648    0.000000001    0.000000001    0.000000000
    1.420367279    0.000000002    0.000000001    0.000000001
    1.427545910    0.000000004    0.000000004    0.000000002
    1.434724541    0.000000009    0.000000008    0.000000005
    1.441903172    0.000000018    0.000000016    0.000000010
    1.449081803    0.000000031    0.000000030    0.000000018
    1.456260434    0.000000051    0.000000047    0.000000029
    1.463439065    0.000000073    0.000000068    0.000000041
    1.470617696    0.000000095    0.000000088    0.000000053
    1.477796327    0.000000112    0.000000101    0.000000062
    1.484974958    0.000000120    0.000000104    0.000000067
    1.492153589    0.000000121    0.000000096    0.000000069
    1.499332220    0.000000116    0.000000079    0.000000069
    1.506510851    0.000000107    0.000000059    0.000000069
    1.513689482    0.000000098    0.000000039    0.000000071
    1.520868114    0.000000088    0.000000024    0.000000072
    1.528046745    0.000000076    0.000000013    0.000000072
    1.535225376    0.000000062    0.000000006    0.000000066
    1.542404007    0.000000047    0.000000003    0.000000057
    1.549582638    0.000000032    0.000000001    0.000000044
    1.556761269    0.000000020    0.000000000    0.000000031
    1.563939900    0.000000011    0.000000000    0.000000019
    1.571118531    0.000000006    0.000000000    0.000000011
    1.578297162    0.000000003    0.000000000    0.000000005
    1.585475793    0.000000001    0.000000000    0.000000002
    1.592654424    0.000000000    0.000000000    0.000000001
    1.599833055    0.000000000    0.000000000    0.000000000
    1.607011686    0.000000000    0.000000000    0.000000000
    1.614190317    0.000000000    0.000000000    0.000000000
    1.621368948    0.000000000    0.000000000    0.000000000
    1.628547579    0.000000000    0.000000000    0.000000000
    1.635726210    0.000000000    0.000000000    0.000000000
    1.642904841    0.000000000    0.000000000    0.000000000
    1.650083472    0.000000000    0.000000000    0.000000000
    1.657262104    0.000000000    0.000000000    0.000000000
    1.664440735    0.000000000    0.000000000    0.000000000
    1.671619366    0.000000000    0.000000000    0.000000000
    1.678797997    0.000000000    0.000000000    0.000000000
    1.685976628    0.000000000    0.000000000    0.000000000
    1.693155259    0.000000000    0.000000000    0.000000000
    1.700333890    0.000000000    0.000000000    0.000000000
    1.707512521    0.000000000    0.000000000    0.000000000
    1.714691152    0.000000000    0.000000000    0.000000000
    1.721869783    0.000000000    0.000000000    0.000000001
    1.729048414    0.000000000    0.000000001    0.000000003
    1.736227045    0.000000001    0.000000003    0.000000007
    1.743405676    0.000000002    0.000000006    0.000000016
    1.750584307    0.000000004    0.000000012    0.000000030
    1.757762938    0.000000007    0.000000020    0.000000050
    1.764941569    0.000000011    0.000000030    0.000000076
    1.772120200    0.000000015    0.000000041    0.000000103
    1.779298831    0.000000019    0.000000050    0.000000124
    1.786477462    0.000000023    0.000000056    0.000000133
    1.793656093    0.000000028    0.000000059    0.000000129
    1.800834725    0.000000034    0.000000059    0.000000113
    1.808013356    0.000000043    0.000000059    0.000000093
    1.815191987    0.000000053    0.000000061    0.000000076
    1.822370618    0.000000064    0.000000065    0.000000067
    1.829549249    0.000000073    0.000000068    0.000000068
    1.836727880    0.000000075    0.000000069    0.000000075
    1.843906511    0.000000072    0.000000065    0.000000082
    1.851085142    0.000000062    0.000000056    0.000000084
    1.858263773    0.000000049    0.000000044    0.000000078
    1.865442404    0.000000037    0.000000032    0.000000067
    1.872621035    0.000000026    0.000000021    0.000000053
    1.879799666    0.000000020    0.000000013    0.000000041
    1.886978297    0.000000019    0.000000008    0.000000035
    1.894156928    0.000000024    0.000000005    0.000000038
    1.901335559    0.000000036    0.000000004    0.000000051
    1.908514190    0.000000056    0.000000005    0.000000077
    1.915692821    0.000000083    0.000000008    0.000000114
    1.922871452    0.000000116    0.000000012    0.000000161
    1.930050083    0.000000149    0.000000017    0.000000210
    1.937228715    0.000000174    0.000000022    0.000000249
    1.944407346    0.000000184    0.000000025    0.000000268
    1.951585977    0.000000174    0.000000025    0.000000259
    1.958764608    0.000000148    0.000000024    0.000000224
    1.965943239    0.000000113    0.000000020    0.000000174
    1.973121870    0.000000080    0.000000017    0.000000121
    1.980300501    0.000000054    0.000000017    0.000000075
    1.987479132    0.000000041    0.000000019    0.000000042
    1.994657763    0.000000040    0.000000027    0.000000021
    2.001836394    0.000000049    0.000000038    0.000000010
    2.009015025    0.000000062    0.000000052    0.000000004
    2.016193656    0.000000076    0.000000064    0.000000002
    2.023372287    0.000000085    0.000000072    0.000000002
    2.030550918    0.000000087    0.000000074    0.000000002
    2.037729549    0.000000082    0.000000071    0.000000004
    2.044908180    0.000000072    0.000000066    0.000000008
    2.052086811    0.000000063    0.000000066    0.000000015
    2.059265442    0.000000062    0.000000075    0.000000029
    2.066444073    0.000000077    0.000000096    0.000000052
    2.073622705    0.000000115    0.000000129    0.000000087
    2.080801336    0.000000182    0.000000171    0.000000138
    2.087979967    0.000000283    0.000000213    0.000000210
    2.095158598    0.000000421    0.000000250    0.000000311
    2.102337229    0.000000597    0.000000276    0.000000446
    2.109515860    0.000000814    0.000000289    0.000000612
    2.116694491    0.000001068    0.000000288    0.000000793
    2.123873122    0.000001339    0.000000273    0.000000958
    2.131051753    0.000001584    0.000000246    0.000001067
    2.138230384    0.000001742    0.000000208    0.000001090
    2.145409015    0.000001760    0.000000165    0.000001017
    2.152587646    0.000001620    0.000000123    0.000000870
    2.159766277    0.000001350    0.000000088    0.000000690
    2.166944908    0.000001014    0.000000064    0.000000524
    2.174123539    0.000000687    0.000000053    0.000000401
    2.181302170    0.000000421    0.000000052    0.000000330
    2.188480801    0.000000236    0.000000055    0.000000299
    2.195659432    0.000000127    0.000000059    0.000000286
    2.202838063    0.000000074    0.000000058    0.000000271
    2.210016694    0.000000059    0.000000053    0.000000245
    2.217195326    0.000000067    0.000000044    0.000000210
    2.224373957    0.000000090    0.000000035    0.000000176
    2.231552588    0.000000120    0.000000028    0.000000150
    2.238731219    0.000000150    0.000000025    0.000000135
    2.245909850    0.000000171    0.000000027    0.000000128
    2.253088481    0.000000182    0.000000035    0.000000125
    2.260267112    0.000000183    0.000000047    0.000000122
    2.267445743    0.000000186    0.000000065    0.000000123
    2.274624374    0.000000207    0.000000087    0.000000136
    2.281803005    0.000000274    0.000000109    0.000000173
    2.288981636    0.000000424    0.000000129    0.000000248
    2.296160267    0.000000696    0.000000142    0.000000372
    2.303338898    0.000001118    0.000000146    0.000000549
    2.310517529    0.000001685    0.000000142    0.000000769
    2.317696160    0.000002334    0.000000131    0.000001005
    2.324874791    0.000002944    0.000000118    0.000001212
    2.332053422    0.000003371    0.000000108    0.000001344
    2.339232053    0.000003508    0.000000106    0.000001373
    2.346410684    0.000003333    0.000000114    0.000001306
    2.353589316    0.000002918    0.000000133    0.000001186
    2.360767947    0.000002390    0.000000158    0.000001075
    2.367946578    0.000001872    0.000000185    0.000001022
    2.375125209    0.000001439    0.000000210    0.000001044
    2.382303840    0.000001114    0.000000237    0.000001123
    2.389482471    0.000000885    0.000000274    0.000001237
    2.396661102    0.000000732    0.000000328    0.000001390
    2.403839733    0.000000635    0.000000408    0.000001630
    2.411018364    0.000000582    0.000000517    0.000002032
    2.418196995    0.000000561    0.000000651    0.000002641
    2.425375626    0.000000559    0.000000796    0.000003413
    2.432554257    0.000000562    0.000000924    0.000004190
    2.439732888    0.000000556    0.000001006    0.000004747
    2.446911519    0.000000537    0.000001020    0.000004887
    2.454090150    0.000000511    0.000000967    0.000004548
    2.461268781    0.000000503    0.000000880    0.000003831
    2.468447412    0.000000553    0.000000809    0.000002947
    2.475626043    0.000000709    0.000000804    0.000002119
    2.482804674    0.000001011    0.000000895    0.000001494
    2.489983306    0.000001468    0.000001077    0.000001123
    2.497161937    0.000002040    0.000001315    0.000000977
    2.504340568    0.000002631    0.000001560    0.000000991
    2.511519199    0.000003110    0.000001762    0.000001090
    2.518697830    0.000003354    0.000001895    0.000001209
    2.525876461    0.000003300    0.000001957    0.000001298
    2.533055092    0.000002972    0.000001958    0.000001325
    2.540233723    0.000002464    0.000001907    0.000001279
    2.547412354    0.000001901    0.000001800    0.000001165
    2.554590985    0.000001397    0.000001648    0.000001005
    2.561769616    0.000001034    0.000001488    0.000000834
    2.568948247    0.000000865    0.000001400    0.000000698
    2.576126878    0.000000917    0.000001479    0.000000632
    2.583305509    0.000001193    0.000001797    0.000000651
    2.590484140    0.000001661    0.000002356    0.000000739
    2.597662771    0.000002244    0.000003070    0.000000850
    2.604841402    0.000002836    0.000003794    0.000000931
    2.612020033    0.000003336    0.000004379    0.000000944
    2.619198664    0.000003688    0.000004745    0.000000890
    2.626377295    0.000003901    0.000004898    0.000000811
    2.633555927    0.000004036    0.000004914    0.000000786
    2.640734558    0.000004177    0.000004886    0.000000903
    2.647913189    0.000004393    0.000004881    0.000001237
    2.655091820    0.000004709    0.000004932    0.000001816
    2.662270451    0.000005085    0.000005030    0.000002594
    2.669449082    0.000005415    0.000005130    0.000003436
    2.676627713    0.000005576    0.000005160    0.000004156
    2.683806344    0.000005503    0.000005060    0.000004598
    2.690984975    0.000005255    0.000004831    0.000004740
    2.698163606    0.000005061    0.000004594    0.000004909
    2.705342237    0.000005554    0.000004809    0.000006948
    2.712520868    0.000009642    0.000007734    0.000021339
    2.719699499    0.000032659    0.000025362    0.000104544
    2.726878130    0.000148578    0.000115549    0.000528295
    2.734056761    0.000671537    0.000523999    0.002444908
    2.741235392    0.002770666    0.002165184    0.010141633
    2.748414023    0.010246945    0.008012160    0.037556216
    2.755592654    0.033837212    0.026463001    0.124059448
    2.762771285    0.099676777    0.077959911    0.365486794
    2.769949917    0.261876406    0.204826410    0.960256755
    2.777128548    0.613586648    0.479921388    2.249942392
    2.784307179    1.282109135    1.002815339    4.701344862
    2.791485810    2.389137969    1.868692700    8.760702904
    2.798664441    3.970304104    3.105422528   14.558670958
    2.805843072    5.883995298    4.602240923   21.575971946
    2.813021703    7.776546053    6.082523902   28.515752546
    2.820200334    9.165729206    7.169091384   33.609737779
    2.827378965    9.634143783    7.535467934   35.327363271
    2.834557596    9.030775634    7.063535934   33.114876191
    2.841736227    7.549232956    5.904728477   27.682216367
    2.848914858    5.627901779    4.401934676   20.636897033
    2.856093489    3.741591008    2.926532056   13.719989185
    2.863272120    2.218366080    1.735119764    8.134466980
    2.870450751    1.172962662    0.917431703    4.301021853
    2.877629382    0.553197357    0.432607685    2.028131513
    2.884808013    0.233162645    0.181949996    0.853265111
    2.891986644    0.089917583    0.068356788    0.321963104
    2.899165275    0.040472909    0.023336355    0.116037022
    2.906343907    0.051222155    0.008703177    0.066129883
    2.913522538    0.145270438    0.008131531    0.123624633
    2.920701169    0.429418338    0.019341266    0.347481582
    2.927879800    1.147717069    0.050655665    0.924894011
    2.935058431    2.738730169    0.120659345    2.206315346
    2.942237062    5.828727712    0.256744053    4.695503333
    2.949415693   11.062907176    0.487283504    8.912040296
    2.956594324   18.725421607    0.824784061   15.084797641
    2.963772955   28.265727540    1.244994284   22.770262496
    2.970951586   38.050020003    1.675950902   30.652275529
    2.978130217   45.678922894    2.011970924   36.797951195
    2.985308848   48.903872382    2.154014506   39.395895799
    2.992487479   46.691450870    2.056564358   37.613611636
    2.999666110   39.755633003    1.751068952   32.026261962
    3.006844741   30.187555431    1.329636641   24.318417701
    3.014023372   20.442181897    0.900410787   16.467717400
    3.021202003   12.345476657    0.543881687    9.944973544
    3.028380634    6.650631018    0.293520253    5.356273876
    3.035559265    3.202130902    0.143675997    2.573641734
    3.042737896    1.402727793    0.072298039    1.106378619
    3.049916528    0.646449950    0.065864686    0.436721976
    3.057095159    0.570937875    0.143732934    0.193368696
    3.064273790    1.165319329    0.386723279    0.184799409
    3.071452421    2.817445169    0.970056554    0.367965389
    3.078631052    6.307988809    2.180704914    0.803945480
    3.085809683   12.647270288    4.374143996    1.607559051
    3.092988314   22.623672457    7.824919446    2.874792790
    3.100166945   36.092436519   12.483465737    4.586121725
    3.107345576   51.349641052   17.760557487    6.524769036
    3.114524207   65.151548010   22.534290618    8.278513143
    3.121702838   73.718755308   25.497468312    9.367113534
    3.128881469   74.387027464   25.728599199    9.452036186
    3.136060100   66.939499016   23.152676652    8.505722825
    3.143238731   53.719740578   18.580285538    6.825957096
    3.150417362   38.446057915   13.297496904    4.885204338
    3.157595993   24.537858053    8.486998793    3.117952158
    3.164774624   13.966555886    4.830652501    1.774701802
    3.171953255    7.089454251    2.452031699    0.900865238
    3.179131886    3.209442129    1.109985403    0.407913475
    3.186310518    1.296570512    0.448110643    0.165208503
    3.193489149    0.470851294    0.161348306    0.061944988
    3.200667780    0.167527443    0.051858682    0.030271295
    3.207846411    0.107026848    0.015035361    0.048008693
    3.215025042    0.217829820    0.004447832    0.146058738
    3.222203673    0.598053184    0.002811501    0.441423145
    3.229382304    1.530703757    0.005342569    1.206266647
    3.236560935    3.509351001    0.012312364    2.957865394
    3.243739566    7.184229522    0.026159632    6.504236001
    3.250918197   13.131034341    0.049923786   12.824729765
    3.258096828   21.430992270    0.085420288   22.671600658
    3.265275459   31.238190573    0.131037255   35.927439115
    3.272454090   40.673774693    0.180244622   51.025739092
    3.279632721   47.317484319    0.222346702   64.932786785
    3.286811352   49.193731713    0.246088853   74.016990634
    3.293989983   45.718316592    0.244860550   75.555735475
    3.301168614   37.991339838    0.221124078   69.049484469
    3.308347245   28.237900858    0.189049186   56.490661154
    3.315525876   18.781627158    0.177950126   41.404343477
    3.322704508   11.190835239    0.242140201   27.311044942
    3.329883139    5.998549094    0.480701748   16.557032079
    3.337061770    2.948516112    1.059640113   10.031923876
    3.344240401    1.443707239    2.210665991    7.599719484
    3.351419032    0.899922392    4.169087990    8.680726471
    3.358597663    0.894021355    7.032564078   12.530841239
    3.365776294    1.154864362   10.586017800   18.159441797
    3.372954925    1.498208204   14.212774685   24.171929298
    3.380133556    1.781099769   17.017919131   28.887101663
    3.387312187    1.899368007   18.172450934   30.832833791
    3.394490818    1.809689769   17.307722263   29.358645252
    3.401669449    1.543196075   14.709350471   24.932746054
    3.408848080    1.192861048   11.181542389   18.886129151
    3.416026711    0.886443863    7.690904480   12.767365369
    3.423205342    0.775400447    5.047486440    7.724340808
    3.430383973    1.061271472    3.819089985    4.238514388
    3.437562604    2.046301907    4.470395968    2.237990720
    3.444741235    4.151271196    7.533675470    1.386024940
    3.451919866    7.820109136   13.569297314    1.322111032
    3.459098497   13.267602940   22.795109946    1.757095692
    3.466277129   20.144320459   34.521703255    2.453629094
    3.473455760   27.336737689   46.796740745    3.179971480
    3.480634391   33.149432299   56.701994181    3.707116133
    3.487813022   35.919460498   61.394172183    3.861129712
    3.494991653   34.778570052   59.400015976    3.587975105
    3.502170284   30.090270557   51.354438426    2.973847311
    3.509348915   23.263473219   39.673774941    2.198371960
    3.516527546   16.071469041   27.388155456    1.449438120
    3.523706177    9.921205625   16.894771707    0.852373130
    3.530884808    5.472598132    9.312494112    0.447146127
    3.538063439    2.697324616    4.586673691    0.209444529
    3.545242070    1.187891269    2.018691536    0.088455739
    3.552420701    0.467486788    0.794580765    0.037397229
    3.559599332    0.164674866    0.282352163    0.030041771
    3.566777963    0.053127236    0.099958441    0.071542976
    3.573956594    0.020715553    0.064001839    0.218162339
    3.581135225    0.027715572    0.118243986    0.617833683
    3.588313856    0.086849118    0.286606223    1.569381410
    3.595492487    0.281431998    0.651670513    3.568842216
    3.602671119    0.836002721    1.340486125    7.277009486
    3.609849750    2.248517443    2.501697746   13.340879880
    3.617028381    5.455583688    4.276684379   22.076437996
    3.624207012   11.914712717    6.788069122   33.153581109
    3.631385643   23.388433342   10.161764862   45.498523666
    3.638564274   41.229726288   14.546302499   57.520305058
    3.645742905   65.239861995   20.039337240   67.526313579
    3.652921536   92.659660074   26.473566775   74.064089919
    3.660100167  118.193096820   33.190415518   76.080656853
    3.667278798  135.650682916   39.099801600   73.045934518
    3.674457429  140.768185918   43.246005028   65.193576901
    3.681636060  133.689165350   45.705105695   53.751368498
    3.688814691  119.463553263   48.207447348   40.839452740
    3.695993322  105.996105229   53.830011315   28.908489045
    3.703171953  100.418654739   65.591718405   19.978785556
    3.710350584  105.761291276   84.527462619   15.090659921
    3.717529215  119.577625352  108.318725633   14.163977383
    3.724707846  135.144612968  131.450285699   16.183059881
    3.731886477  144.609109054  147.109644165   19.557540357
    3.739065109  142.531643786  150.016029225   22.610956040
    3.746243740  128.121398319  138.707460778   24.178540186
    3.753422371  105.224662419  116.048787740   24.170701033
    3.760601002   80.396686790   87.769905573   23.834150052
    3.767779633   60.293251361   59.981376277   25.482777265
    3.774958264   49.588021244   37.049883959   31.659690006
    3.782136895   49.907783538   20.739177013   43.924745173
    3.789315526   59.662631443   10.620750217   61.703541898
    3.796494157   74.599511427    5.118276167   81.836912864
    3.803672788   89.118027767    2.487350479   99.389729488
    3.810851419   98.228343584    1.369367761  109.651864491
    3.818030050   99.423245628    0.926002424  110.328885913
    3.825208681   93.381517650    0.736670570  102.502869054
    3.832387312   82.990836825    0.633794802   89.671511964
    3.839565943   71.379388363    0.572347946   75.595622420
    3.846744574   60.372976912    0.564741428   62.535479765
    3.853923205   50.331085390    0.679823237   50.960576498
    3.861101836   41.133706400    1.091578610   40.522461182
    3.868280467   33.301765509    2.149241562   31.218274180
    3.875459098   28.394411736    4.412526686   23.857529975
    3.882637730   28.517075100    8.562520739   19.716457340
    3.889816361   35.282136924   15.108493824   19.807705285
    3.896994992   48.683858896   23.925115069   24.214688623
    3.904173623   66.361621768   33.857944960   31.740847563
    3.911352254   83.767901663   42.764358386   40.023131191
    3.918530885   95.543140466   48.199431304   46.196357299
    3.925709516   97.706774644   48.509157986   47.955247866
    3.932888147   89.515973391   43.693998126   44.514119829
    3.940066778   73.810771376   35.462373925   36.882369193
    3.947245409   55.593249642   26.428431453   27.267856994
    3.954424040   39.745989040   18.971911373   18.007803625
    3.961602671   29.205534188   14.405275246   10.696212548
    3.968781302   24.364960457   12.769816679    5.932897771
    3.975959933   23.627846820   13.174501875    3.644056248
    3.983138564   24.548492536   14.397321689    3.618468121
    3.990317195   24.973872022   15.478573100    5.900515678
    3.997495826   23.781628760   16.100208283   10.846319231
    4.004674457   21.016030655   16.619569341   18.829015706
    4.011853088   17.474957962   17.756488310   29.738405951
    4.019031720   14.056953270   20.100381091   42.553846109
    4.026210351   11.269392370   23.694301035   55.294349306
    4.033388982    9.130086163   27.893885151   65.476228108
    4.040567613    7.396040771   31.549086524   70.904829379
    4.047746244    5.865046741   33.422383812   70.418618774
    4.054924875    4.532043311   32.677594277   64.249274208
    4.062103506    3.551854989   29.235007739   53.886418215
    4.069282137    3.096696250   23.815072258   41.550689038
    4.076460768    3.221153012   17.630107696   29.493287879
    4.083639399    3.798818926   11.885388516   19.376619388
    4.090818030    4.545333134    7.365505337   11.955584220
    4.097996661    5.115128792    4.305208721    7.146713445
    4.105175292    5.234829127    2.545381015    4.386859284
    4.112353923    4.811199099    1.821936061    3.065733370
    4.119532554    3.954292658    2.018341518    2.838612302
    4.126711185    2.903869367    3.281662128    3.732329943
    4.133889816    1.908431530    5.964362254    6.044846130
    4.141068447    1.129580947   10.387644258   10.073356766
    4.148247078    0.613703411   16.481573395   15.745078726
    4.155425710    0.321899137   23.472414448   22.313455530
    4.162604341    0.180532340   29.871795800   28.351478136
    4.169782972    0.120476119   33.924275521   32.181181047
    4.176961603    0.094569780   34.364965273   32.594612061
    4.184140234    0.078731407   31.046798184   29.449110456
    4.191318865    0.066224405   25.014667088   23.738184567
    4.198497496    0.061830103   17.974078815   17.090327353
    4.205676127    0.078855045   11.518142230   11.041350541
    4.212854758    0.138653883    6.583382335    6.524004459
    4.220033389    0.269325998    3.357872741    3.779911726
    4.227212020    0.498421428    1.532561701    2.580507631
    4.234390651    0.836705832    0.637386413    2.507312224
    4.241569282    1.257838090    0.274950147    3.126445772
    4.248747913    1.688047668    0.214926550    4.055103252
    4.255926544    2.020824429    0.407640370    5.009613010
    4.263105175    2.157718799    0.981647933    5.898494544
    4.270283806    2.054998746    2.241773214    6.928168954
    4.277462437    1.746227881    4.626333797    8.610125336
    4.284641068    1.325030983    8.557482011   11.565928565
    4.291819699    0.900235264   14.167093613   16.138787458
    4.298998331    0.553136763   21.006348425   21.988105174
    4.306176962    0.320505693   27.964684435   27.951356501
    4.313355593    0.206430522   33.584615326   32.376909185
    4.320534224    0.210004692   36.703473833   33.842334444
    4.327712855    0.352658144   37.048578713   31.859926630
    4.334891486    0.692847589   35.355047074   27.117715043
    4.342070117    1.318888249   32.884217862   21.107446011
    4.349248748    2.314063085   30.662739156   15.412364741
    4.356427379    3.699448781   28.959133558   11.108955274
    4.363606010    5.379493648   27.311714299    8.561886986
    4.370784641    7.127563570   25.012257787    7.571516654
    4.377963272    8.634081997   21.661972272    7.649356294
    4.385141903    9.601421306   17.434110648    8.234991523
    4.392320534    9.838504348   12.937385950    8.811337541
    4.399499165    9.312322827    8.854095465    8.972012080
    4.406677796    8.145040188    5.627243135    8.488055349
    4.413856427    6.570905576    3.360861057    7.358654076
    4.421035058    4.871210586    1.911747526    5.795454332
    4.428213689    3.302523642    1.045586335    4.122472694
    4.435392321    2.037357722    0.550134871    2.638068260
    4.442570952    1.138371379    0.275901058    1.514556868
    4.449749583    0.573840125    0.129936254    0.778647678
    4.456928214    0.260156125    0.056590048    0.358009727
    4.464106845    0.105824466    0.022509359    0.147085392
    4.471285476    0.038556393    0.008105760    0.053965460
    4.478464107    0.012567440    0.002629053    0.017676554
    4.485642738    0.003662555    0.000770635    0.005171908
    4.492821369    0.000955750    0.000226572    0.001368887
    4.500000000    0.000227868    0.000166404    0.000404859
