# energy grid [eV]  eels components [arbitrary units]
#
    0.200000000    0.000000000    0.000000000    0.000000000
    0.207178631    0.000000000    0.000000000    0.000000000
    0.214357262    0.000000000    0.000000000    0.000000000
    0.221535893    0.000000000    0.000000000    0.000000000
    0.228714524    0.000000000    0.000000000    0.000000000
    0.235893155    0.000000000    0.000000000    0.000000000
    0.243071786    0.000000000    0.000000000    0.000000000
    0.250250417    0.000000000    0.000000000    0.000000000
    0.257429048    0.000000000    0.000000000    0.000000000
    0.264607679    0.000000000    0.000000000    0.000000000
    0.271786311    0.000000000    0.000000000    0.000000000
    0.278964942    0.000000000    0.000000000    0.000000000
    0.286143573    0.000000000    0.000000000    0.000000000
    0.293322204    0.000000000    0.000000000    0.000000000
    0.300500835    0.000000000    0.000000000    0.000000000
    0.307679466    0.000000000    0.000000000    0.000000000
    0.314858097    0.000000000    0.000000000    0.000000000
    0.322036728    0.000000000    0.000000000    0.000000000
    0.329215359    0.000000000    0.000000000    0.000000000
    0.336393990    0.000000000    0.000000000    0.000000000
    0.343572621    0.000000000    0.000000000    0.000000000
    0.350751252    0.000000000    0.000000000    0.000000000
    0.357929883    0.000000000    0.000000000    0.000000000
    0.365108514    0.000000000    0.000000000    0.000000000
    0.372287145    0.000000000    0.000000000    0.000000000
    0.379465776    0.000000000    0.000000000    0.000000000
    0.386644407    0.000000000    0.000000000    0.000000000
    0.393823038    0.000000000    0.000000000    0.000000000
    0.401001669    0.000000000    0.000000000    0.000000000
    0.408180301    0.000000000    0.000000000    0.000000000
    0.415358932    0.000000000    0.000000000    0.000000000
    0.422537563    0.000000000    0.000000000    0.000000000
    0.429716194    0.000000000    0.000000000    0.000000000
    0.436894825    0.000000000    0.000000000    0.000000000
    0.444073456    0.000000000    0.000000000    0.000000000
    0.451252087    0.000000000    0.000000000    0.000000000
    0.458430718    0.000000000    0.000000000    0.000000000
    0.465609349    0.000000000    0.000000000    0.000000000
    0.472787980    0.000000000    0.000000000    0.000000000
    0.479966611    0.000000000    0.000000000    0.000000000
    0.487145242    0.000000000    0.000000000    0.000000000
    0.494323873    0.000000000    0.000000000    0.000000000
    0.501502504    0.000000000    0.000000000    0.000000000
    0.508681135    0.000000000    0.000000000    0.000000000
    0.515859766    0.000000000    0.000000000    0.000000000
    0.523038397    0.000000000    0.000000000    0.000000000
    0.530217028    0.000000000    0.000000000    0.000000000
    0.537395659    0.000000000    0.000000000    0.000000000
    0.544574290    0.000000000    0.000000000    0.000000000
    0.551752922    0.000000000    0.000000000    0.000000000
    0.558931553    0.000000000    0.000000000    0.000000000
    0.566110184    0.000000000    0.000000000    0.000000000
    0.573288815    0.000000000    0.000000000    0.000000000
    0.580467446    0.000000000    0.000000000    0.000000000
    0.587646077    0.000000000    0.000000000    0.000000000
    0.594824708    0.000000000    0.000000000    0.000000000
    0.602003339    0.000000000    0.000000000    0.000000000
    0.609181970    0.000000000    0.000000000    0.000000000
    0.616360601    0.000000000    0.000000000    0.000000000
    0.623539232    0.000000000    0.000000000    0.000000000
    0.630717863    0.000000000    0.000000000    0.000000000
    0.637896494    0.000000000    0.000000000    0.000000000
    0.645075125    0.000000000    0.000000000    0.000000000
    0.652253756    0.000000000    0.000000000    0.000000000
    0.659432387    0.000000000    0.000000000    0.000000000
    0.666611018    0.000000000    0.000000000    0.000000000
    0.673789649    0.000000000    0.000000000    0.000000000
    0.680968280    0.000000000    0.000000000    0.000000000
    0.688146912    0.000000000    0.000000000    0.000000000
    0.695325543    0.000000000    0.000000000    0.000000000
    0.702504174    0.000000000    0.000000000    0.000000000
    0.709682805    0.000000000    0.000000000    0.000000000
    0.716861436    0.000000000    0.000000000    0.000000000
    0.724040067    0.000000000    0.000000000    0.000000000
    0.731218698    0.000000000    0.000000000    0.000000000
    0.738397329    0.000000000    0.000000000    0.000000000
    0.745575960    0.000000000    0.000000000    0.000000000
    0.752754591    0.000000000    0.000000000    0.000000000
    0.759933222    0.000000000    0.000000000    0.000000000
    0.767111853    0.000000000    0.000000000    0.000000000
    0.774290484    0.000000000    0.000000000    0.000000000
    0.781469115    0.000000000    0.000000000    0.000000000
    0.788647746    0.000000000    0.000000000    0.000000000
    0.795826377    0.000000000    0.000000000    0.000000000
    0.803005008    0.000000000    0.000000000    0.000000000
    0.810183639    0.000000000    0.000000000    0.000000000
    0.817362270    0.000000000    0.000000000    0.000000000
    0.824540902    0.000000000    0.000000000    0.000000000
    0.831719533    0.000000000    0.000000000    0.000000000
    0.838898164    0.000000000    0.000000000    0.000000000
    0.846076795    0.000000000    0.000000000    0.000000000
    0.853255426    0.000000000    0.000000000    0.000000000
    0.860434057    0.000000000    0.000000000    0.000000000
    0.867612688    0.000000000    0.000000000    0.000000000
    0.874791319    0.000000000    0.000000001    0.000000000
    0.881969950    0.000000000    0.000000001    0.000000000
    0.889148581    0.000000000    0.000000001    0.000000000
    0.896327212    0.000000000    0.000000001    0.000000000
    0.903505843    0.000000000    0.000000001    0.000000000
    0.910684474    0.000000000    0.000000001    0.000000000
    0.917863105    0.000000000    0.000000001    0.000000000
    0.925041736    0.000000000    0.000000001    0.000000000
    0.932220367    0.000000000    0.000000000    0.000000000
    0.939398998    0.000000000    0.000000000    0.000000000
    0.946577629    0.000000000    0.000000000    0.000000000
    0.953756260    0.000000000    0.000000000    0.000000000
    0.960934891    0.000000000    0.000000000    0.000000000
    0.968113523    0.000000000    0.000000000    0.000000000
    0.975292154    0.000000000    0.000000000    0.000000000
    0.982470785    0.000000000    0.000000000    0.000000000
    0.989649416    0.000000000    0.000000000    0.000000000
    0.996828047    0.000000000    0.000000000    0.000000000
    1.004006678    0.000000000    0.000000000    0.000000000
    1.011185309    0.000000000    0.000000000    0.000000000
    1.018363940    0.000000000    0.000000000    0.000000000
    1.025542571    0.000000000    0.000000000    0.000000000
    1.032721202    0.000000000    0.000000000    0.000000000
    1.039899833    0.000000000    0.000000000    0.000000000
    1.047078464    0.000000000    0.000000000    0.000000000
    1.054257095    0.000000000    0.000000000    0.000000000
    1.061435726    0.000000000    0.000000000    0.000000000
    1.068614357    0.000000000    0.000000000    0.000000000
    1.075792988    0.000000000    0.000000000    0.000000000
    1.082971619    0.000000000    0.000000000    0.000000000
    1.090150250    0.000000000    0.000000000    0.000000000
    1.097328881    0.000000000    0.000000000    0.000000000
    1.104507513    0.000000000    0.000000000    0.000000000
    1.111686144    0.000000000    0.000000000    0.000000000
    1.118864775    0.000000000    0.000000000    0.000000000
    1.126043406    0.000000000    0.000000000    0.000000000
    1.133222037    0.000000000    0.000000000    0.000000000
    1.140400668    0.000000000    0.000000000    0.000000000
    1.147579299    0.000000000    0.000000000    0.000000000
    1.154757930    0.000000000    0.000000000    0.000000000
    1.161936561    0.000000000    0.000000000    0.000000000
    1.169115192    0.000000000    0.000000000    0.000000000
    1.176293823    0.000000000    0.000000000    0.000000000
    1.183472454    0.000000000    0.000000000    0.000000000
    1.190651085    0.000000000    0.000000000    0.000000000
    1.197829716    0.000000000    0.000000000    0.000000000
    1.205008347    0.000000000    0.000000000    0.000000000
    1.212186978    0.000000000    0.000000000    0.000000000
    1.219365609    0.000000000    0.000000000    0.000000000
    1.226544240    0.000000000    0.000000000    0.000000000
    1.233722871    0.000000000    0.000000000    0.000000000
    1.240901503    0.000000000    0.000000000    0.000000000
    1.248080134    0.000000000    0.000000000    0.000000000
    1.255258765    0.000000000    0.000000000    0.000000000
    1.262437396    0.000000000    0.000000000    0.000000000
    1.269616027    0.000000000    0.000000000    0.000000000
    1.276794658    0.000000000    0.000000000    0.000000000
    1.283973289    0.000000000    0.000000000    0.000000000
    1.291151920    0.000000000    0.000000000    0.000000000
    1.298330551    0.000000000    0.000000000    0.000000000
    1.305509182    0.000000000    0.000000000    0.000000000
    1.312687813    0.000000000    0.000000000    0.000000000
    1.319866444    0.000000000    0.000000000    0.000000000
    1.327045075    0.000000000    0.000000000    0.000000000
    1.334223706    0.000000000    0.000000000    0.000000000
    1.341402337    0.000000000    0.000000000    0.000000000
    1.348580968    0.000000000    0.000000000    0.000000000
    1.355759599    0.000000000    0.000000000    0.000000000
    1.362938230    0.000000000    0.000000000    0.000000000
    1.370116861    0.000000000    0.000000000    0.000000000
    1.377295492    0.000000000    0.000000000    0.000000000
    1.384474124    0.000000000    0.000000000    0.000000000
    1.391652755    0.000000000    0.000000000    0.000000000
    1.398831386    0.000000000    0.000000000    0.000000000
    1.406010017    0.000000000    0.000000000    0.000000000
    1.413188648    0.000000000    0.000000000    0.000000000
    1.420367279    0.000000000    0.000000000    0.000000000
    1.427545910    0.000000000    0.000000000    0.000000000
    1.434724541    0.000000000    0.000000000    0.000000000
    1.441903172    0.000000000    0.000000000    0.000000000
    1.449081803    0.000000000    0.000000000    0.000000000
    1.456260434    0.000000000    0.000000000    0.000000000
    1.463439065    0.000000000    0.000000000    0.000000000
    1.470617696    0.000000000    0.000000000    0.000000000
    1.477796327    0.000000000    0.000000000    0.000000000
    1.484974958    0.000000000    0.000000000    0.000000000
    1.492153589    0.000000000    0.000000000    0.000000000
    1.499332220    0.000000000    0.000000000    0.000000000
    1.506510851    0.000000000    0.000000000    0.000000000
    1.513689482    0.000000001    0.000000000    0.000000000
    1.520868114    0.000000001    0.000000000    0.000000000
    1.528046745    0.000000001    0.000000000    0.000000000
    1.535225376    0.000000001    0.000000000    0.000000000
    1.542404007    0.000000001    0.000000000    0.000000000
    1.549582638    0.000000001    0.000000000    0.000000000
    1.556761269    0.000000001    0.000000000    0.000000000
    1.563939900    0.000000000    0.000000000    0.000000000
    1.571118531    0.000000000    0.000000000    0.000000000
    1.578297162    0.000000000    0.000000000    0.000000000
    1.585475793    0.000000000    0.000000000    0.000000000
    1.592654424    0.000000000    0.000000000    0.000000000
    1.599833055    0.000000000    0.000000000    0.000000000
    1.607011686    0.000000000    0.000000000    0.000000000
    1.614190317    0.000000000    0.000000000    0.000000000
    1.621368948    0.000000000    0.000000000    0.000000000
    1.628547579    0.000000000    0.000000000    0.000000000
    1.635726210    0.000000000    0.000000000    0.000000000
    1.642904841    0.000000000    0.000000000    0.000000000
    1.650083472    0.000000000    0.000000000    0.000000000
    1.657262104    0.000000000    0.000000000    0.000000000
    1.664440735    0.000000000    0.000000000    0.000000000
    1.671619366    0.000000000    0.000000000    0.000000000
    1.678797997    0.000000000    0.000000000    0.000000000
    1.685976628    0.000000000    0.000000000    0.000000000
    1.693155259    0.000000000    0.000000000    0.000000000
    1.700333890    0.000000000    0.000000000    0.000000000
    1.707512521    0.000000000    0.000000000    0.000000000
    1.714691152    0.000000000    0.000000000    0.000000000
    1.721869783    0.000000000    0.000000000    0.000000000
    1.729048414    0.000000000    0.000000000    0.000000000
    1.736227045    0.000000000    0.000000000    0.000000000
    1.743405676    0.000000000    0.000000000    0.000000000
    1.750584307    0.000000000    0.000000000    0.000000000
    1.757762938    0.000000000    0.000000000    0.000000000
    1.764941569    0.000000000    0.000000000    0.000000000
    1.772120200    0.000000000    0.000000000    0.000000000
    1.779298831    0.000000000    0.000000000    0.000000000
    1.786477462    0.000000000    0.000000000    0.000000000
    1.793656093    0.000000000    0.000000000    0.000000000
    1.800834725    0.000000000    0.000000000    0.000000000
    1.808013356    0.000000000    0.000000000    0.000000000
    1.815191987    0.000000000    0.000000000    0.000000000
    1.822370618    0.000000000    0.000000000    0.000000000
    1.829549249    0.000000000    0.000000000    0.000000000
    1.836727880    0.000000000    0.000000000    0.000000000
    1.843906511    0.000000000    0.000000000    0.000000000
    1.851085142    0.000000000    0.000000000    0.000000000
    1.858263773    0.000000000    0.000000000    0.000000000
    1.865442404    0.000000000    0.000000000    0.000000000
    1.872621035    0.000000000    0.000000000    0.000000000
    1.879799666    0.000000000    0.000000000    0.000000000
    1.886978297    0.000000000    0.000000000    0.000000000
    1.894156928    0.000000000    0.000000000    0.000000000
    1.901335559    0.000000000    0.000000000    0.000000000
    1.908514190    0.000000000    0.000000000    0.000000001
    1.915692821    0.000000000    0.000000000    0.000000001
    1.922871452    0.000000000    0.000000001    0.000000002
    1.930050083    0.000000000    0.000000001    0.000000002
    1.937228715    0.000000000    0.000000001    0.000000003
    1.944407346    0.000000000    0.000000001    0.000000004
    1.951585977    0.000000000    0.000000001    0.000000004
    1.958764608    0.000000001    0.000000002    0.000000004
    1.965943239    0.000000001    0.000000002    0.000000003
    1.973121870    0.000000001    0.000000002    0.000000003
    1.980300501    0.000000001    0.000000002    0.000000002
    1.987479132    0.000000001    0.000000002    0.000000001
    1.994657763    0.000000001    0.000000002    0.000000001
    2.001836394    0.000000001    0.000000002    0.000000001
    2.009015025    0.000000001    0.000000002    0.000000001
    2.016193656    0.000000001    0.000000002    0.000000001
    2.023372287    0.000000001    0.000000002    0.000000001
    2.030550918    0.000000001    0.000000001    0.000000000
    2.037729549    0.000000001    0.000000001    0.000000000
    2.044908180    0.000000001    0.000000001    0.000000000
    2.052086811    0.000000001    0.000000001    0.000000000
    2.059265442    0.000000001    0.000000001    0.000000000
    2.066444073    0.000000001    0.000000001    0.000000000
    2.073622705    0.000000001    0.000000001    0.000000000
    2.080801336    0.000000001    0.000000001    0.000000000
    2.087979967    0.000000001    0.000000001    0.000000001
    2.095158598    0.000000001    0.000000001    0.000000001
    2.102337229    0.000000001    0.000000001    0.000000001
    2.109515860    0.000000001    0.000000002    0.000000001
    2.116694491    0.000000001    0.000000002    0.000000002
    2.123873122    0.000000001    0.000000002    0.000000003
    2.131051753    0.000000001    0.000000002    0.000000004
    2.138230384    0.000000001    0.000000002    0.000000005
    2.145409015    0.000000001    0.000000003    0.000000006
    2.152587646    0.000000001    0.000000003    0.000000006
    2.159766277    0.000000002    0.000000002    0.000000006
    2.166944908    0.000000002    0.000000002    0.000000005
    2.174123539    0.000000002    0.000000002    0.000000004
    2.181302170    0.000000002    0.000000001    0.000000003
    2.188480801    0.000000002    0.000000001    0.000000002
    2.195659432    0.000000002    0.000000001    0.000000001
    2.202838063    0.000000002    0.000000001    0.000000001
    2.210016694    0.000000002    0.000000001    0.000000001
    2.217195326    0.000000001    0.000000001    0.000000001
    2.224373957    0.000000001    0.000000001    0.000000001
    2.231552588    0.000000001    0.000000001    0.000000001
    2.238731219    0.000000001    0.000000001    0.000000001
    2.245909850    0.000000001    0.000000000    0.000000001
    2.253088481    0.000000000    0.000000000    0.000000001
    2.260267112    0.000000000    0.000000000    0.000000001
    2.267445743    0.000000000    0.000000000    0.000000000
    2.274624374    0.000000000    0.000000000    0.000000000
    2.281803005    0.000000000    0.000000000    0.000000000
    2.288981636    0.000000000    0.000000000    0.000000000
    2.296160267    0.000000000    0.000000000    0.000000000
    2.303338898    0.000000000    0.000000000    0.000000000
    2.310517529    0.000000000    0.000000000    0.000000000
    2.317696160    0.000000001    0.000000000    0.000000000
    2.324874791    0.000000001    0.000000001    0.000000000
    2.332053422    0.000000002    0.000000001    0.000000000
    2.339232053    0.000000003    0.000000001    0.000000000
    2.346410684    0.000000005    0.000000002    0.000000001
    2.353589316    0.000000007    0.000000002    0.000000001
    2.360767947    0.000000010    0.000000003    0.000000001
    2.367946578    0.000000012    0.000000003    0.000000002
    2.375125209    0.000000013    0.000000003    0.000000002
    2.382303840    0.000000013    0.000000002    0.000000002
    2.389482471    0.000000012    0.000000002    0.000000003
    2.396661102    0.000000011    0.000000002    0.000000003
    2.403839733    0.000000009    0.000000002    0.000000003
    2.411018364    0.000000006    0.000000002    0.000000003
    2.418196995    0.000000005    0.000000002    0.000000003
    2.425375626    0.000000004    0.000000001    0.000000003
    2.432554257    0.000000003    0.000000002    0.000000002
    2.439732888    0.000000004    0.000000002    0.000000002
    2.446911519    0.000000005    0.000000003    0.000000002
    2.454090150    0.000000007    0.000000005    0.000000002
    2.461268781    0.000000009    0.000000009    0.000000001
    2.468447412    0.000000011    0.000000013    0.000000001
    2.475626043    0.000000011    0.000000018    0.000000001
    2.482804674    0.000000011    0.000000022    0.000000001
    2.489983306    0.000000010    0.000000024    0.000000001
    2.497161937    0.000000009    0.000000024    0.000000001
    2.504340568    0.000000007    0.000000022    0.000000002
    2.511519199    0.000000006    0.000000018    0.000000002
    2.518697830    0.000000005    0.000000014    0.000000002
    2.525876461    0.000000004    0.000000010    0.000000001
    2.533055092    0.000000003    0.000000007    0.000000001
    2.540233723    0.000000003    0.000000005    0.000000001
    2.547412354    0.000000002    0.000000003    0.000000001
    2.554590985    0.000000002    0.000000003    0.000000001
    2.561769616    0.000000002    0.000000003    0.000000001
    2.568948247    0.000000002    0.000000005    0.000000001
    2.576126878    0.000000002    0.000000012    0.000000001
    2.583305509    0.000000004    0.000000040    0.000000001
    2.590484140    0.000000012    0.000000163    0.000000002
    2.597662771    0.000000052    0.000000706    0.000000008
    2.604841402    0.000000224    0.000002917    0.000000029
    2.612020033    0.000000889    0.000010931    0.000000113
    2.619198664    0.000003168    0.000036527    0.000000397
    2.626377295    0.000010090    0.000108118    0.000001256
    2.633555927    0.000028661    0.000282484    0.000003546
    2.640734558    0.000072568    0.000649274    0.000008931
    2.647913189    0.000163724    0.001305801    0.000020055
    2.655091820    0.000329061    0.002275984    0.000040142
    2.662270451    0.000589020    0.003395081    0.000071606
    2.669449082    0.000938998    0.004326175    0.000113835
    2.676627713    0.001334774    0.004883416    0.000161327
    2.683806344    0.001702122    0.005470117    0.000204124
    2.690984975    0.001982776    0.007893934    0.000231632
    2.698163606    0.002131589    0.015454698    0.000236256
    2.705342237    0.002013347    0.016551478    0.000213925
    2.712520868    0.001636921    0.017658492    0.000171168
    2.719699499    0.001170705    0.023524340    0.000121676
    2.726878130    0.000745040    0.036727348    0.000077056
    2.734056761    0.000423123    0.068329114    0.000043502
    2.741235392    0.000214526    0.155392165    0.000021895
    2.748414023    0.000097086    0.131515292    0.000009824
    2.755592654    0.000039211    0.023606743    0.000003929
    2.762771285    0.000014131    0.004522103    0.000001401
    2.769949917    0.000004545    0.000952995    0.000000445
    2.777128548    0.000001305    0.000201934    0.000000126
    2.784307179    0.000000335    0.000041038    0.000000032
    2.791485810    0.000000078    0.000007801    0.000000008
    2.798664441    0.000000018    0.000001368    0.000000002
    2.805843072    0.000000005    0.000000221    0.000000002
    2.813021703    0.000000003    0.000000035    0.000000002
    2.820200334    0.000000004    0.000000009    0.000000003
    2.827378965    0.000000004    0.000000007    0.000000005
    2.834557596    0.000000004    0.000000009    0.000000006
    2.841736227    0.000000004    0.000000013    0.000000008
    2.848914858    0.000000004    0.000000019    0.000000009
    2.856093489    0.000000003    0.000000026    0.000000011
    2.863272120    0.000000003    0.000000035    0.000000013
    2.870450751    0.000000004    0.000000053    0.000000018
    2.877629382    0.000000008    0.000000119    0.000000045
    2.884808013    0.000000029    0.000000420    0.000000174
    2.891986644    0.000000125    0.000001698    0.000000736
    2.899165275    0.000000510    0.000006491    0.000002885
    2.906343907    0.000001873    0.000022335    0.000010126
    2.913522538    0.000006153    0.000068385    0.000031553
    2.920701169    0.000018018    0.000185578    0.000087066
    2.927879800    0.000047004    0.000445196    0.000212306
    2.935058431    0.000109192    0.000940861    0.000456284
    2.942237062    0.000225778    0.001741275    0.000860610
    2.949415693    0.000415379    0.002796388    0.001415282
    2.956594324    0.000679761    0.003869730    0.002018733
    2.963772955    0.000990059    0.004674979    0.002521133
    2.970951586    0.001288659    0.005258883    0.002903807
    2.978130217    0.001521857    0.006581809    0.003597422
    2.985308848    0.001669738    0.012296353    0.006300786
    2.992487479    0.001646546    0.022355968    0.012340758
    2.999666110    0.001385289    0.026986526    0.015540439
    3.006844741    0.001015929    0.034716259    0.014262289
    3.014023372    0.000669841    0.042523012    0.010317826
    3.021202003    0.000411891    0.035585851    0.007196406
    3.028380634    0.000255891    0.021076148    0.005660716
    3.035559265    0.000187853    0.013170534    0.005005713
    3.042737896    0.000193759    0.010327813    0.005040148
    3.049916528    0.000287941    0.010700672    0.007017298
    3.057095159    0.000536052    0.013984099    0.013558917
    3.064273790    0.001055898    0.014574860    0.017486867
    3.071452421    0.001974636    0.010679828    0.019538388
    3.078631052    0.003319970    0.007015814    0.018803497
    3.085809683    0.004882387    0.004916274    0.014273788
    3.092988314    0.006256414    0.003982330    0.010332553
    3.100166945    0.007271101    0.003652085    0.008255331
    3.107345576    0.008763315    0.003626525    0.008165969
    3.114524207    0.014655671    0.004007139    0.011864758
    3.121702838    0.030938818    0.004662012    0.012464935
    3.128881469    0.041244338    0.004713187    0.009902919
    3.136060100    0.052343144    0.004598783    0.010764971
    3.143238731    0.066964716    0.004860717    0.013689862
    3.150417362    0.062937988    0.005290677    0.018733957
    3.157595993    0.033646250    0.005519065    0.027828825
    3.164774624    0.012914459    0.005575264    0.049589136
    3.171953255    0.004471492    0.006241658    0.113503879
    3.179131886    0.001488785    0.010119174    0.203096080
    3.186310518    0.000493468    0.014260124    0.231851414
    3.193489149    0.000174012    0.012260938    0.139528326
    3.200667780    0.000070729    0.013568977    0.043493231
    3.207846411    0.000033231    0.017905965    0.014263448
    3.215025042    0.000016559    0.026085183    0.005147358
    3.222203673    0.000008023    0.042119910    0.001897112
    3.229382304    0.000003605    0.086303093    0.000679255
    3.236560935    0.000001475    0.363917855    0.000229411
    3.243739566    0.000000548    0.066386853    0.000071802
    3.250918197    0.000000189    0.006085825    0.000020604
    3.258096828    0.000000071    0.000905387    0.000005409
    3.265275459    0.000000072    0.000153800    0.000001389
    3.272454090    0.000000253    0.000027329    0.000000724
    3.279632721    0.000001044    0.000007053    0.000001751
    3.286811352    0.000003952    0.000008645    0.000005875
    3.293989983    0.000013386    0.000023584    0.000018223
    3.301168614    0.000040436    0.000065148    0.000050578
    3.308347245    0.000108847    0.000165782    0.000125065
    3.315525876    0.000260934    0.000383077    0.000274928
    3.322704508    0.000556661    0.000798436    0.000536225
    3.329883139    0.001055461    0.001491805    0.000925769
    3.337061770    0.001774983    0.002478860    0.001411830
    3.344240401    0.002644226    0.003629919    0.001906181
    3.351419032    0.003513787    0.004675647    0.002319613
    3.358597663    0.004312368    0.005439888    0.002696700
    3.365776294    0.005358568    0.006214200    0.003423482
    3.372954925    0.007313059    0.007926532    0.005036399
    3.380133556    0.010021868    0.012838812    0.006093925
    3.387312187    0.012516223    0.021998972    0.005720790
    3.394490818    0.013512155    0.027203560    0.005227689
    3.401669449    0.016438571    0.033820235    0.005785004
    3.408848080    0.024034870    0.043068015    0.007783357
    3.416026711    0.028340387    0.044173114    0.008563502
    3.423205342    0.037051017    0.025223995    0.007356568
    3.430383973    0.055362760    0.009766518    0.006905017
    3.437562604    0.062473676    0.003511128    0.007958845
    3.444741235    0.031598253    0.001331756    0.010117830
    3.451919866    0.013643241    0.000651582    0.013602771
    3.459098497    0.009212030    0.000543889    0.020829825
    3.466277129    0.008902337    0.000677123    0.046519330
    3.473455760    0.009252857    0.000924598    0.108559915
    3.480634391    0.009302709    0.001236181    0.053859103
    3.487813022    0.009475551    0.001609931    0.028700294
    3.494991653    0.011940860    0.002110324    0.023852329
    3.502170284    0.022748049    0.002826825    0.028594860
    3.509348915    0.031678320    0.003508397    0.029668292
    3.516527546    0.036716866    0.003838423    0.023764271
    3.523706177    0.049943996    0.003978616    0.018338429
    3.530884808    0.061296557    0.004439538    0.017003140
    3.538063439    0.042141087    0.006374788    0.023437284
    3.545242070    0.020002977    0.009308379    0.029161400
    3.552420701    0.011292247    0.009874900    0.031531036
    3.559599332    0.008895733    0.010057442    0.043506775
    3.566777963    0.009145936    0.011974942    0.056043297
    3.573956594    0.009697684    0.013030279    0.036554902
    3.581135225    0.009153064    0.013853142    0.016078168
    3.588313856    0.008509508    0.015012908    0.008595245
    3.595492487    0.009159286    0.016469690    0.006468142
    3.602671119    0.012674646    0.015959667    0.006466099
    3.609849750    0.015393352    0.012665720    0.006586805
    3.617028381    0.013366053    0.013407251    0.006197450
    3.624207012    0.010635613    0.017901240    0.005722814
    3.631385643    0.008907498    0.028761768    0.005339349
    3.638564274    0.008519874    0.062219378    0.005429842
    3.645742905    0.010979890    0.127221697    0.007285589
    3.652921536    0.017182798    0.046942432    0.011690724
    3.660100167    0.018918462    0.019950062    0.012964143
    3.667278798    0.016870421    0.013051509    0.011774269
    3.674457429    0.015086354    0.011816900    0.010627504
    3.681636060    0.017225746    0.013474660    0.012010950
    3.688814691    0.022215535    0.013207686    0.015638382
    3.695993322    0.021562394    0.010746425    0.016412745
    3.703171953    0.025523220    0.008675114    0.019372496
    3.710350584    0.034212771    0.007540959    0.021372579
    3.717529215    0.040207967    0.008068488    0.018211869
    3.724707846    0.039695466    0.012585111    0.015031206
    3.731886477    0.034276222    0.017075337    0.013195493
    3.739065109    0.024933322    0.018086312    0.012165688
    3.746243740    0.017912843    0.019255738    0.011100695
    3.753422371    0.014805405    0.017947065    0.009338136
    3.760601002    0.016537814    0.013744128    0.008611157
    3.767779633    0.017405603    0.010456693    0.009030591
    3.774958264    0.011333110    0.009568281    0.008715195
    3.782136895    0.010277279    0.010861966    0.008236181
    3.789315526    0.011327004    0.011098034    0.007539963
    3.796494157    0.012805905    0.008698123    0.005869824
    3.803672788    0.013779857    0.006649885    0.004541014
    3.810851419    0.013841449    0.006626937    0.004337704
    3.818030050    0.013544570    0.007599583    0.004544830
    3.825208681    0.014927140    0.009309482    0.004888195
    3.832387312    0.031557348    0.013132597    0.005853073
    3.839565943    0.241033761    0.024575339    0.009425632
    3.846744574    0.010889480    0.041354189    0.019615316
    3.853923205    0.007667457    0.032527326    0.029842137
    3.861101836    0.008269943    0.021484049    0.025653016
    3.868280467    0.009570813    0.017662529    0.020599123
    3.875459098    0.010625798    0.016553794    0.016253715
    3.882637730    0.010801043    0.011570510    0.010175816
    3.889816361    0.010090629    0.010303678    0.009228033
    3.896994992    0.009171968    0.011283499    0.010796466
    3.904173623    0.009099820    0.011374811    0.012446740
    3.911352254    0.010909145    0.007960954    0.012360420
    3.918530885    0.012761850    0.005139188    0.010543185
    3.925709516    0.011843176    0.004282603    0.007230024
    3.932888147    0.008262884    0.003869595    0.004285744
    3.940066778    0.006773153    0.003289482    0.003279728
    3.947245409    0.006683610    0.002488645    0.002907857
    3.954424040    0.006601553    0.001651603    0.002486077
    3.961602671    0.005880314    0.000963712    0.001896042
    3.968781302    0.004527819    0.000497325    0.001262083
    3.975959933    0.003010989    0.000228083    0.000734079
    3.983138564    0.001757250    0.000093335    0.000375533
    3.990317195    0.000913943    0.000034314    0.000169832
    3.997495826    0.000428598    0.000011938    0.000068145
    4.004674457    0.000184643    0.000006760    0.000024500
    4.011853088    0.000082681    0.000017031    0.000008726
    4.019031720    0.000081892    0.000070687    0.000006163
    4.026210351    0.000281327    0.000284883    0.000014289
    4.033388982    0.001373239    0.001080435    0.000042425
    4.040567613    0.008170359    0.003950135    0.000116588
    4.047746244    0.094693724    0.014553101    0.000288163
    4.054924875    0.581532612    0.056346741    0.000640873
    4.062103506    0.089334440    0.172972403    0.001286150
    4.069282137    0.046188857    0.166475873    0.002333029
    4.076460768    0.033426669    0.102143774    0.003797206
    4.083639399    0.028999876    0.083226641    0.005309375
    4.090818030    0.028764053    0.095221694    0.005896327
    4.097996661    0.026978280    0.084822791    0.005807954
    4.105175292    0.022557135    0.095888941    0.006193063
    4.112353923    0.020557350    0.141657025    0.007472934
    4.119532554    0.026172903    0.107699545    0.011176445
    4.126711185    0.035602993    0.044677287    0.022535462
    4.133889816    0.033791849    0.025152760    0.053979410
    4.141068447    0.036663804    0.018907620    0.093205780
    4.148247078    0.036430785    0.015664888    0.081969308
    4.155425710    0.028969433    0.013475649    0.061220266
    4.162604341    0.022104480    0.012749471    0.054752294
    4.169782972    0.020001292    0.014843181    0.039572949
    4.176961603    0.022223567    0.021298701    0.028314419
    4.184140234    0.017080569    0.022769663    0.032159282
    4.191318865    0.012202969    0.022408275    0.043951619
    4.198497496    0.010652764    0.025616667    0.048025623
    4.205676127    0.010890043    0.026334231    0.035878397
    4.212854758    0.011593259    0.022169916    0.025116227
    4.220033389    0.012232656    0.019145719    0.020808641
    4.227212020    0.013918229    0.020322372    0.020272940
    4.234390651    0.022665947    0.018389493    0.014956832
    4.241569282    0.060238154    0.016158294    0.011644767
    4.248747913    0.090005485    0.016664399    0.011742969
    4.255926544    0.052289378    0.017117006    0.012629179
    4.263105175    0.031511783    0.015967797    0.010726590
    4.270283806    0.023484509    0.012658072    0.006566722
    4.277462437    0.021178386    0.011332839    0.004719900
    4.284641068    0.019219228    0.011442566    0.004068187
    4.291819699    0.014787638    0.009302426    0.003492525
    4.298998331    0.008734746    0.005966366    0.002736596
    4.306176962    0.006426015    0.004677657    0.001951863
    4.313355593    0.005773573    0.004311402    0.001367485
    4.320534224    0.005144327    0.004092913    0.001175600
    4.327712855    0.004104640    0.004066911    0.001582691
    4.334891486    0.002845438    0.004787226    0.002869192
    4.342070117    0.001733048    0.007028812    0.005344920
    4.349248748    0.000968070    0.011063195    0.008977527
    4.356427379    0.000543667    0.014714929    0.012286515
    4.363606010    0.000352598    0.012871171    0.011462889
    4.370784641    0.000280177    0.007357222    0.007243739
    4.377963272    0.000248029    0.004841108    0.005005615
    4.385141903    0.000216604    0.004049624    0.004130842
    4.392320534    0.000174350    0.003450771    0.003385315
    4.399499165    0.000126149    0.002678039    0.002512742
    4.406677796    0.000081453    0.001828445    0.001645001
    4.413856427    0.000046885    0.001092842    0.000946762
    4.421035058    0.000024113    0.000574072    0.000480436
    4.428213689    0.000011203    0.000266263    0.000215632
    4.435392321    0.000005077    0.000109483    0.000085797
    4.442570952    0.000003740    0.000040379    0.000030327
    4.449749583    0.000009044    0.000014976    0.000009583
    4.456928214    0.000033879    0.000011728    0.000002875
    4.464106845    0.000123178    0.000029618    0.000001411
    4.471285476    0.000407798    0.000092851    0.000002712
    4.478464107    0.001223441    0.000269093    0.000008345
    4.485642738    0.003337468    0.000703300    0.000025309
    4.492821369    0.008307203    0.001659987    0.000072117
    4.500000000    0.018758965    0.003547988    0.000191954
