# energy grid [eV]     ieps_x  ieps_y  ieps_z
#
    0.200000000    5.354459247    8.679791501    9.510367676
    0.207178631    5.353538861    8.677946372    9.508353042
    0.214357262    5.352586447    8.676037198    9.506268422
    0.221535893    5.351602047    8.674064083    9.504113925
    0.228714524    5.350585708    8.672027135    9.501889661
    0.235893155    5.349537475    8.669926465    9.499595746
    0.243071786    5.348457398    8.667762189    9.497232300
    0.250250417    5.347345525    8.665534424    9.494799444
    0.257429048    5.346201907    8.663243291    9.492297304
    0.264607679    5.345026598    8.660888915    9.489726009
    0.271786311    5.343819649    8.658471424    9.487085693
    0.278964942    5.342581117    8.655990949    9.484376492
    0.286143573    5.341311059    8.653447626    9.481598544
    0.293322204    5.340009531    8.650841590    9.478751993
    0.300500835    5.338676594    8.648172984    9.475836986
    0.307679466    5.337312307    8.645441951    9.472853671
    0.314858097    5.335916734    8.642648639    9.469802202
    0.322036728    5.334489937    8.639793199    9.466682734
    0.329215359    5.333031981    8.636875783    9.463495429
    0.336393990    5.331542932    8.633896549    9.460240448
    0.343572621    5.330022857    8.630855656    9.456917957
    0.350751252    5.328471826    8.627753268    9.453528126
    0.357929883    5.326889908    8.624589549    9.450071127
    0.365108514    5.325277175    8.621364670    9.446547136
    0.372287145    5.323633699    8.618078802    9.442956332
    0.379465776    5.321959554    8.614732120    9.439298897
    0.386644407    5.320254815    8.611324801    9.435575015
    0.393823038    5.318519559    8.607857027    9.431784875
    0.401001669    5.316753864    8.604328981    9.427928668
    0.408180301    5.314957808    8.600740850    9.424006588
    0.415358932    5.313131473    8.597092823    9.420018833
    0.422537563    5.311274938    8.593385092    9.415965603
    0.429716194    5.309388288    8.589617852    9.411847100
    0.436894825    5.307471606    8.585791302    9.407663532
    0.444073456    5.305524978    8.581905641    9.403415107
    0.451252087    5.303548489    8.577961072    9.399102036
    0.458430718    5.301542227    8.573957803    9.394724536
    0.465609349    5.299506281    8.569896040    9.390282822
    0.472787980    5.297440741    8.565775996    9.385777117
    0.479966611    5.295345698    8.561597884    9.381207642
    0.487145242    5.293221244    8.557361920    9.376574624
    0.494323873    5.291067473    8.553068323    9.371878292
    0.501502504    5.288884478    8.548717315    9.367118876
    0.508681135    5.286672357    8.544309119    9.362296611
    0.515859766    5.284431205    8.539843963    9.357411733
    0.523038397    5.282161120    8.535322073    9.352464482
    0.530217028    5.279862202    8.530743682    9.347455098
    0.537395659    5.277534549    8.526109024    9.342383828
    0.544574290    5.275178265    8.521418333    9.337250916
    0.551752922    5.272793449    8.516671848    9.332056613
    0.558931553    5.270380206    8.511869809    9.326801171
    0.566110184    5.267938640    8.507012460    9.321484843
    0.573288815    5.265468857    8.502100044    9.316107886
    0.580467446    5.262970961    8.497132808    9.310670559
    0.587646077    5.260445061    8.492111003    9.305173124
    0.594824708    5.257891265    8.487034878    9.299615843
    0.602003339    5.255309682    8.481904688    9.293998983
    0.609181970    5.252700423    8.476720687    9.288322811
    0.616360601    5.250063598    8.471483134    9.282587599
    0.623539232    5.247399319    8.466192286    9.276793617
    0.630717863    5.244707700    8.460848407    9.270941142
    0.637896494    5.241988854    8.455451758    9.265030449
    0.645075125    5.239242897    8.450002605    9.259061818
    0.652253756    5.236469943    8.444501215    9.253035528
    0.659432387    5.233670111    8.438947856    9.246951863
    0.666611018    5.230843516    8.433342800    9.240811108
    0.673789649    5.227990279    8.427686318    9.234613550
    0.680968280    5.225110517    8.421978684    9.228359476
    0.688146912    5.222204350    8.416220174    9.222049178
    0.695325543    5.219271901    8.410411066    9.215682948
    0.702504174    5.216313290    8.404551638    9.209261079
    0.709682805    5.213328639    8.398642171    9.202783869
    0.716861436    5.210318073    8.392682947    9.196251614
    0.724040067    5.207281715    8.386674249    9.189664615
    0.731218698    5.204219690    8.380616364    9.183023172
    0.738397329    5.201132123    8.374509576    9.176327588
    0.745575960    5.198019141    8.368354175    9.169578167
    0.752754591    5.194880871    8.362150449    9.162775215
    0.759933222    5.191717440    8.355898690    9.155919041
    0.767111853    5.188528978    8.349599189    9.149009952
    0.774290484    5.185315612    8.343252239    9.142048259
    0.781469115    5.182077474    8.336858136    9.135034275
    0.788647746    5.178814692    8.330417175    9.127968313
    0.795826377    5.175527399    8.323929653    9.120850687
    0.803005008    5.172215726    8.317395868    9.113681714
    0.810183639    5.168879806    8.310816119    9.106461710
    0.817362270    5.165519771    8.304190708    9.099190996
    0.824540902    5.162135755    8.297519935    9.091869890
    0.831719533    5.158727893    8.290804102    9.084498714
    0.838898164    5.155296318    8.284043514    9.077077790
    0.846076795    5.151841167    8.277238474    9.069607442
    0.853255426    5.148362574    8.270389288    9.062087995
    0.860434057    5.144860677    8.263496262    9.054519773
    0.867612688    5.141335613    8.256559703    9.046903105
    0.874791319    5.137787518    8.249579920    9.039238317
    0.881969950    5.134216531    8.242557220    9.031525740
    0.889148581    5.130622791    8.235491914    9.023765701
    0.896327212    5.127006435    8.228384312    9.015958533
    0.903505843    5.123367603    8.221234724    9.008104566
    0.910684474    5.119706436    8.214043462    9.000204134
    0.917863105    5.116023073    8.206810839    8.992257568
    0.925041736    5.112317655    8.199537167    8.984265205
    0.932220367    5.108590324    8.192222760    8.976227377
    0.939398998    5.104841219    8.184867932    8.968144422
    0.946577629    5.101070485    8.177472997    8.960016674
    0.953756260    5.097278262    8.170038271    8.951844472
    0.960934891    5.093464693    8.162564068    8.943628153
    0.968113523    5.089629921    8.155050706    8.935368054
    0.975292154    5.085774090    8.147498500    8.927064515
    0.982470785    5.081897343    8.139907767    8.918717875
    0.989649416    5.077999824    8.132278823    8.910328474
    0.996828047    5.074081677    8.124611987    8.901896652
    1.004006678    5.070143047    8.116907576    8.893422750
    1.011185309    5.066184079    8.109165908    8.884907109
    1.018363940    5.062204917    8.101387301    8.876350070
    1.025542571    5.058205707    8.093572073    8.867751977
    1.032721202    5.054186595    8.085720543    8.859113170
    1.039899833    5.050147726    8.077833030    8.850433993
    1.047078464    5.046089246    8.069909851    8.841714788
    1.054257095    5.042011302    8.061951327    8.832955899
    1.061435726    5.037914040    8.053957776    8.824157669
    1.068614357    5.033797607    8.045929517    8.815320441
    1.075792988    5.029662149    8.037866869    8.806444559
    1.082971619    5.025507813    8.029770151    8.797530367
    1.090150250    5.021334747    8.021639681    8.788578209
    1.097328881    5.017143098    8.013475780    8.779588429
    1.104507513    5.012933012    8.005278764    8.770561371
    1.111686144    5.008704638    7.997048954    8.761497379
    1.118864775    5.004458123    7.988786666    8.752396797
    1.126043406    5.000193615    7.980492221    8.743259969
    1.133222037    4.995911262    7.972165935    8.734087239
    1.140400668    4.991611210    7.963808127    8.724878951
    1.147579299    4.987293610    7.955419114    8.715635449
    1.154757930    4.982958607    7.946999213    8.706357076
    1.161936561    4.978606351    7.938548743    8.697044176
    1.169115192    4.974236989    7.930068018    8.687697092
    1.176293823    4.969850669    7.921557356    8.678316167
    1.183472454    4.965447539    7.913017073    8.668901744
    1.190651085    4.961027748    7.904447484    8.659454166
    1.197829716    4.956591444    7.895848905    8.649973774
    1.205008347    4.952138774    7.887221650    8.640460911
    1.212186978    4.947669887    7.878566034    8.630915918
    1.219365609    4.943184930    7.869882370    8.621339137
    1.226544240    4.938684051    7.861170973    8.611730908
    1.233722871    4.934167399    7.852432154    8.602091572
    1.240901503    4.929635120    7.843666226    8.592421468
    1.248080134    4.925087363    7.834873500    8.582720937
    1.255258765    4.920524275    7.826054289    8.572990318
    1.262437396    4.915946005    7.817208902    8.563229948
    1.269616027    4.911352698    7.808337650    8.553440166
    1.276794658    4.906744502    7.799440841    8.543621309
    1.283973289    4.902121565    7.790518784    8.533773715
    1.291151920    4.897484034    7.781571788    8.523897719
    1.298330551    4.892832055    7.772600159    8.513993658
    1.305509182    4.888165775    7.763604204    8.504061865
    1.312687813    4.883485340    7.754584228    8.494102677
    1.319866444    4.878790898    7.745540538    8.484116426
    1.327045075    4.874082593    7.736473437    8.474103445
    1.334223706    4.869360573    7.727383228    8.464064067
    1.341402337    4.864624983    7.718270214    8.453998624
    1.348580968    4.859875967    7.709134697    8.443907446
    1.355759599    4.855113673    7.699976979    8.433790863
    1.362938230    4.850338245    7.690797358    8.423649204
    1.370116861    4.845549827    7.681596135    8.413482798
    1.377295492    4.840748566    7.672373608    8.403291973
    1.384474124    4.835934603    7.663130074    8.393077054
    1.391652755    4.831108085    7.653865830    8.382838369
    1.398831386    4.826269155    7.644581171    8.372576243
    1.406010017    4.821417956    7.635276393    8.362290998
    1.413188648    4.816554633    7.625951788    8.351982959
    1.420367279    4.811679327    7.616607650    8.341652447
    1.427545910    4.806792181    7.607244270    8.331299784
    1.434724541    4.801893339    7.597861939    8.320925291
    1.441903172    4.796982942    7.588460947    8.310529286
    1.449081803    4.792061132    7.579041582    8.300112088
    1.456260434    4.787128050    7.569604132    8.289674014
    1.463439065    4.782183838    7.560148884    8.279215381
    1.470617696    4.777228636    7.550676123    8.268736503
    1.477796327    4.772262586    7.541186133    8.258237695
    1.484974958    4.767285826    7.531679198    8.247719271
    1.492153589    4.762298497    7.522155600    8.237181541
    1.499332220    4.757300738    7.512615620    8.226624818
    1.506510851    4.752292688    7.503059538    8.216049410
    1.513689482    4.747274486    7.493487633    8.205455626
    1.520868114    4.742246269    7.483900182    8.194843774
    1.528046745    4.737208177    7.474297462    8.184214161
    1.535225376    4.732160346    7.464679749    8.173567091
    1.542404007    4.727102913    7.455047316    8.162902868
    1.549582638    4.722036015    7.445400436    8.152221795
    1.556761269    4.716959789    7.435739382    8.141524175
    1.563939900    4.711874369    7.426064423    8.130810306
    1.571118531    4.706779891    7.416375829    8.120080489
    1.578297162    4.701676491    7.406673867    8.109335021
    1.585475793    4.696564303    7.396958806    8.098574198
    1.592654424    4.691443460    7.387230910    8.087798317
    1.599833055    4.686314097    7.377490444    8.077007671
    1.607011686    4.681176346    7.367737671    8.066202554
    1.614190317    4.676030341    7.357972852    8.055383256
    1.621368948    4.670876213    7.348196249    8.044550068
    1.628547579    4.665714094    7.338408120    8.033703279
    1.635726210    4.660544116    7.328608723    8.022843176
    1.642904841    4.655366409    7.318798315    8.011970046
    1.650083472    4.650181104    7.308977151    8.001084173
    1.657262104    4.644988330    7.299145486    7.990185842
    1.664440735    4.639788217    7.289303572    7.979275334
    1.671619366    4.634580893    7.279451660    7.968352930
    1.678797997    4.629366487    7.269590000    7.957418910
    1.685976628    4.624145128    7.259718842    7.946473552
    1.693155259    4.618916941    7.249838432    7.935517132
    1.700333890    4.613682054    7.239949017    7.924549925
    1.707512521    4.608440593    7.230050841    7.913572207
    1.714691152    4.603192684    7.220144148    7.902584248
    1.721869783    4.597938452    7.210229179    7.891586321
    1.729048414    4.592678022    7.200306175    7.880578695
    1.736227045    4.587411519    7.190375376    7.869561638
    1.743405676    4.582139064    7.180437018    7.858535416
    1.750584307    4.576860783    7.170491340    7.847500296
    1.757762938    4.571576797    7.160538575    7.836456541
    1.764941569    4.566287228    7.150578957    7.825404413
    1.772120200    4.560992198    7.140612719    7.814344174
    1.779298831    4.555691828    7.130640092    7.803276083
    1.786477462    4.550386237    7.120661305    7.792200399
    1.793656093    4.545075547    7.110676587    7.781117376
    1.800834725    4.539759875    7.100686163    7.770027272
    1.808013356    4.534439341    7.090690260    7.758930339
    1.815191987    4.529114063    7.080689101    7.747826830
    1.822370618    4.523784159    7.070682910    7.736716995
    1.829549249    4.518449744    7.060671906    7.725601083
    1.836727880    4.513110936    7.050656310    7.714479343
    1.843906511    4.507767850    7.040636340    7.703352020
    1.851085142    4.502420602    7.030612213    7.692219359
    1.858263773    4.497069307    7.020584145    7.681081603
    1.865442404    4.491714077    7.010552349    7.669938994
    1.872621035    4.486355028    7.000517038    7.658791771
    1.879799666    4.480992270    6.990478423    7.647640175
    1.886978297    4.475625918    6.980436715    7.636484441
    1.894156928    4.470256083    6.970392121    7.625324806
    1.901335559    4.464882875    6.960344850    7.614161503
    1.908514190    4.459506405    6.950295105    7.602994766
    1.915692821    4.454126783    6.940243091    7.591824825
    1.922871452    4.448744119    6.930189012    7.580651909
    1.930050083    4.443358520    6.920133069    7.569476247
    1.937228715    4.437970096    6.910075460    7.558298066
    1.944407346    4.432578953    6.900016386    7.547117590
    1.951585977    4.427185199    6.889956042    7.535935043
    1.958764608    4.421788940    6.879894625    7.524750646
    1.965943239    4.416390281    6.869832329    7.513564621
    1.973121870    4.410989328    6.859769347    7.502377185
    1.980300501    4.405586184    6.849705869    7.491188557
    1.987479132    4.400180955    6.839642087    7.479998953
    1.994657763    4.394773742    6.829578189    7.468808586
    2.001836394    4.389364650    6.819514362    7.457617669
    2.009015025    4.383953778    6.809450791    7.446426414
    2.016193656    4.378541230    6.799387662    7.435235030
    2.023372287    4.373127106    6.789325157    7.424043726
    2.030550918    4.367711506    6.779263458    7.412852709
    2.037729549    4.362294529    6.769202745    7.401662182
    2.044908180    4.356876274    6.759143197    7.390472352
    2.052086811    4.351456840    6.749084991    7.379283418
    2.059265442    4.346036325    6.739028303    7.368095583
    2.066444073    4.340614825    6.728973309    7.356909044
    2.073622705    4.335192437    6.718920180    7.345724001
    2.080801336    4.329769257    6.708869090    7.334540648
    2.087979967    4.324345380    6.698820209    7.323359181
    2.095158598    4.318920900    6.688773705    7.312179792
    2.102337229    4.313495912    6.678729746    7.301002674
    2.109515860    4.308070509    6.668688500    7.289828015
    2.116694491    4.302644783    6.658650131    7.278656006
    2.123873122    4.297218828    6.648614802    7.267486832
    2.131051753    4.291792733    6.638582676    7.256320680
    2.138230384    4.286366591    6.628553913    7.245157734
    2.145409015    4.280940491    6.618528675    7.233998176
    2.152587646    4.275514523    6.608507117    7.222842187
    2.159766277    4.270088776    6.598489399    7.211689948
    2.166944908    4.264663338    6.588475674    7.200541635
    2.174123539    4.259238298    6.578466098    7.189397427
    2.181302170    4.253813742    6.568460823    7.178257497
    2.188480801    4.248389757    6.558460001    7.167122021
    2.195659432    4.242966429    6.548463782    7.155991170
    2.202838063    4.237543844    6.538472314    7.144865115
    2.210016694    4.232122085    6.528485746    7.133744025
    2.217195326    4.226701238    6.518504224    7.122628068
    2.224373957    4.221281385    6.508527892    7.111517412
    2.231552588    4.215862610    6.498556895    7.100412220
    2.238731219    4.210444994    6.488591375    7.089312657
    2.245909850    4.205028620    6.478631472    7.078218884
    2.253088481    4.199613568    6.468677327    7.067131063
    2.260267112    4.194199919    6.458729078    7.056049352
    2.267445743    4.188787753    6.448786862    7.044973910
    2.274624374    4.183377148    6.438850816    7.033904892
    2.281803005    4.177968185    6.428921073    7.022842455
    2.288981636    4.172560939    6.418997768    7.011786751
    2.296160267    4.167155490    6.409081032    7.000737932
    2.303338898    4.161751914    6.399170996    6.989696151
    2.310517529    4.156350287    6.389267790    6.978661555
    2.317696160    4.150950684    6.379371543    6.967634293
    2.324874791    4.145553181    6.369482381    6.956614512
    2.332053422    4.140157852    6.359600430    6.945602357
    2.339232053    4.134764771    6.349725815    6.934597972
    2.346410684    4.129374012    6.339858660    6.923601499
    2.353589316    4.123985646    6.329999086    6.912613079
    2.360767947    4.118599746    6.320147215    6.901632853
    2.367946578    4.113216383    6.310303166    6.890660958
    2.375125209    4.107835628    6.300467059    6.879697531
    2.382303840    4.102457552    6.290639010    6.868742710
    2.389482471    4.097082224    6.280819135    6.857796627
    2.396661102    4.091709714    6.271007550    6.846859416
    2.403839733    4.086340089    6.261204369    6.835931208
    2.411018364    4.080973418    6.251409704    6.825012135
    2.418196995    4.075609768    6.241623666    6.814102324
    2.425375626    4.070249206    6.231846367    6.803201905
    2.432554257    4.064891798    6.222077914    6.792311003
    2.439732888    4.059537611    6.212318417    6.781429743
    2.446911519    4.054186708    6.202567981    6.770558250
    2.454090150    4.048839155    6.192826713    6.759696645
    2.461268781    4.043495015    6.183094717    6.748845051
    2.468447412    4.038154352    6.173372098    6.738003588
    2.475626043    4.032817228    6.163658956    6.727172373
    2.482804674    4.027483707    6.153955393    6.716351525
    2.489983306    4.022153849    6.144261509    6.705541160
    2.497161937    4.016827716    6.134577404    6.694741392
    2.504340568    4.011505368    6.124903175    6.683952336
    2.511519199    4.006186865    6.115238918    6.673174104
    2.518697830    4.000872268    6.105584730    6.662406808
    2.525876461    3.995561634    6.095940706    6.651650557
    2.533055092    3.990255022    6.086306938    6.640905460
    2.540233723    3.984952491    6.076683519    6.630171624
    2.547412354    3.979654096    6.067070541    6.619449157
    2.554590985    3.974359896    6.057468093    6.608738163
    2.561769616    3.969069946    6.047876266    6.598038747
    2.568948247    3.963784302    6.038295147    6.587351011
    2.576126878    3.958503019    6.028724823    6.576675056
    2.583305509    3.953226151    6.019165381    6.566010984
    2.590484140    3.947953754    6.009616906    6.555358893
    2.597662771    3.942685880    6.000079482    6.544718882
    2.604841402    3.937422582    5.990553191    6.534091047
    2.612020033    3.932163913    5.981038117    6.523475484
    2.619198664    3.926909925    5.971534339    6.512872289
    2.626377295    3.921660669    5.962041939    6.502281554
    2.633555927    3.916416196    5.952560994    6.491703372
    2.640734558    3.911176557    5.943091584    6.481137834
    2.647913189    3.905941802    5.933633785    6.470585031
    2.655091820    3.900711979    5.924187673    6.460045051
    2.662270451    3.895487139    5.914753324    6.449517982
    2.669449082    3.890267329    5.905330812    6.439003911
    2.676627713    3.885052597    5.895920209    6.428502924
    2.683806344    3.879842990    5.886521588    6.418015105
    2.690984975    3.874638556    5.877135021    6.407540538
    2.698163606    3.869439341    5.867760578    6.397079306
    2.705342237    3.864245391    5.858398327    6.386631489
    2.712520868    3.859056751    5.849048339    6.376197169
    2.719699499    3.853873466    5.839710680    6.365776424
    2.726878130    3.848695580    5.830385417    6.355369333
    2.734056761    3.843523138    5.821072616    6.344975974
    2.741235392    3.838356183    5.811772341    6.334596421
    2.748414023    3.833194758    5.802484657    6.324230750
    2.755592654    3.828038905    5.793209627    6.313879036
    2.762771285    3.822888667    5.783947312    6.303541352
    2.769949917    3.817744084    5.774697775    6.293217770
    2.777128548    3.812605199    5.765461076    6.282908360
    2.784307179    3.807472052    5.756237273    6.272613193
    2.791485810    3.802344683    5.747026427    6.262332338
    2.798664441    3.797223131    5.737828594    6.252065863
    2.805843072    3.792107436    5.728643832    6.241813836
    2.813021703    3.786997637    5.719472196    6.231576322
    2.820200334    3.781893772    5.710313743    6.221353387
    2.827378965    3.776795879    5.701168527    6.211145094
    2.834557596    3.771703996    5.692036601    6.200951509
    2.841736227    3.766618158    5.682918018    6.190772692
    2.848914858    3.761538404    5.673812830    6.180608705
    2.856093489    3.756464768    5.664721089    6.170459609
    2.863272120    3.751397287    5.655642845    6.160325463
    2.870450751    3.746335996    5.646578147    6.150206326
    2.877629382    3.741280930    5.637527044    6.140102256
    2.884808013    3.736232122    5.628489584    6.130013310
    2.891986644    3.731189608    5.619465815    6.119939543
    2.899165275    3.726153420    5.610455783    6.109881011
    2.906343907    3.721123591    5.601459534    6.099837767
    2.913522538    3.716100155    5.592477113    6.089809866
    2.920701169    3.711083143    5.583508563    6.079797359
    2.927879800    3.706072587    5.574553929    6.069800299
    2.935058431    3.701068519    5.565613253    6.059818735
    2.942237062    3.696070970    5.556686576    6.049852718
    2.949415693    3.691079969    5.547773941    6.039902297
    2.956594324    3.686095549    5.538875388    6.029967520
    2.963772955    3.681117737    5.529990956    6.020048433
    2.970951586    3.676146564    5.521120685    6.010145085
    2.978130217    3.671182058    5.512264612    6.000257520
    2.985308848    3.666224248    5.503422776    5.990385783
    2.992487479    3.661273163    5.494595214    5.980529918
    2.999666110    3.656328829    5.485781961    5.970689969
    3.006844741    3.651391275    5.476983054    5.960865978
    3.014023372    3.646460528    5.468198526    5.951057987
    3.021202003    3.641536613    5.459428413    5.941266036
    3.028380634    3.636619558    5.450672748    5.931490166
    3.035559265    3.631709388    5.441931563    5.921730416
    3.042737896    3.626806129    5.433204891    5.911986825
    3.049916528    3.621909805    5.424492763    5.902259429
    3.057095159    3.617020442    5.415795211    5.892548267
    3.064273790    3.612138064    5.407112264    5.882853375
    3.071452421    3.607262695    5.398443952    5.873174788
    3.078631052    3.602394358    5.389790305    5.863512541
    3.085809683    3.597533077    5.381151349    5.853866668
    3.092988314    3.592678875    5.372527113    5.844237203
    3.100166945    3.587831774    5.363917625    5.834624177
    3.107345576    3.582991797    5.355322910    5.825027624
    3.114524207    3.578158965    5.346742994    5.815447574
    3.121702838    3.573333300    5.338177904    5.805884057
    3.128881469    3.568514823    5.329627662    5.796337104
    3.136060100    3.563703555    5.321092293    5.786806744
    3.143238731    3.558899516    5.312571822    5.777293005
    3.150417362    3.554102727    5.304066269    5.767795914
    3.157595993    3.549313207    5.295575659    5.758315500
    3.164774624    3.544530975    5.287100013    5.748851788
    3.171953255    3.539756052    5.278639351    5.739404804
    3.179131886    3.534988455    5.270193694    5.729974573
    3.186310518    3.530228203    5.261763063    5.720561120
    3.193489149    3.525475314    5.253347477    5.711164468
    3.200667780    3.520729807    5.244946954    5.701784641
    3.207846411    3.515991698    5.236561514    5.692421661
    3.215025042    3.511261004    5.228191173    5.683075551
    3.222203673    3.506537743    5.219835950    5.673746330
    3.229382304    3.501821932    5.211495860    5.664434020
    3.236560935    3.497113585    5.203170921    5.655138642
    3.243739566    3.492412720    5.194861148    5.645860214
    3.250918197    3.487719352    5.186566555    5.636598755
    3.258096828    3.483033496    5.178287159    5.627354284
    3.265275459    3.478355167    5.170022972    5.618126818
    3.272454090    3.473684380    5.161774010    5.608916374
    3.279632721    3.469021149    5.153540283    5.599722969
    3.286811352    3.464365489    5.145321807    5.590546619
    3.293989983    3.459717413    5.137118592    5.581387338
    3.301168614    3.455076935    5.128930650    5.572245143
    3.308347245    3.450444068    5.120757993    5.563120046
    3.315525876    3.445818825    5.112600632    5.554012062
    3.322704508    3.441201218    5.104458575    5.544921203
    3.329883139    3.436591261    5.096331835    5.535847483
    3.337061770    3.431988965    5.088220419    5.526790913
    3.344240401    3.427394341    5.080124336    5.517751505
    3.351419032    3.422807402    5.072043596    5.508729269
    3.358597663    3.418228159    5.063978206    5.499724217
    3.365776294    3.413656623    5.055928173    5.490736358
    3.372954925    3.409092805    5.047893505    5.481765701
    3.380133556    3.404536714    5.039874208    5.472812255
    3.387312187    3.399988361    5.031870289    5.463876030
    3.394490818    3.395447757    5.023881753    5.454957032
    3.401669449    3.390914911    5.015908605    5.446055268
    3.408848080    3.386389832    5.007950852    5.437170747
    3.416026711    3.381872529    5.000008496    5.428303474
    3.423205342    3.377363012    4.992081543    5.419453455
    3.430383973    3.372861288    4.984169996    5.410620696
    3.437562604    3.368367367    4.976273858    5.401805202
    3.444741235    3.363881257    4.968393132    5.393006976
    3.451919866    3.359402965    4.960527821    5.384226024
    3.459098497    3.354932500    4.952677927    5.375462349
    3.466277129    3.350469868    4.944843451    5.366715953
    3.473455760    3.346015076    4.937024395    5.357986840
    3.480634391    3.341568133    4.929220761    5.349275012
    3.487813022    3.337129044    4.921432547    5.340580470
    3.494991653    3.332697816    4.913659755    5.331903216
    3.502170284    3.328274455    4.905902385    5.323243252
    3.509348915    3.323858968    4.898160435    5.314600576
    3.516527546    3.319451359    4.890433906    5.305975190
    3.523706177    3.315051635    4.882722796    5.297367093
    3.530884808    3.310659801    4.875027102    5.288776285
    3.538063439    3.306275862    4.867346824    5.280202764
    3.545242070    3.301899823    4.859681959    5.271646528
    3.552420701    3.297531689    4.852032505    5.263107576
    3.559599332    3.293171464    4.844398457    5.254585905
    3.566777963    3.288819152    4.836779814    5.246081513
    3.573956594    3.284474758    4.829176571    5.237594396
    3.581135225    3.280138285    4.821588725    5.229124551
    3.588313856    3.275809737    4.814016271    5.220671974
    3.595492487    3.271489117    4.806459204    5.212236661
    3.602671119    3.267176428    4.798917520    5.203818606
    3.609849750    3.262871675    4.791391213    5.195417805
    3.617028381    3.258574858    4.783880278    5.187034253
    3.624207012    3.254285982    4.776384708    5.178667943
    3.631385643    3.250005047    4.768904499    5.170318870
    3.638564274    3.245732058    4.761439642    5.161987027
    3.645742905    3.241467015    4.753990132    5.153672407
    3.652921536    3.237209920    4.746555961    5.145375003
    3.660100167    3.232960775    4.739137122    5.137094808
    3.667278798    3.228719582    4.731733608    5.128831814
    3.674457429    3.224486342    4.724345409    5.120586012
    3.681636060    3.220261055    4.716972519    5.112357394
    3.688814691    3.216043724    4.709614928    5.104145951
    3.695993322    3.211834347    4.702272629    5.095951674
    3.703171953    3.207632927    4.694945610    5.087774554
    3.710350584    3.203439463    4.687633865    5.079614580
    3.717529215    3.199253956    4.680337382    5.071471743
    3.724707846    3.195076405    4.673056152    5.063346032
    3.731886477    3.190906810    4.665790165    5.055237436
    3.739065109    3.186745172    4.658539410    5.047145944
    3.746243740    3.182591489    4.651303877    5.039071546
    3.753422371    3.178445761    4.644083555    5.031014229
    3.760601002    3.174307987    4.636878433    5.022973981
    3.767779633    3.170178166    4.629688499    5.014950790
    3.774958264    3.166056296    4.622513742    5.006944644
    3.782136895    3.161942377    4.615354151    4.998955530
    3.789315526    3.157836408    4.608209711    4.990983435
    3.796494157    3.153738385    4.601080413    4.983028346
    3.803672788    3.149648308    4.593966242    4.975090248
    3.810851419    3.145566175    4.586867187    4.967169128
    3.818030050    3.141491983    4.579783233    4.959264972
    3.825208681    3.137425730    4.572714369    4.951377766
    3.832387312    3.133367414    4.565660580    4.943507495
    3.839565943    3.129317032    4.558621853    4.935654143
    3.846744574    3.125274581    4.551598173    4.927817696
    3.853923205    3.121240060    4.544589528    4.919998139
    3.861101836    3.117213463    4.537595901    4.912195455
    3.868280467    3.113194790    4.530617280    4.904409628
    3.875459098    3.109184035    4.523653649    4.896640644
    3.882637730    3.105181196    4.516704993    4.888888484
    3.889816361    3.101186269    4.509771297    4.881153133
    3.896994992    3.097199251    4.502852546    4.873434574
    3.904173623    3.093220137    4.495948724    4.865732790
    3.911352254    3.089248924    4.489059815    4.858047762
    3.918530885    3.085285608    4.482185805    4.850379475
    3.925709516    3.081330184    4.475326676    4.842727909
    3.932888147    3.077382647    4.468482412    4.835093048
    3.940066778    3.073442994    4.461652996    4.827474873
    3.947245409    3.069511220    4.454838413    4.819873365
    3.954424040    3.065587320    4.448038646    4.812288505
    3.961602671    3.061671289    4.441253676    4.804720276
    3.968781302    3.057763122    4.434483488    4.797168658
    3.975959933    3.053862814    4.427728064    4.789633632
    3.983138564    3.049970359    4.420987386    4.782115178
    3.990317195    3.046085754    4.414261437    4.774613277
    3.997495826    3.042208991    4.407550198    4.767127909
    4.004674457    3.038340065    4.400853652    4.759659054
    4.011853088    3.034478971    4.394171782    4.752206692
    4.019031720    3.030625703    4.387504567    4.744770803
    4.026210351    3.026780255    4.380851990    4.737351365
    4.033388982    3.022942620    4.374214033    4.729948359
    4.040567613    3.019112793    4.367590676    4.722561763
    4.047746244    3.015290768    4.360981901    4.715191556
    4.054924875    3.011476537    4.354387688    4.707837717
    4.062103506    3.007670095    4.347808019    4.700500225
    4.069282137    3.003871435    4.341242874    4.693179058
    4.076460768    3.000080549    4.334692233    4.685874194
    4.083639399    2.996297433    4.328156077    4.678585612
    4.090818030    2.992522078    4.321634386    4.671313289
    4.097996661    2.988754477    4.315127140    4.664057202
    4.105175292    2.984994624    4.308634320    4.656817331
    4.112353923    2.981242511    4.302155904    4.649593652
    4.119532554    2.977498131    4.295691874    4.642386142
    4.126711185    2.973761476    4.289242207    4.635194779
    4.133889816    2.970032540    4.282806885    4.628019539
    4.141068447    2.966311314    4.276385886    4.620860400
    4.148247078    2.962597791    4.269979189    4.613717338
    4.155425710    2.958891963    4.263586773    4.606590331
    4.162604341    2.955193822    4.257208618    4.599479353
    4.169782972    2.951503360    4.250844702    4.592384382
    4.176961603    2.947820570    4.244495005    4.585305394
    4.184140234    2.944145443    4.238159504    4.578242365
    4.191318865    2.940477970    4.231838178    4.571195270
    4.198497496    2.936818145    4.225531006    4.564164086
    4.205676127    2.933165957    4.219237966    4.557148789
    4.212854758    2.929521400    4.212959036    4.550149353
    4.220033389    2.925884463    4.206694195    4.543165755
    4.227212020    2.922255140    4.200443420    4.536197969
    4.234390651    2.918633420    4.194206690    4.529245971
    4.241569282    2.915019296    4.187983981    4.522309736
    4.248747913    2.911412758    4.181775272    4.515389239
    4.255926544    2.907813797    4.175580541    4.508484454
    4.263105175    2.904222406    4.169399765    4.501595357
    4.270283806    2.900638573    4.163232922    4.494721922
    4.277462437    2.897062291    4.157079988    4.487864124
    4.284641068    2.893493549    4.150940941    4.481021936
    4.291819699    2.889932340    4.144815759    4.474195334
    4.298998331    2.886378653    4.138704418    4.467384292
    4.306176962    2.882832479    4.132606895    4.460588784
    4.313355593    2.879293808    4.126523168    4.453808783
    4.320534224    2.875762631    4.120453213    4.447044264
    4.327712855    2.872238939    4.114397007    4.440295201
    4.334891486    2.868722721    4.108354527    4.433561567
    4.342070117    2.865213968    4.102325749    4.426843336
    4.349248748    2.861712670    4.096310650    4.420140482
    4.356427379    2.858218817    4.090309206    4.413452978
    4.363606010    2.854732399    4.084321395    4.406780798
    4.370784641    2.851253407    4.078347191    4.400123915
    4.377963272    2.847781829    4.072386572    4.393482301
    4.385141903    2.844317657    4.066439513    4.386855931
    4.392320534    2.840860879    4.060505991    4.380244778
    4.399499165    2.837411486    4.054585982    4.373648814
    4.406677796    2.833969467    4.048679462    4.367068012
    4.413856427    2.830534812    4.042786407    4.360502346
    4.421035058    2.827107510    4.036906792    4.353951788
    4.428213689    2.823687551    4.031040594    4.347416310
    4.435392321    2.820274925    4.025187788    4.340895886
    4.442570952    2.816869621    4.019348350    4.334390489
    4.449749583    2.813471628    4.013522256    4.327900089
    4.456928214    2.810080936    4.007709482    4.321424661
    4.464106845    2.806697533    4.001910002    4.314964177
    4.471285476    2.803321409    3.996123792    4.308518608
    4.478464107    2.799952554    3.990350829    4.302087928
    4.485642738    2.796590956    3.984591087    4.295672108
    4.492821369    2.793236605    3.978844541    4.289271121
    4.500000000    2.789889489    3.973111167    4.282884938
