# energy grid [eV]  eels components [arbitrary units]
#
    0.200000000    0.000000000    0.000000000    0.000000000
    0.207178631    0.000000000    0.000000000    0.000000000
    0.214357262    0.000000000    0.000000000    0.000000000
    0.221535893    0.000000000    0.000000000    0.000000000
    0.228714524    0.000000000    0.000000000    0.000000000
    0.235893155    0.000000000    0.000000000    0.000000000
    0.243071786    0.000000000    0.000000000    0.000000000
    0.250250417    0.000000000    0.000000000    0.000000000
    0.257429048    0.000000000    0.000000000    0.000000000
    0.264607679    0.000000000    0.000000000    0.000000000
    0.271786311    0.000000000    0.000000000    0.000000000
    0.278964942    0.000000000    0.000000000    0.000000000
    0.286143573    0.000000000    0.000000000    0.000000000
    0.293322204    0.000000000    0.000000000    0.000000000
    0.300500835    0.000000000    0.000000000    0.000000000
    0.307679466    0.000000000    0.000000000    0.000000000
    0.314858097    0.000000000    0.000000000    0.000000000
    0.322036728    0.000000000    0.000000000    0.000000000
    0.329215359    0.000000000    0.000000000    0.000000000
    0.336393990    0.000000000    0.000000000    0.000000000
    0.343572621    0.000000000    0.000000000    0.000000000
    0.350751252    0.000000000    0.000000000    0.000000000
    0.357929883    0.000000000    0.000000000    0.000000000
    0.365108514    0.000000000    0.000000000    0.000000000
    0.372287145    0.000000000    0.000000000    0.000000000
    0.379465776    0.000000000    0.000000000    0.000000000
    0.386644407    0.000000000    0.000000000    0.000000000
    0.393823038    0.000000000    0.000000000    0.000000000
    0.401001669    0.000000000    0.000000000    0.000000000
    0.408180301    0.000000000    0.000000000    0.000000000
    0.415358932    0.000000000    0.000000000    0.000000000
    0.422537563    0.000000000    0.000000000    0.000000000
    0.429716194    0.000000000    0.000000000    0.000000000
    0.436894825    0.000000000    0.000000000    0.000000000
    0.444073456    0.000000000    0.000000000    0.000000000
    0.451252087    0.000000000    0.000000000    0.000000000
    0.458430718    0.000000000    0.000000000    0.000000000
    0.465609349    0.000000000    0.000000000    0.000000000
    0.472787980    0.000000000    0.000000000    0.000000000
    0.479966611    0.000000000    0.000000000    0.000000000
    0.487145242    0.000000000    0.000000000    0.000000000
    0.494323873    0.000000000    0.000000000    0.000000000
    0.501502504    0.000000000    0.000000000    0.000000000
    0.508681135    0.000000000    0.000000000    0.000000000
    0.515859766    0.000000000    0.000000000    0.000000000
    0.523038397    0.000000000    0.000000000    0.000000000
    0.530217028    0.000000000    0.000000000    0.000000000
    0.537395659    0.000000000    0.000000000    0.000000000
    0.544574290    0.000000000    0.000000000    0.000000000
    0.551752922    0.000000000    0.000000000    0.000000000
    0.558931553    0.000000000    0.000000000    0.000000000
    0.566110184    0.000000000    0.000000000    0.000000000
    0.573288815    0.000000000    0.000000000    0.000000000
    0.580467446    0.000000000    0.000000000    0.000000000
    0.587646077    0.000000000    0.000000000    0.000000000
    0.594824708    0.000000000    0.000000000    0.000000000
    0.602003339    0.000000000    0.000000000    0.000000000
    0.609181970    0.000000000    0.000000000    0.000000000
    0.616360601    0.000000000    0.000000000    0.000000000
    0.623539232    0.000000000    0.000000000    0.000000000
    0.630717863    0.000000000    0.000000000    0.000000000
    0.637896494    0.000000000    0.000000000    0.000000000
    0.645075125    0.000000000    0.000000000    0.000000000
    0.652253756    0.000000000    0.000000000    0.000000000
    0.659432387    0.000000000    0.000000000    0.000000000
    0.666611018    0.000000000    0.000000000    0.000000000
    0.673789649    0.000000000    0.000000000    0.000000000
    0.680968280    0.000000000    0.000000000    0.000000000
    0.688146912    0.000000000    0.000000000    0.000000000
    0.695325543    0.000000000    0.000000000    0.000000000
    0.702504174    0.000000000    0.000000000    0.000000000
    0.709682805    0.000000000    0.000000000    0.000000000
    0.716861436    0.000000000    0.000000000    0.000000000
    0.724040067    0.000000000    0.000000000    0.000000000
    0.731218698    0.000000000    0.000000000    0.000000000
    0.738397329    0.000000000    0.000000000    0.000000000
    0.745575960    0.000000000    0.000000000    0.000000000
    0.752754591    0.000000000    0.000000000    0.000000000
    0.759933222    0.000000000    0.000000000    0.000000000
    0.767111853    0.000000000    0.000000000    0.000000000
    0.774290484    0.000000000    0.000000000    0.000000000
    0.781469115    0.000000000    0.000000000    0.000000000
    0.788647746    0.000000000    0.000000000    0.000000000
    0.795826377    0.000000000    0.000000000    0.000000000
    0.803005008    0.000000000    0.000000000    0.000000000
    0.810183639    0.000000000    0.000000000    0.000000000
    0.817362270    0.000000000    0.000000000    0.000000000
    0.824540902    0.000000000    0.000000000    0.000000000
    0.831719533    0.000000000    0.000000000    0.000000000
    0.838898164    0.000000000    0.000000000    0.000000000
    0.846076795    0.000000000    0.000000000    0.000000000
    0.853255426    0.000000000    0.000000000    0.000000000
    0.860434057    0.000000000    0.000000000    0.000000000
    0.867612688    0.000000000    0.000000000    0.000000000
    0.874791319    0.000000000    0.000000000    0.000000000
    0.881969950    0.000000000    0.000000000    0.000000000
    0.889148581    0.000000000    0.000000000    0.000000000
    0.896327212    0.000000000    0.000000000    0.000000000
    0.903505843    0.000000000    0.000000000    0.000000000
    0.910684474    0.000000000    0.000000000    0.000000000
    0.917863105    0.000000000    0.000000000    0.000000000
    0.925041736    0.000000000    0.000000000    0.000000000
    0.932220367    0.000000000    0.000000000    0.000000000
    0.939398998    0.000000000    0.000000000    0.000000000
    0.946577629    0.000000000    0.000000000    0.000000000
    0.953756260    0.000000002    0.000000001    0.000000001
    0.960934891    0.000000011    0.000000004    0.000000003
    0.968113523    0.000000053    0.000000018    0.000000016
    0.975292154    0.000000225    0.000000076    0.000000066
    0.982470785    0.000000848    0.000000289    0.000000249
    0.989649416    0.000002855    0.000000974    0.000000840
    0.996828047    0.000008572    0.000002932    0.000002527
    1.004006678    0.000022945    0.000007881    0.000006787
    1.011185309    0.000054765    0.000018933    0.000016290
    1.018363940    0.000116563    0.000040728    0.000034988
    1.025542571    0.000221273    0.000078672    0.000067407
    1.032721202    0.000374782    0.000137081    0.000116950
    1.039899833    0.000566967    0.000217006    0.000183874
    1.047078464    0.000768288    0.000315462    0.000264510
    1.054257095    0.000940099    0.000427490    0.000353068
    1.061435726    0.001052080    0.000549279    0.000444698
    1.068614357    0.001069392    0.000673583    0.000533051
    1.075792988    0.000976368    0.000786006    0.000608334
    1.082971619    0.000816050    0.000871186    0.000661196
    1.090150250    0.000639034    0.000913777    0.000681783
    1.097328881    0.000476652    0.000898734    0.000660157
    1.104507513    0.000339796    0.000805027    0.000584882
    1.111686144    0.000230810    0.000645597    0.000466604
    1.118864775    0.000148729    0.000464778    0.000335313
    1.126043406    0.000091265    0.000302309    0.000218503
    1.133222037    0.000056617    0.000182450    0.000133597
    1.140400668    0.000043973    0.000114000    0.000087681
    1.147579299    0.000053914    0.000096074    0.000081518
    1.154757930    0.000088086    0.000124405    0.000113678
    1.161936561    0.000146923    0.000193156    0.000180968
    1.169115192    0.000225704    0.000291768    0.000274966
    1.176293823    0.000311651    0.000401197    0.000378582
    1.183472454    0.000385942    0.000495705    0.000468098
    1.190651085    0.000431652    0.000551823    0.000522122
    1.197829716    0.000439710    0.000552568    0.000526216
    1.205008347    0.000415633    0.000493778    0.000479493
    1.212186978    0.000389862    0.000400122    0.000409967
    1.219365609    0.000403500    0.000306871    0.000356839
    1.226544240    0.000489077    0.000241277    0.000350565
    1.233722871    0.000654902    0.000215132    0.000401633
    1.240901503    0.000876403    0.000224656    0.000496556
    1.248080134    0.001103384    0.000256373    0.000603824
    1.255258765    0.001286741    0.000295523    0.000689432
    1.262437396    0.001387648    0.000331770    0.000728058
    1.269616027    0.001348555    0.000360309    0.000702511
    1.276794658    0.001180235    0.000382441    0.000629230
    1.283973289    0.000961287    0.000401544    0.000549889
    1.291151920    0.000756024    0.000418423    0.000498792
    1.298330551    0.000593640    0.000429032    0.000488674
    1.305509182    0.000474876    0.000425834    0.000509075
    1.312687813    0.000389234    0.000406292    0.000537077
    1.319866444    0.000322912    0.000373358    0.000551541
    1.327045075    0.000265225    0.000333402    0.000539590
    1.334223706    0.000214169    0.000298899    0.000506314
    1.341402337    0.000177649    0.000290198    0.000483810
    1.348580968    0.000168074    0.000327825    0.000508510
    1.355759599    0.000197576    0.000424789    0.000600306
    1.362938230    0.000273868    0.000580698    0.000751515
    1.370116861    0.000396624    0.000780256    0.000928959
    1.377295492    0.000555294    0.000997328    0.001089005
    1.384474124    0.000729273    0.001191992    0.001181704
    1.391652755    0.000890964    0.001320074    0.001168542
    1.398831386    0.001004319    0.001359526    0.001043250
    1.406010017    0.001040685    0.001297329    0.000835585
    1.413188648    0.000995655    0.001138338    0.000606209
    1.420367279    0.000867024    0.000923966    0.000404144
    1.427545910    0.000681881    0.000708251    0.000253876
    1.434724541    0.000490372    0.000532154    0.000158234
    1.441903172    0.000329715    0.000409954    0.000107096
    1.449081803    0.000219262    0.000337249    0.000087993
    1.456260434    0.000166442    0.000304809    0.000094657
    1.463439065    0.000175906    0.000311080    0.000131531
    1.470617696    0.000255711    0.000368697    0.000213146
    1.477796327    0.000414624    0.000495579    0.000357023
    1.484974958    0.000650711    0.000697581    0.000570929
    1.492153589    0.000938425    0.000953784    0.000840017
    1.499332220    0.001228081    0.001217128    0.001124906
    1.506510851    0.001467636    0.001437014    0.001381834
    1.513689482    0.001610064    0.001563100    0.001583373
    1.520868114    0.001588220    0.001535350    0.001674577
    1.528046745    0.001382486    0.001349522    0.001616146
    1.535225376    0.001070291    0.001078894    0.001469918
    1.542404007    0.000754508    0.000819911    0.001313326
    1.549582638    0.000501949    0.000631690    0.001183756
    1.556761269    0.000339714    0.000529758    0.001072084
    1.563939900    0.000266956    0.000499396    0.000970277
    1.571118531    0.000267116    0.000512972    0.000879414
    1.578297162    0.000317712    0.000540596    0.000790523
    1.585475793    0.000397327    0.000561569    0.000701322
    1.592654424    0.000492049    0.000571757    0.000623385
    1.599833055    0.000599308    0.000576549    0.000566589
    1.607011686    0.000719219    0.000580568    0.000532935
    1.614190317    0.000850632    0.000589381    0.000521461
    1.621368948    0.000987492    0.000606758    0.000527220
    1.628547579    0.001108986    0.000625209    0.000536687
    1.635726210    0.001189391    0.000629722    0.000533058
    1.642904841    0.001193252    0.000602211    0.000499502
    1.650083472    0.001081846    0.000531079    0.000427848
    1.657262104    0.000878653    0.000429907    0.000332599
    1.664440735    0.000655081    0.000329223    0.000238097
    1.671619366    0.000475656    0.000258253    0.000165115
    1.678797997    0.000377865    0.000234910    0.000125289
    1.685976628    0.000369537    0.000261657    0.000120055
    1.693155259    0.000432374    0.000325590    0.000142236
    1.700333890    0.000530245    0.000402703    0.000178784
    1.707512521    0.000621986    0.000465940    0.000214601
    1.714691152    0.000675248    0.000493698    0.000237609
    1.721869783    0.000669186    0.000475797    0.000242191
    1.729048414    0.000601517    0.000420227    0.000231581
    1.736227045    0.000508446    0.000359726    0.000219247
    1.743405676    0.000436220    0.000335910    0.000220423
    1.750584307    0.000416564    0.000384085    0.000243079
    1.757762938    0.000457729    0.000521644    0.000283551
    1.764941569    0.000544467    0.000737852    0.000328412
    1.772120200    0.000646117    0.000990964    0.000361527
    1.779298831    0.000725443    0.001222483    0.000369269
    1.786477462    0.000753494    0.001389066    0.000347591
    1.793656093    0.000719949    0.001446736    0.000307978
    1.800834725    0.000627882    0.001331061    0.000268661
    1.808013356    0.000511834    0.001092896    0.000247130
    1.815191987    0.000413091    0.000835920    0.000252677
    1.822370618    0.000356880    0.000632402    0.000283124
    1.829549249    0.000347634    0.000515279    0.000326942
    1.836727880    0.000371857    0.000486098    0.000367932
    1.843906511    0.000406318    0.000526471    0.000389298
    1.851085142    0.000429468    0.000609921    0.000382099
    1.858263773    0.000425620    0.000705067    0.000346070
    1.865442404    0.000389093    0.000778875    0.000287587
    1.872621035    0.000330836    0.000809113    0.000220089
    1.879799666    0.000267703    0.000776446    0.000155895
    1.886978297    0.000215767    0.000671501    0.000102681
    1.894156928    0.000187896    0.000528029    0.000063632
    1.901335559    0.000189417    0.000388965    0.000038340
    1.908514190    0.000216372    0.000281532    0.000024629
    1.915692821    0.000256824    0.000213140    0.000020255
    1.922871452    0.000295827    0.000175872    0.000023991
    1.930050083    0.000322254    0.000155779    0.000036095
    1.937228715    0.000331343    0.000141201    0.000058156
    1.944407346    0.000329308    0.000127857    0.000092362
    1.951585977    0.000332534    0.000118723    0.000140324
    1.958764608    0.000354995    0.000119878    0.000201696
    1.965943239    0.000399553    0.000136747    0.000272931
    1.973121870    0.000454952    0.000171654    0.000346285
    1.980300501    0.000502398    0.000223171    0.000412944
    1.987479132    0.000525834    0.000286919    0.000468589
    1.994657763    0.000511763    0.000356831    0.000512061
    2.001836394    0.000458364    0.000425571    0.000546115
    2.009015025    0.000383390    0.000483330    0.000578042
    2.016193656    0.000308925    0.000522178    0.000612101
    2.023372287    0.000251210    0.000536305    0.000643977
    2.030550918    0.000218781    0.000522265    0.000664118
    2.037729549    0.000215859    0.000482806    0.000660658
    2.044908180    0.000246769    0.000425018    0.000625591
    2.052086811    0.000320162    0.000365050    0.000579520
    2.059265442    0.000448966    0.000317492    0.000554040
    2.066444073    0.000646903    0.000289717    0.000576601
    2.073622705    0.000921760    0.000283581    0.000662522
    2.080801336    0.001260565    0.000297971    0.000805128
    2.087979967    0.001619976    0.000332303    0.000974695
    2.095158598    0.001939795    0.000386391    0.001128406
    2.102337229    0.002201102    0.000456655    0.001238870
    2.109515860    0.002371067    0.000535443    0.001281725
    2.116694491    0.002293496    0.000613808    0.001210739
    2.123873122    0.001981534    0.000678764    0.001055811
    2.131051753    0.001580536    0.000718359    0.000883815
    2.138230384    0.001206552    0.000729988    0.000734831
    2.145409015    0.000914030    0.000721404    0.000623464
    2.152587646    0.000709824    0.000705327    0.000548342
    2.159766277    0.000574215    0.000687654    0.000499650
    2.166944908    0.000497906    0.000681080    0.000479012
    2.174123539    0.000485585    0.000698114    0.000496704
    2.181302170    0.000544064    0.000740296    0.000560165
    2.188480801    0.000674847    0.000804263    0.000670415
    2.195659432    0.000866173    0.000880431    0.000816743
    2.202838063    0.001087659    0.000953933    0.000973726
    2.210016694    0.001311380    0.001036725    0.001125094
    2.217195326    0.001524540    0.001145120    0.001266304
    2.224373957    0.001681186    0.001264851    0.001370856
    2.231552588    0.001722622    0.001368132    0.001397088
    2.238731219    0.001677888    0.001446194    0.001355536
    2.245909850    0.001589668    0.001484098    0.001277553
    2.253088481    0.001454003    0.001426164    0.001154804
    2.260267112    0.001285521    0.001285457    0.000980915
    2.267445743    0.001128367    0.001132554    0.000799901
    2.274624374    0.001004440    0.001011606    0.000648234
    2.281803005    0.000903224    0.000932870    0.000538478
    2.288981636    0.000800429    0.000880604    0.000465835
    2.296160267    0.000695876    0.000824749    0.000420974
    2.303338898    0.000601457    0.000755557    0.000394612
    2.310517529    0.000524866    0.000680548    0.000379997
    2.317696160    0.000471961    0.000610023    0.000373783
    2.324874791    0.000446938    0.000561865    0.000379183
    2.332053422    0.000445893    0.000548208    0.000400416
    2.339232053    0.000458297    0.000566698    0.000435500
    2.346410684    0.000470337    0.000605105    0.000474605
    2.353589316    0.000470611    0.000647534    0.000504110
    2.360767947    0.000456648    0.000678051    0.000513211
    2.367946578    0.000431867    0.000686050    0.000493707
    2.375125209    0.000406546    0.000679232    0.000448858
    2.382303840    0.000399508    0.000677492    0.000392664
    2.389482471    0.000428043    0.000695611    0.000340410
    2.396661102    0.000500284    0.000739897    0.000306494
    2.403839733    0.000611084    0.000811274    0.000299050
    2.411018364    0.000741621    0.000897861    0.000318235
    2.418196995    0.000871782    0.000979659    0.000362600
    2.425375626    0.000999769    0.001044181    0.000437768
    2.432554257    0.001122641    0.001083707    0.000557513
    2.439732888    0.001234742    0.001097337    0.000737319
    2.446911519    0.001373459    0.001125838    0.000985384
    2.454090150    0.001560059    0.001198745    0.001285129
    2.461268781    0.001772450    0.001303406    0.001593195
    2.468447412    0.001984245    0.001411596    0.001879828
    2.475626043    0.002204990    0.001507295    0.002162287
    2.482804674    0.002287970    0.001507588    0.002302555
    2.489983306    0.002081398    0.001358805    0.002143440
    2.497161937    0.001731748    0.001161032    0.001810150
    2.504340568    0.001397351    0.001005955    0.001450671
    2.511519199    0.001165573    0.000934148    0.001172134
    2.518697830    0.001058884    0.000937493    0.001008493
    2.525876461    0.001053267    0.000978104    0.000938673
    2.533055092    0.001118758    0.001019907    0.000926388
    2.540233723    0.001232206    0.001016793    0.000934620
    2.547412354    0.001332788    0.000919798    0.000913923
    2.554590985    0.001396255    0.000764999    0.000860800
    2.561769616    0.001436371    0.000609679    0.000795013
    2.568948247    0.001460876    0.000489457    0.000728610
    2.576126878    0.001474485    0.000419520    0.000665574
    2.583305509    0.001405299    0.000402476    0.000593004
    2.590484140    0.001193425    0.000434766    0.000507074
    2.597662771    0.000940556    0.000508045    0.000432203
    2.604841402    0.000744957    0.000609728    0.000388672
    2.612020033    0.000645946    0.000731806    0.000384752
    2.619198664    0.000639412    0.000883042    0.000423678
    2.626377295    0.000700778    0.001090231    0.000511206
    2.633555927    0.000805962    0.001365555    0.000660009
    2.640734558    0.000955339    0.001713498    0.000893424
    2.647913189    0.001160524    0.002129543    0.001225491
    2.655091820    0.001410685    0.002554327    0.001625882
    2.662270451    0.001722891    0.002967470    0.002062848
    2.669449082    0.002123997    0.003551014    0.002569644
    2.676627713    0.002604928    0.004531289    0.003196710
    2.683806344    0.003181793    0.004996333    0.003869032
    2.690984975    0.004120518    0.004459993    0.005018268
    2.698163606    0.005175848    0.003508430    0.006403660
    2.705342237    0.005481318    0.002567302    0.006515547
    2.712520868    0.005750587    0.001931552    0.006366932
    2.719699499    0.007780416    0.001631329    0.007792520
    2.726878130    0.012726040    0.001587965    0.011287703
    2.734056761    0.016098834    0.001719883    0.013650547
    2.741235392    0.018749551    0.002021861    0.015758632
    2.748414023    0.023069101    0.002503168    0.018565877
    2.755592654    0.027861664    0.003033594    0.021414796
    2.762771285    0.028339268    0.003505084    0.024046086
    2.769949917    0.022276654    0.003927625    0.023633864
    2.777128548    0.016526336    0.004427703    0.021604952
    2.784307179    0.013694108    0.005334157    0.021711025
    2.791485810    0.013719658    0.008220134    0.027113942
    2.798664441    0.014458395    0.012789327    0.029423604
    2.805843072    0.015039522    0.015003554    0.031921053
    2.813021703    0.017886056    0.016497063    0.039327939
    2.820200334    0.019666485    0.016958550    0.049278758
    2.827378965    0.018303615    0.015384532    0.054314256
    2.834557596    0.017609648    0.014310584    0.052573618
    2.841736227    0.021308710    0.017787547    0.048416940
    2.848914858    0.028052662    0.024294904    0.040475598
    2.856093489    0.031564334    0.027501495    0.029211826
    2.863272120    0.031898052    0.030582524    0.020839144
    2.870450751    0.028666059    0.029903576    0.016778395
    2.877629382    0.025944078    0.024332258    0.016417862
    2.884808013    0.024280540    0.020986035    0.017468769
    2.891986644    0.022122907    0.021456963    0.017667016
    2.899165275    0.018146857    0.020259871    0.015743232
    2.906343907    0.014342235    0.017557333    0.013334978
    2.913522538    0.012633676    0.017681439    0.012697026
    2.920701169    0.014622926    0.022193725    0.016167936
    2.927879800    0.019214296    0.020110112    0.021918360
    2.935058431    0.015900263    0.019445730    0.020081305
    2.942237062    0.014872232    0.023821523    0.020819018
    2.949415693    0.016767373    0.031369812    0.025912466
    2.956594324    0.020089328    0.038802977    0.033716921
    2.963772955    0.025226439    0.044929123    0.041165265
    2.970951586    0.034475784    0.056794215    0.054272044
    2.978130217    0.050645104    0.074802236    0.087828915
    2.985308848    0.069733617    0.087131103    0.130613251
    2.992487479    0.096532514    0.102319302    0.117982852
    2.999666110    0.136598484    0.120370657    0.081181088
    3.006844741    0.126990336    0.112165023    0.061415384
    3.014023372    0.090401466    0.088365870    0.050066398
    3.021202003    0.075994594    0.067194183    0.044935356
    3.028380634    0.091019601    0.055147817    0.052205269
    3.035559265    0.107908123    0.059330128    0.069924258
    3.042737896    0.120407827    0.080436047    0.086462087
    3.049916528    0.142984269    0.085837374    0.095746817
    3.057095159    0.131642210    0.068838433    0.083678599
    3.064273790    0.082550403    0.049678060    0.056104429
    3.071452421    0.050066406    0.040712440    0.037903174
    3.078631052    0.035210220    0.038585290    0.029757535
    3.085809683    0.027019834    0.033072709    0.025094177
    3.092988314    0.022919412    0.027558765    0.023277466
    3.100166945    0.021100909    0.026381681    0.025537159
    3.107345576    0.017825167    0.025345311    0.027623222
    3.114524207    0.013106057    0.020782604    0.023038221
    3.121702838    0.009270555    0.016029758    0.016198890
    3.128881469    0.006896601    0.012679714    0.011297953
    3.136060100    0.005752768    0.010871084    0.008620550
    3.143238731    0.005509375    0.010447445    0.007482420
    3.150417362    0.005763972    0.010370521    0.007200839
    3.157595993    0.006112565    0.010096799    0.007534079
    3.164774624    0.006424015    0.009944199    0.008102467
    3.171953255    0.006985014    0.010167239    0.008195271
    3.179131886    0.007667632    0.010624427    0.007999424
    3.186310518    0.007603330    0.010435713    0.007879923
    3.193489149    0.007094401    0.010216589    0.008206414
    3.200667780    0.006410386    0.009752775    0.008252610
    3.207846411    0.005624838    0.008828892    0.007699326
    3.215025042    0.004745121    0.007602653    0.006939856
    3.222203673    0.003985916    0.006277954    0.006279839
    3.229382304    0.003532977    0.005180252    0.005927485
    3.236560935    0.003350077    0.004460173    0.005975639
    3.243739566    0.003209188    0.004109603    0.005999649
    3.250918197    0.003050424    0.003816054    0.005564821
    3.258096828    0.002962721    0.003348597    0.004812601
    3.265275459    0.002929013    0.002938464    0.004076580
    3.272454090    0.002934401    0.002731002    0.003545275
    3.279632721    0.002977819    0.002706060    0.003240401
    3.286811352    0.003034238    0.002761564    0.003103868
    3.293989983    0.003161281    0.002885798    0.003172231
    3.301168614    0.003264808    0.003080664    0.003412728
    3.308347245    0.003300679    0.003082192    0.003644358
    3.315525876    0.003352360    0.002785965    0.003772779
    3.322704508    0.003565846    0.002402276    0.003943619
    3.329883139    0.004046079    0.002077894    0.004337360
    3.337061770    0.004267717    0.001808494    0.004462393
    3.344240401    0.003870396    0.001598029    0.003988334
    3.351419032    0.003388616    0.001478224    0.003438300
    3.358597663    0.003165010    0.001452157    0.003123530
    3.365776294    0.003197774    0.001480328    0.003022359
    3.372954925    0.003313324    0.001513857    0.003027274
    3.380133556    0.003496646    0.001583030    0.003165655
    3.387312187    0.003838626    0.001737908    0.003408871
    3.394490818    0.004451620    0.002001918    0.003607563
    3.401669449    0.005098120    0.002349971    0.003607484
    3.408848080    0.005114277    0.002704004    0.003345842
    3.416026711    0.004717694    0.002993056    0.003022523
    3.423205342    0.004468029    0.003314008    0.002799480
    3.430383973    0.004500840    0.004032426    0.002669534
    3.437562604    0.004562255    0.005214749    0.002605705
    3.444741235    0.004324172    0.005996925    0.002564464
    3.451919866    0.003945547    0.005916539    0.002528349
    3.459098497    0.003685102    0.005526623    0.002512379
    3.466277129    0.003726480    0.005870106    0.002609638
    3.473455760    0.003996432    0.007943903    0.002901645
    3.480634391    0.004366343    0.010635658    0.003307943
    3.487813022    0.004757695    0.011648581    0.003522127
    3.494991653    0.004894277    0.011239264    0.003453932
    3.502170284    0.004690350    0.009766763    0.003295218
    3.509348915    0.004668323    0.007999923    0.003331277
    3.516527546    0.005775156    0.007423739    0.004072620
    3.523706177    0.008865086    0.008048148    0.005957829
    3.530884808    0.011845029    0.008121721    0.007330066
    3.538063439    0.012451470    0.007158073    0.007028733
    3.545242070    0.011352034    0.006433559    0.006568885
    3.552420701    0.009776609    0.006502588    0.006665259
    3.559599332    0.008196277    0.006705698    0.006550785
    3.566777963    0.007178989    0.006940669    0.006231721
    3.573956594    0.007638655    0.008624184    0.007004788
    3.581135225    0.010145102    0.011121368    0.009081171
    3.588313856    0.012149938    0.012665219    0.010574225
    3.595492487    0.013097902    0.013536549    0.011320489
    3.602671119    0.014349432    0.013384178    0.011619979
    3.609849750    0.015446260    0.012392649    0.011105549
    3.617028381    0.015194305    0.012536947    0.010634013
    3.624207012    0.014444099    0.014324598    0.010989252
    3.631385643    0.013988674    0.014345887    0.011471956
    3.638564274    0.013250619    0.012261013    0.011414751
    3.645742905    0.012007273    0.010167874    0.010857010
    3.652921536    0.011156306    0.009630354    0.010279561
    3.660100167    0.010928153    0.010573216    0.010100726
    3.667278798    0.010927809    0.011209120    0.010147851
    3.674457429    0.010760955    0.011250014    0.009863062
    3.681636060    0.010498058    0.010862978    0.009628191
    3.688814691    0.010310815    0.010483383    0.009575972
    3.695993322    0.010123985    0.010424087    0.009408753
    3.703171953    0.009723854    0.010229685    0.008789536
    3.710350584    0.009178985    0.009828055    0.008109105
    3.717529215    0.009018728    0.009396854    0.007896976
    3.724707846    0.009130367    0.009034765    0.007991594
    3.731886477    0.008966022    0.008506893    0.008116516
    3.739065109    0.008524434    0.007715616    0.008502297
    3.746243740    0.008298687    0.007251374    0.008645650
    3.753422371    0.008698925    0.006913758    0.008199312
    3.760601002    0.009302082    0.006197155    0.007682410
    3.767779633    0.009387746    0.005633443    0.007722103
    3.774958264    0.008553577    0.004982859    0.007551945
    3.782136895    0.007655532    0.004312647    0.006562087
    3.789315526    0.007452738    0.004139876    0.005852861
    3.796494157    0.007969090    0.004373200    0.005780037
    3.803672788    0.008083325    0.004680070    0.005413997
    3.810851419    0.007586860    0.005004021    0.004519199
    3.818030050    0.007565868    0.005623415    0.003856714
    3.825208681    0.007077748    0.006216737    0.003555730
    3.832387312    0.006155450    0.006481502    0.003565514
    3.839565943    0.005676915    0.006629918    0.003738771
    3.846744574    0.005141135    0.006186525    0.003759233
    3.853923205    0.004751147    0.005166766    0.003348818
    3.861101836    0.004806139    0.004509334    0.002995262
    3.868280467    0.005340053    0.004552144    0.002898427
    3.875459098    0.006124660    0.004875489    0.002829366
    3.882637730    0.006575302    0.005036349    0.002784145
    3.889816361    0.006002304    0.004571501    0.002664045
    3.896994992    0.004943865    0.003808158    0.002417523
    3.904173623    0.004305617    0.003413363    0.002190037
    3.911352254    0.004006756    0.003244990    0.002023836
    3.918530885    0.003971036    0.003173402    0.001921405
    3.925709516    0.004368004    0.003241085    0.001886571
    3.932888147    0.005176117    0.003344667    0.001870429
    3.940066778    0.006138665    0.003321325    0.001836691
    3.947245409    0.006531406    0.003263295    0.001780193
    3.954424040    0.005612203    0.003211961    0.001703244
    3.961602671    0.004636307    0.003135858    0.001617741
    3.968781302    0.004281536    0.003119273    0.001527296
    3.975959933    0.003984595    0.003118599    0.001428873
    3.983138564    0.003533084    0.003063765    0.001305412
    3.990317195    0.003064578    0.002997667    0.001169517
    3.997495826    0.002592799    0.002876974    0.001047124
    4.004674457    0.002244005    0.002800214    0.000968867
    4.011853088    0.002057069    0.002940375    0.000949897
    4.019031720    0.001996160    0.003281399    0.000998037
    4.026210351    0.002028202    0.003685698    0.001108620
    4.033388982    0.002094905    0.003896014    0.001259073
    4.040567613    0.002143647    0.003657864    0.001418585
    4.047746244    0.002235604    0.003338780    0.001578363
    4.054924875    0.002411612    0.003222711    0.001756995
    4.062103506    0.002611073    0.003162649    0.001922557
    4.069282137    0.002708824    0.003031716    0.002014051
    4.076460768    0.002703451    0.002875683    0.002051135
    4.083639399    0.002746386    0.002839672    0.002108943
    4.090818030    0.002840982    0.002865112    0.002184496
    4.097996661    0.002918622    0.002887492    0.002239244
    4.105175292    0.003023485    0.002989651    0.002295611
    4.112353923    0.003200300    0.003221118    0.002396719
    4.119532554    0.003325062    0.003428487    0.002468685
    4.126711185    0.003264387    0.003487306    0.002430096
    4.133889816    0.003175392    0.003638172    0.002370769
    4.141068447    0.003185811    0.003989851    0.002340248
    4.148247078    0.003284803    0.004449781    0.002333513
    4.155425710    0.003432560    0.004903861    0.002353337
    4.162604341    0.003612300    0.005358940    0.002396186
    4.169782972    0.003722838    0.005649086    0.002433354
    4.176961603    0.003602563    0.005412458    0.002406838
    4.184140234    0.003342151    0.004885210    0.002309613
    4.191318865    0.003156995    0.004532255    0.002224694
    4.198497496    0.003032607    0.004388091    0.002174932
    4.205676127    0.002884407    0.004356611    0.002125356
    4.212854758    0.002723901    0.004532252    0.002076742
    4.220033389    0.002596230    0.005125025    0.002044669
    4.227212020    0.002483068    0.006066038    0.002004731
    4.234390651    0.002410923    0.007104477    0.001977727
    4.241569282    0.002345863    0.007534824    0.001965339
    4.248747913    0.002217155    0.006572565    0.001961959
    4.255926544    0.002076731    0.005373175    0.002029730
    4.263105175    0.001998821    0.004780417    0.002194031
    4.270283806    0.001963138    0.004398412    0.002407502
    4.277462437    0.001943651    0.004010555    0.002596740
    4.284641068    0.001950940    0.003652424    0.002740118
    4.291819699    0.001966195    0.003381834    0.002800066
    4.298998331    0.001962609    0.003275132    0.002814520
    4.306176962    0.001926577    0.003285889    0.002780569
    4.313355593    0.001863478    0.003292474    0.002678985
    4.320534224    0.001790007    0.003201545    0.002569638
    4.327712855    0.001733908    0.003012942    0.002470524
    4.334891486    0.001729344    0.002779424    0.002371914
    4.342070117    0.001807534    0.002565573    0.002318510
    4.349248748    0.001992344    0.002386887    0.002356172
    4.356427379    0.002268629    0.002252973    0.002447217
    4.363606010    0.002588893    0.002172060    0.002521552
    4.370784641    0.002893833    0.002133010    0.002523269
    4.377963272    0.003124672    0.002137719    0.002454732
    4.385141903    0.003217804    0.002162846    0.002312814
    4.392320534    0.003183873    0.002194915    0.002129106
    4.399499165    0.003056568    0.002233605    0.001946548
    4.406677796    0.002913129    0.002272891    0.001817558
    4.413856427    0.002801745    0.002326177    0.001779618
    4.421035058    0.002750520    0.002400356    0.001846216
    4.428213689    0.002740645    0.002497551    0.001992155
    4.435392321    0.002704892    0.002620337    0.002156164
    4.442570952    0.002653973    0.002738132    0.002315441
    4.449749583    0.002627106    0.002808025    0.002472773
    4.456928214    0.002587696    0.002783210    0.002596546
    4.464106845    0.002491034    0.002602927    0.002640305
    4.471285476    0.002384827    0.002352970    0.002628448
    4.478464107    0.002323124    0.002139400    0.002625559
    4.485642738    0.002313776    0.002011516    0.002631545
    4.492821369    0.002354195    0.002029675    0.002633776
    4.500000000    0.002453652    0.002228805    0.002640252
