# energy grid [eV]  eels components [arbitrary units]
#
    0.200000000    0.000000000    0.000000000    0.000000000
    0.207178631    0.000000000    0.000000000    0.000000000
    0.214357262    0.000000000    0.000000000    0.000000000
    0.221535893    0.000000000    0.000000000    0.000000000
    0.228714524    0.000000000    0.000000000    0.000000000
    0.235893155    0.000000000    0.000000000    0.000000000
    0.243071786    0.000000000    0.000000000    0.000000000
    0.250250417    0.000000000    0.000000000    0.000000000
    0.257429048    0.000000000    0.000000000    0.000000000
    0.264607679    0.000000000    0.000000000    0.000000000
    0.271786311    0.000000000    0.000000000    0.000000000
    0.278964942    0.000000000    0.000000000    0.000000000
    0.286143573    0.000000000    0.000000000    0.000000000
    0.293322204    0.000000000    0.000000000    0.000000000
    0.300500835    0.000000000    0.000000000    0.000000000
    0.307679466    0.000000000    0.000000000    0.000000000
    0.314858097    0.000000000    0.000000000    0.000000000
    0.322036728    0.000000000    0.000000000    0.000000000
    0.329215359    0.000000000    0.000000000    0.000000000
    0.336393990    0.000000000    0.000000000    0.000000000
    0.343572621    0.000000000    0.000000000    0.000000000
    0.350751252    0.000000000    0.000000000    0.000000000
    0.357929883    0.000000000    0.000000000    0.000000000
    0.365108514    0.000000000    0.000000000    0.000000000
    0.372287145    0.000000000    0.000000000    0.000000000
    0.379465776    0.000000000    0.000000000    0.000000000
    0.386644407    0.000000000    0.000000000    0.000000000
    0.393823038    0.000000000    0.000000000    0.000000000
    0.401001669    0.000000000    0.000000000    0.000000000
    0.408180301    0.000000000    0.000000000    0.000000000
    0.415358932    0.000000000    0.000000000    0.000000000
    0.422537563    0.000000000    0.000000000    0.000000000
    0.429716194    0.000000000    0.000000000    0.000000000
    0.436894825    0.000000000    0.000000000    0.000000000
    0.444073456    0.000000000    0.000000000    0.000000000
    0.451252087    0.000000000    0.000000000    0.000000000
    0.458430718    0.000000000    0.000000000    0.000000000
    0.465609349    0.000000000    0.000000000    0.000000000
    0.472787980    0.000000000    0.000000000    0.000000000
    0.479966611    0.000000000    0.000000000    0.000000000
    0.487145242    0.000000000    0.000000000    0.000000000
    0.494323873    0.000000000    0.000000000    0.000000000
    0.501502504    0.000000000    0.000000000    0.000000000
    0.508681135    0.000000000    0.000000000    0.000000000
    0.515859766    0.000000000    0.000000000    0.000000000
    0.523038397    0.000000000    0.000000000    0.000000000
    0.530217028    0.000000000    0.000000000    0.000000000
    0.537395659    0.000000000    0.000000000    0.000000000
    0.544574290    0.000000000    0.000000000    0.000000000
    0.551752922    0.000000000    0.000000000    0.000000000
    0.558931553    0.000000000    0.000000000    0.000000000
    0.566110184    0.000000000    0.000000000    0.000000000
    0.573288815    0.000000000    0.000000000    0.000000000
    0.580467446    0.000000000    0.000000000    0.000000000
    0.587646077    0.000000000    0.000000000    0.000000000
    0.594824708    0.000000000    0.000000000    0.000000000
    0.602003339    0.000000000    0.000000000    0.000000000
    0.609181970    0.000000000    0.000000000    0.000000000
    0.616360601    0.000000000    0.000000000    0.000000000
    0.623539232    0.000000000    0.000000000    0.000000000
    0.630717863    0.000000000    0.000000000    0.000000000
    0.637896494    0.000000000    0.000000000    0.000000000
    0.645075125    0.000000000    0.000000000    0.000000000
    0.652253756    0.000000000    0.000000000    0.000000000
    0.659432387    0.000000000    0.000000000    0.000000001
    0.666611018    0.000000000    0.000000000    0.000000001
    0.673789649    0.000000000    0.000000000    0.000000001
    0.680968280    0.000000000    0.000000000    0.000000000
    0.688146912    0.000000000    0.000000000    0.000000000
    0.695325543    0.000000000    0.000000000    0.000000000
    0.702504174    0.000000000    0.000000000    0.000000000
    0.709682805    0.000000000    0.000000000    0.000000000
    0.716861436    0.000000000    0.000000000    0.000000000
    0.724040067    0.000000000    0.000000000    0.000000000
    0.731218698    0.000000000    0.000000000    0.000000000
    0.738397329    0.000000000    0.000000000    0.000000000
    0.745575960    0.000000000    0.000000000    0.000000000
    0.752754591    0.000000000    0.000000000    0.000000000
    0.759933222    0.000000000    0.000000000    0.000000000
    0.767111853    0.000000000    0.000000000    0.000000000
    0.774290484    0.000000000    0.000000000    0.000000000
    0.781469115    0.000000000    0.000000000    0.000000000
    0.788647746    0.000000000    0.000000000    0.000000000
    0.795826377    0.000000000    0.000000000    0.000000000
    0.803005008    0.000000000    0.000000000    0.000000000
    0.810183639    0.000000000    0.000000000    0.000000000
    0.817362270    0.000000000    0.000000000    0.000000000
    0.824540902    0.000000000    0.000000000    0.000000000
    0.831719533    0.000000000    0.000000000    0.000000000
    0.838898164    0.000000000    0.000000000    0.000000000
    0.846076795    0.000000000    0.000000000    0.000000000
    0.853255426    0.000000000    0.000000000    0.000000000
    0.860434057    0.000000000    0.000000000    0.000000000
    0.867612688    0.000000000    0.000000000    0.000000000
    0.874791319    0.000000000    0.000000000    0.000000000
    0.881969950    0.000000000    0.000000000    0.000000000
    0.889148581    0.000000000    0.000000000    0.000000000
    0.896327212    0.000000000    0.000000000    0.000000000
    0.903505843    0.000000000    0.000000000    0.000000000
    0.910684474    0.000000000    0.000000000    0.000000000
    0.917863105    0.000000000    0.000000000    0.000000000
    0.925041736    0.000000000    0.000000000    0.000000000
    0.932220367    0.000000000    0.000000000    0.000000000
    0.939398998    0.000000000    0.000000000    0.000000000
    0.946577629    0.000000000    0.000000000    0.000000000
    0.953756260    0.000000000    0.000000000    0.000000000
    0.960934891    0.000000000    0.000000000    0.000000000
    0.968113523    0.000000000    0.000000000    0.000000000
    0.975292154    0.000000000    0.000000000    0.000000000
    0.982470785    0.000000000    0.000000000    0.000000000
    0.989649416    0.000000000    0.000000000    0.000000000
    0.996828047    0.000000000    0.000000000    0.000000000
    1.004006678    0.000000000    0.000000000    0.000000000
    1.011185309    0.000000000    0.000000000    0.000000000
    1.018363940    0.000000000    0.000000000    0.000000000
    1.025542571    0.000000000    0.000000000    0.000000000
    1.032721202    0.000000000    0.000000000    0.000000000
    1.039899833    0.000000000    0.000000000    0.000000000
    1.047078464    0.000000000    0.000000000    0.000000000
    1.054257095    0.000000000    0.000000000    0.000000000
    1.061435726    0.000000000    0.000000000    0.000000000
    1.068614357    0.000000000    0.000000000    0.000000000
    1.075792988    0.000000000    0.000000000    0.000000000
    1.082971619    0.000000000    0.000000000    0.000000000
    1.090150250    0.000000000    0.000000000    0.000000000
    1.097328881    0.000000000    0.000000000    0.000000000
    1.104507513    0.000000000    0.000000000    0.000000000
    1.111686144    0.000000000    0.000000000    0.000000000
    1.118864775    0.000000000    0.000000000    0.000000000
    1.126043406    0.000000000    0.000000000    0.000000000
    1.133222037    0.000000000    0.000000000    0.000000000
    1.140400668    0.000000000    0.000000000    0.000000000
    1.147579299    0.000000000    0.000000000    0.000000000
    1.154757930    0.000000000    0.000000000    0.000000000
    1.161936561    0.000000000    0.000000000    0.000000000
    1.169115192    0.000000000    0.000000000    0.000000000
    1.176293823    0.000000000    0.000000000    0.000000000
    1.183472454    0.000000000    0.000000000    0.000000000
    1.190651085    0.000000000    0.000000000    0.000000000
    1.197829716    0.000000000    0.000000000    0.000000000
    1.205008347    0.000000000    0.000000000    0.000000000
    1.212186978    0.000000000    0.000000000    0.000000000
    1.219365609    0.000000000    0.000000000    0.000000000
    1.226544240    0.000000000    0.000000000    0.000000000
    1.233722871    0.000000000    0.000000000    0.000000000
    1.240901503    0.000000000    0.000000000    0.000000000
    1.248080134    0.000000000    0.000000000    0.000000000
    1.255258765    0.000000000    0.000000000    0.000000000
    1.262437396    0.000000000    0.000000000    0.000000000
    1.269616027    0.000000000    0.000000000    0.000000000
    1.276794658    0.000000000    0.000000000    0.000000000
    1.283973289    0.000000000    0.000000000    0.000000000
    1.291151920    0.000000000    0.000000000    0.000000000
    1.298330551    0.000000000    0.000000000    0.000000000
    1.305509182    0.000000000    0.000000000    0.000000000
    1.312687813    0.000000000    0.000000000    0.000000000
    1.319866444    0.000000000    0.000000000    0.000000000
    1.327045075    0.000000000    0.000000000    0.000000000
    1.334223706    0.000000000    0.000000000    0.000000000
    1.341402337    0.000000000    0.000000000    0.000000000
    1.348580968    0.000000000    0.000000000    0.000000000
    1.355759599    0.000000000    0.000000000    0.000000000
    1.362938230    0.000000000    0.000000000    0.000000000
    1.370116861    0.000000000    0.000000000    0.000000000
    1.377295492    0.000000000    0.000000000    0.000000000
    1.384474124    0.000000000    0.000000000    0.000000000
    1.391652755    0.000000000    0.000000000    0.000000000
    1.398831386    0.000000000    0.000000000    0.000000000
    1.406010017    0.000000000    0.000000000    0.000000000
    1.413188648    0.000000000    0.000000000    0.000000000
    1.420367279    0.000000000    0.000000000    0.000000000
    1.427545910    0.000000000    0.000000000    0.000000000
    1.434724541    0.000000000    0.000000000    0.000000000
    1.441903172    0.000000000    0.000000000    0.000000000
    1.449081803    0.000000000    0.000000000    0.000000000
    1.456260434    0.000000000    0.000000000    0.000000000
    1.463439065    0.000000000    0.000000000    0.000000000
    1.470617696    0.000000000    0.000000000    0.000000000
    1.477796327    0.000000000    0.000000000    0.000000000
    1.484974958    0.000000000    0.000000000    0.000000000
    1.492153589    0.000000000    0.000000000    0.000000000
    1.499332220    0.000000000    0.000000000    0.000000000
    1.506510851    0.000000000    0.000000000    0.000000000
    1.513689482    0.000000000    0.000000000    0.000000000
    1.520868114    0.000000000    0.000000000    0.000000000
    1.528046745    0.000000000    0.000000000    0.000000000
    1.535225376    0.000000000    0.000000000    0.000000000
    1.542404007    0.000000000    0.000000000    0.000000000
    1.549582638    0.000000000    0.000000000    0.000000000
    1.556761269    0.000000000    0.000000000    0.000000000
    1.563939900    0.000000000    0.000000000    0.000000000
    1.571118531    0.000000000    0.000000000    0.000000000
    1.578297162    0.000000000    0.000000000    0.000000000
    1.585475793    0.000000000    0.000000000    0.000000000
    1.592654424    0.000000000    0.000000000    0.000000000
    1.599833055    0.000000000    0.000000000    0.000000000
    1.607011686    0.000000000    0.000000000    0.000000000
    1.614190317    0.000000000    0.000000000    0.000000000
    1.621368948    0.000000000    0.000000000    0.000000000
    1.628547579    0.000000000    0.000000000    0.000000000
    1.635726210    0.000000000    0.000000000    0.000000000
    1.642904841    0.000000000    0.000000001    0.000000000
    1.650083472    0.000000000    0.000000001    0.000000001
    1.657262104    0.000000000    0.000000002    0.000000001
    1.664440735    0.000000000    0.000000002    0.000000002
    1.671619366    0.000000000    0.000000003    0.000000002
    1.678797997    0.000000001    0.000000003    0.000000002
    1.685976628    0.000000001    0.000000003    0.000000003
    1.693155259    0.000000001    0.000000003    0.000000003
    1.700333890    0.000000001    0.000000003    0.000000004
    1.707512521    0.000000001    0.000000003    0.000000004
    1.714691152    0.000000001    0.000000003    0.000000004
    1.721869783    0.000000001    0.000000003    0.000000004
    1.729048414    0.000000001    0.000000003    0.000000004
    1.736227045    0.000000001    0.000000003    0.000000004
    1.743405676    0.000000001    0.000000003    0.000000004
    1.750584307    0.000000001    0.000000004    0.000000004
    1.757762938    0.000000001    0.000000004    0.000000004
    1.764941569    0.000000000    0.000000005    0.000000004
    1.772120200    0.000000000    0.000000006    0.000000004
    1.779298831    0.000000000    0.000000006    0.000000004
    1.786477462    0.000000000    0.000000006    0.000000003
    1.793656093    0.000000000    0.000000005    0.000000003
    1.800834725    0.000000000    0.000000004    0.000000002
    1.808013356    0.000000000    0.000000003    0.000000001
    1.815191987    0.000000000    0.000000002    0.000000001
    1.822370618    0.000000000    0.000000002    0.000000001
    1.829549249    0.000000000    0.000000002    0.000000001
    1.836727880    0.000000001    0.000000002    0.000000001
    1.843906511    0.000000001    0.000000003    0.000000001
    1.851085142    0.000000002    0.000000003    0.000000002
    1.858263773    0.000000003    0.000000005    0.000000003
    1.865442404    0.000000004    0.000000005    0.000000003
    1.872621035    0.000000005    0.000000006    0.000000004
    1.879799666    0.000000006    0.000000006    0.000000004
    1.886978297    0.000000006    0.000000006    0.000000004
    1.894156928    0.000000006    0.000000005    0.000000003
    1.901335559    0.000000006    0.000000004    0.000000003
    1.908514190    0.000000006    0.000000003    0.000000002
    1.915692821    0.000000006    0.000000003    0.000000002
    1.922871452    0.000000006    0.000000002    0.000000002
    1.930050083    0.000000006    0.000000002    0.000000002
    1.937228715    0.000000006    0.000000002    0.000000002
    1.944407346    0.000000007    0.000000002    0.000000003
    1.951585977    0.000000007    0.000000002    0.000000003
    1.958764608    0.000000006    0.000000002    0.000000003
    1.965943239    0.000000006    0.000000002    0.000000003
    1.973121870    0.000000006    0.000000002    0.000000003
    1.980300501    0.000000005    0.000000002    0.000000003
    1.987479132    0.000000005    0.000000002    0.000000003
    1.994657763    0.000000005    0.000000002    0.000000002
    2.001836394    0.000000005    0.000000002    0.000000002
    2.009015025    0.000000005    0.000000003    0.000000002
    2.016193656    0.000000004    0.000000003    0.000000002
    2.023372287    0.000000004    0.000000003    0.000000001
    2.030550918    0.000000003    0.000000002    0.000000001
    2.037729549    0.000000002    0.000000002    0.000000001
    2.044908180    0.000000002    0.000000002    0.000000001
    2.052086811    0.000000002    0.000000002    0.000000002
    2.059265442    0.000000002    0.000000002    0.000000002
    2.066444073    0.000000003    0.000000002    0.000000002
    2.073622705    0.000000003    0.000000002    0.000000003
    2.080801336    0.000000004    0.000000003    0.000000003
    2.087979967    0.000000005    0.000000003    0.000000003
    2.095158598    0.000000005    0.000000003    0.000000004
    2.102337229    0.000000006    0.000000003    0.000000004
    2.109515860    0.000000007    0.000000003    0.000000004
    2.116694491    0.000000007    0.000000003    0.000000004
    2.123873122    0.000000008    0.000000003    0.000000005
    2.131051753    0.000000009    0.000000003    0.000000005
    2.138230384    0.000000009    0.000000003    0.000000005
    2.145409015    0.000000009    0.000000003    0.000000006
    2.152587646    0.000000008    0.000000003    0.000000005
    2.159766277    0.000000008    0.000000003    0.000000005
    2.166944908    0.000000007    0.000000003    0.000000004
    2.174123539    0.000000006    0.000000002    0.000000004
    2.181302170    0.000000006    0.000000002    0.000000003
    2.188480801    0.000000005    0.000000002    0.000000003
    2.195659432    0.000000005    0.000000002    0.000000003
    2.202838063    0.000000005    0.000000002    0.000000003
    2.210016694    0.000000005    0.000000002    0.000000003
    2.217195326    0.000000004    0.000000001    0.000000004
    2.224373957    0.000000004    0.000000001    0.000000004
    2.231552588    0.000000004    0.000000001    0.000000004
    2.238731219    0.000000003    0.000000001    0.000000003
    2.245909850    0.000000002    0.000000001    0.000000003
    2.253088481    0.000000002    0.000000000    0.000000002
    2.260267112    0.000000002    0.000000000    0.000000002
    2.267445743    0.000000001    0.000000001    0.000000002
    2.274624374    0.000000001    0.000000001    0.000000002
    2.281803005    0.000000001    0.000000001    0.000000002
    2.288981636    0.000000001    0.000000001    0.000000002
    2.296160267    0.000000002    0.000000001    0.000000002
    2.303338898    0.000000002    0.000000001    0.000000002
    2.310517529    0.000000002    0.000000001    0.000000001
    2.317696160    0.000000003    0.000000001    0.000000001
    2.324874791    0.000000003    0.000000002    0.000000001
    2.332053422    0.000000004    0.000000002    0.000000002
    2.339232053    0.000000004    0.000000002    0.000000002
    2.346410684    0.000000005    0.000000002    0.000000003
    2.353589316    0.000000005    0.000000003    0.000000003
    2.360767947    0.000000005    0.000000003    0.000000003
    2.367946578    0.000000004    0.000000002    0.000000003
    2.375125209    0.000000003    0.000000002    0.000000002
    2.382303840    0.000000003    0.000000002    0.000000002
    2.389482471    0.000000002    0.000000001    0.000000001
    2.396661102    0.000000001    0.000000001    0.000000001
    2.403839733    0.000000001    0.000000001    0.000000000
    2.411018364    0.000000000    0.000000000    0.000000000
    2.418196995    0.000000000    0.000000000    0.000000000
    2.425375626    0.000000000    0.000000001    0.000000000
    2.432554257    0.000000000    0.000000001    0.000000000
    2.439732888    0.000000001    0.000000001    0.000000001
    2.446911519    0.000000001    0.000000001    0.000000001
    2.454090150    0.000000002    0.000000001    0.000000001
    2.461268781    0.000000002    0.000000002    0.000000002
    2.468447412    0.000000003    0.000000002    0.000000002
    2.475626043    0.000000003    0.000000002    0.000000003
    2.482804674    0.000000004    0.000000003    0.000000003
    2.489983306    0.000000004    0.000000003    0.000000003
    2.497161937    0.000000004    0.000000003    0.000000003
    2.504340568    0.000000005    0.000000004    0.000000003
    2.511519199    0.000000005    0.000000004    0.000000003
    2.518697830    0.000000005    0.000000004    0.000000003
    2.525876461    0.000000005    0.000000005    0.000000003
    2.533055092    0.000000005    0.000000005    0.000000004
    2.540233723    0.000000005    0.000000005    0.000000004
    2.547412354    0.000000005    0.000000005    0.000000005
    2.554590985    0.000000004    0.000000004    0.000000005
    2.561769616    0.000000003    0.000000004    0.000000005
    2.568948247    0.000000002    0.000000003    0.000000005
    2.576126878    0.000000002    0.000000002    0.000000004
    2.583305509    0.000000001    0.000000002    0.000000004
    2.590484140    0.000000001    0.000000002    0.000000003
    2.597662771    0.000000001    0.000000001    0.000000002
    2.604841402    0.000000001    0.000000001    0.000000002
    2.612020033    0.000000001    0.000000001    0.000000002
    2.619198664    0.000000002    0.000000002    0.000000001
    2.626377295    0.000000002    0.000000002    0.000000001
    2.633555927    0.000000003    0.000000002    0.000000002
    2.640734558    0.000000004    0.000000003    0.000000002
    2.647913189    0.000000004    0.000000003    0.000000002
    2.655091820    0.000000005    0.000000004    0.000000002
    2.662270451    0.000000005    0.000000004    0.000000003
    2.669449082    0.000000005    0.000000004    0.000000003
    2.676627713    0.000000004    0.000000005    0.000000005
    2.683806344    0.000000003    0.000000007    0.000000007
    2.690984975    0.000000003    0.000000009    0.000000011
    2.698163606    0.000000002    0.000000012    0.000000015
    2.705342237    0.000000001    0.000000015    0.000000019
    2.712520868    0.000000001    0.000000018    0.000000023
    2.719699499    0.000000001    0.000000023    0.000000030
    2.726878130    0.000000001    0.000000049    0.000000065
    2.734056761    0.000000001    0.000000177    0.000000235
    2.741235392    0.000000003    0.000000727    0.000000969
    2.748414023    0.000000008    0.000002780    0.000003729
    2.755592654    0.000000026    0.000009515    0.000012839
    2.762771285    0.000000080    0.000028897    0.000039224
    2.769949917    0.000000221    0.000077697    0.000106060
    2.777128548    0.000000553    0.000184604    0.000253279
    2.784307179    0.000001265    0.000386595    0.000532506
    2.791485810    0.000002698    0.000710630    0.000980239
    2.798664441    0.000005630    0.001139963    0.001567232
    2.805843072    0.000012204    0.001591278    0.002166766
    2.813021703    0.000028429    0.001960998    0.002636640
    2.820200334    0.000069176    0.002272249    0.003045760
    2.827378965    0.000165168    0.002952984    0.004105971
    2.834557596    0.000367044    0.005389073    0.008345452
    2.841736227    0.000734290    0.009204868    0.014805665
    2.848914858    0.001296008    0.009822513    0.018668221
    2.856093489    0.001991374    0.008016555    0.022361795
    2.863272120    0.002654137    0.006077916    0.020647022
    2.870450751    0.003146436    0.004876689    0.011838007
    2.877629382    0.003643934    0.004507356    0.004923723
    2.884808013    0.005231908    0.005760346    0.001818958
    2.891986644    0.011042881    0.011097541    0.000641786
    2.899165275    0.017820444    0.016208592    0.000224103
    2.906343907    0.021655653    0.019389957    0.000084681
    2.913522538    0.022280480    0.018998962    0.000045730
    2.920701169    0.015751475    0.011732451    0.000052924
    2.927879800    0.008599691    0.005913500    0.000102877
    2.935058431    0.005422356    0.003825922    0.000215446
    2.942237062    0.004717704    0.003464628    0.000418673
    2.949415693    0.004819175    0.003541115    0.000729263
    2.956594324    0.004976189    0.003568601    0.001126716
    2.963772955    0.005298369    0.003632156    0.001542333
    2.970951586    0.007163836    0.004353909    0.001901880
    2.978130217    0.014295401    0.006517223    0.002228753
    2.985308848    0.020924039    0.008308351    0.002831778
    2.992487479    0.024535786    0.008614715    0.004498407
    2.999666110    0.026870286    0.008228490    0.006282532
    3.006844741    0.022724788    0.009553817    0.006066292
    3.014023372    0.015735229    0.013038804    0.005246141
    3.021202003    0.011923627    0.018413095    0.005168797
    3.028380634    0.012674570    0.022360488    0.007566770
    3.035559265    0.015880888    0.021814634    0.013050405
    3.042737896    0.013416299    0.026245993    0.016725284
    3.049916528    0.008075154    0.046635542    0.018485841
    3.057095159    0.004638856    0.103643048    0.013582506
    3.064273790    0.003266156    0.055350443    0.006841437
    3.071452421    0.003185399    0.017977749    0.003783904
    3.078631052    0.003700255    0.010478887    0.003047723
    3.085809683    0.004239422    0.008512896    0.003093068
    3.092988314    0.004510433    0.007651714    0.003182551
    3.100166945    0.004708610    0.007227092    0.003143972
    3.107345576    0.005726592    0.007961183    0.003226633
    3.114524207    0.009041203    0.011932660    0.004097911
    3.121702838    0.011805032    0.018236594    0.006263939
    3.128881469    0.012083477    0.019827393    0.006689327
    3.136060100    0.011557539    0.016127235    0.005766490
    3.143238731    0.013197826    0.011461634    0.006195891
    3.150417362    0.017946823    0.008551479    0.007962997
    3.157595993    0.028019669    0.006989691    0.011392509
    3.164774624    0.054469737    0.006329437    0.018403560
    3.171953255    0.171014141    0.007317333    0.035898901
    3.179131886    0.074581499    0.012557636    0.082139667
    3.186310518    0.008125375    0.014064856    0.113800895
    3.193489149    0.001424037    0.014134889    0.024134654
    3.200667780    0.000378562    0.018949854    0.005840174
    3.207846411    0.000264068    0.031612148    0.002083342
    3.215025042    0.000406872    0.057478812    0.001161680
    3.222203673    0.000711956    0.039219919    0.001126052
    3.229382304    0.001174237    0.010622707    0.001478424
    3.236560935    0.001764974    0.004395148    0.001999705
    3.243739566    0.002397817    0.003405689    0.002499228
    3.250918197    0.002957675    0.003497605    0.002811826
    3.258096828    0.003407919    0.003719367    0.002918156
    3.265275459    0.003979351    0.003892563    0.003038807
    3.272454090    0.005341191    0.004195941    0.003586022
    3.279632721    0.007160488    0.005018888    0.004538657
    3.286811352    0.007258061    0.006638867    0.005271730
    3.293989983    0.006574281    0.007251531    0.005527491
    3.301168614    0.006499978    0.006524411    0.005390414
    3.308347245    0.008405548    0.006446260    0.004873006
    3.315525876    0.013333551    0.007238192    0.004223322
    3.322704508    0.015031003    0.006884999    0.004025477
    3.329883139    0.016380056    0.005892805    0.004407060
    3.337061770    0.017385515    0.005796299    0.004745598
    3.344240401    0.018193395    0.007286936    0.004273437
    3.351419032    0.020786400    0.007688749    0.003686161
    3.358597663    0.022021710    0.007011262    0.003655094
    3.365776294    0.022001172    0.007654925    0.004316869
    3.372954925    0.021795560    0.008684414    0.006741129
    3.380133556    0.024727846    0.008024911    0.014277481
    3.387312187    0.024855932    0.005684969    0.027491379
    3.394490818    0.027531855    0.004912990    0.027990350
    3.401669449    0.036702136    0.005067676    0.021134197
    3.408848080    0.045958103    0.005398053    0.017981612
    3.416026711    0.052604456    0.005722777    0.013048126
    3.423205342    0.054505463    0.006654886    0.007066182
    3.430383973    0.035101924    0.011179013    0.005810617
    3.437562604    0.018817303    0.030658965    0.006062121
    3.444741235    0.012458901    0.057787536    0.006783150
    3.451919866    0.009810979    0.039136167    0.007983951
    3.459098497    0.008339874    0.025322488    0.010008698
    3.466277129    0.007697366    0.022191000    0.011837793
    3.473455760    0.008881857    0.023171626    0.010136227
    3.480634391    0.014452600    0.015921050    0.007705843
    3.487813022    0.017138749    0.014637105    0.007442872
    3.494991653    0.017632378    0.018366529    0.008646498
    3.502170284    0.023218442    0.024798377    0.011252750
    3.509348915    0.031644286    0.029099339    0.015926544
    3.516527546    0.030666391    0.028730388    0.021672804
    3.523706177    0.022934076    0.026860697    0.021249392
    3.530884808    0.017821131    0.017354092    0.016061215
    3.538063439    0.013160692    0.013873371    0.015353281
    3.545242070    0.009946733    0.016004745    0.018526244
    3.552420701    0.008683204    0.022209229    0.024243492
    3.559599332    0.010101594    0.034550092    0.029485308
    3.566777963    0.012737623    0.052702464    0.031370227
    3.573956594    0.010938324    0.065775194    0.039556514
    3.581135225    0.009822939    0.088547329    0.076310133
    3.588313856    0.011432263    0.105988069    0.366683924
    3.595492487    0.015073895    0.058113107    0.128255099
    3.602671119    0.019229988    0.030362841    0.016182721
    3.609849750    0.019257794    0.022454123    0.004308717
    3.617028381    0.013568721    0.019511204    0.001777050
    3.624207012    0.011733822    0.012250615    0.001219383
    3.631385643    0.013927460    0.006547170    0.001409267
    3.638564274    0.020556965    0.004261277    0.002081826
    3.645742905    0.040205182    0.003864643    0.003122022
    3.652921536    0.075950618    0.004215011    0.004312339
    3.660100167    0.048029690    0.004557143    0.005284723
    3.667278798    0.025683301    0.004529393    0.005733638
    3.674457429    0.016879258    0.004248382    0.005732444
    3.681636060    0.013709674    0.004190260    0.005870392
    3.688814691    0.015429044    0.005447732    0.007736881
    3.695993322    0.016386622    0.008280995    0.013504776
    3.703171953    0.010746719    0.007203556    0.015456503
    3.710350584    0.010050937    0.007415295    0.015617601
    3.717529215    0.011822927    0.009180227    0.014831739
    3.724707846    0.015339863    0.011376334    0.012989923
    3.731886477    0.022490744    0.012781192    0.012841221
    3.739065109    0.046333525    0.011877685    0.015953639
    3.746243740    0.109556189    0.008467665    0.013211948
    3.753422371    0.053076822    0.008328438    0.012380357
    3.760601002    0.025964666    0.010874017    0.016255167
    3.767779633    0.016623372    0.014860910    0.027503204
    3.774958264    0.012729966    0.016925128    0.056228894
    3.782136895    0.012573146    0.016033900    0.043094536
    3.789315526    0.016441468    0.013285182    0.017856903
    3.796494157    0.014287325    0.009114187    0.011041863
    3.803672788    0.013067390    0.008762635    0.008190714
    3.810851419    0.014704721    0.010236560    0.006464436
    3.818030050    0.016250766    0.011135268    0.005560489
    3.825208681    0.016652234    0.010339913    0.005893064
    3.832387312    0.014390037    0.007960795    0.007352616
    3.839565943    0.008506812    0.006245642    0.006703680
    3.846744574    0.006730431    0.004983688    0.005645299
    3.853923205    0.007054365    0.003356691    0.004520204
    3.861101836    0.008349368    0.002539975    0.004047373
    3.868280467    0.011270832    0.002180282    0.004322555
    3.875459098    0.017729194    0.001815612    0.005151344
    3.882637730    0.025786264    0.001359505    0.006774340
    3.889816361    0.026485458    0.000895616    0.009206574
    3.896994992    0.022622683    0.000518765    0.010380679
    3.904173623    0.015635728    0.000265350    0.007349314
    3.911352254    0.007718056    0.000120345    0.004093260
    3.918530885    0.005501095    0.000048596    0.003091366
    3.925709516    0.005035712    0.000017595    0.002776726
    3.932888147    0.004628429    0.000005802    0.002428008
    3.940066778    0.003847125    0.000001805    0.001906236
    3.947245409    0.002793117    0.000000572    0.001312537
    3.954424040    0.001769128    0.000000210    0.000792434
    3.961602671    0.000988128    0.000000103    0.000422256
    3.968781302    0.000492243    0.000000069    0.000199918
    3.975959933    0.000221858    0.000000056    0.000084943
    3.983138564    0.000097688    0.000000047    0.000034667
    3.990317195    0.000074995    0.000000040    0.000023513
    3.997495826    0.000213539    0.000000038    0.000057615
    4.004674457    0.000952553    0.000000052    0.000215930
    4.011853088    0.004553311    0.000000108    0.000793921
    4.019031720    0.024885419    0.000000259    0.002789140
    4.026210351    0.141256368    0.000000603    0.009568066
    4.033388982    0.124894979    0.000001281    0.030588692
    4.040567613    0.056058023    0.000002454    0.059520373
    4.047746244    0.032487294    0.000004236    0.050038058
    4.054924875    0.022970931    0.000006617    0.033922467
    4.062103506    0.020616900    0.000009522    0.027063275
    4.069282137    0.023514291    0.000013360    0.023620971
    4.076460768    0.017424385    0.000021304    0.014318129
    4.083639399    0.014101919    0.000047486    0.011646247
    4.090818030    0.015688799    0.000144583    0.013204817
    4.097996661    0.018694249    0.000490665    0.016132015
    4.105175292    0.020409745    0.001649524    0.017920688
    4.112353923    0.017758722    0.005341470    0.015204274
    4.119532554    0.009859548    0.016593233    0.008475096
    4.126711185    0.006238859    0.045331923    0.005628979
    4.133889816    0.005370368    0.075327094    0.005192386
    4.141068447    0.004873440    0.065192589    0.005356872
    4.148247078    0.004076809    0.047432680    0.005641583
    4.155425710    0.002999665    0.038849896    0.005740132
    4.162604341    0.001928775    0.028980169    0.005028048
    4.169782972    0.001099843    0.014572500    0.004106662
    4.176961603    0.000573841    0.010751884    0.004090980
    4.184140234    0.000292272    0.010665051    0.005035241
    4.191318865    0.000170322    0.011705659    0.007228464
    4.198497496    0.000142340    0.013785770    0.011038258
    4.205676127    0.000169020    0.017294419    0.015399110
    4.212854758    0.000227673    0.020073202    0.016254212
    4.220033389    0.000301298    0.016146453    0.010704893
    4.227212020    0.000378897    0.010403910    0.005763175
    4.234390651    0.000477242    0.008437122    0.004188554
    4.241569282    0.000720721    0.007940612    0.003553132
    4.248747913    0.001773605    0.007513554    0.002893702
    4.255926544    0.007632162    0.007118336    0.002100390
    4.263105175    0.055041655    0.007994876    0.001333376
    4.270283806    0.396670535    0.014472148    0.000740855
    4.277462437    0.129496990    0.041038918    0.000362107
    4.284641068    0.057776888    0.086698563    0.000156410
    4.291819699    0.034774326    0.066695632    0.000060053
    4.298998331    0.024271875    0.040170220    0.000020856
    4.306176962    0.019699179    0.028222991    0.000007041
    4.313355593    0.020194377    0.024347042    0.000002925
    4.320534224    0.020855830    0.019658983    0.000001995
    4.327712855    0.017616450    0.015237810    0.000001928
    4.334891486    0.016493878    0.013735676    0.000002031
    4.342070117    0.013456995    0.010270528    0.000002265
    4.349248748    0.008882063    0.006365404    0.000003180
    4.356427379    0.007171933    0.004869487    0.000006626
    4.363606010    0.006713982    0.004165662    0.000017557
    4.370784641    0.006322141    0.003388051    0.000047344
    4.377963272    0.005977419    0.002455430    0.000118173
    4.385141903    0.006614149    0.001568252    0.000265924
    4.392320534    0.010143030    0.000902919    0.000536192
    4.399499165    0.018864004    0.000505397    0.000967556
    4.406677796    0.030247243    0.000326979    0.001560284
    4.413856427    0.034067124    0.000286868    0.002230875
    4.421035058    0.028343878    0.000308744    0.002743823
    4.428213689    0.015567002    0.000333977    0.002781563
    4.435392321    0.008211739    0.000333425    0.002497274
    4.442570952    0.006390087    0.000303162    0.002162430
    4.449749583    0.005703514    0.000248836    0.001746103
    4.456928214    0.004851687    0.000186597    0.001273781
    4.464106845    0.003699987    0.000139590    0.000832564
    4.471285476    0.002572099    0.000137950    0.000489817
    4.478464107    0.001882651    0.000229489    0.000267737
    4.485642738    0.002042787    0.000497837    0.000158166
    4.492821369    0.003634351    0.001075257    0.000153477
    4.500000000    0.007606252    0.002128249    0.000286984
