# energy grid [eV]     ieps_x  ieps_y  ieps_z
#
    0.200000000    9.595932483   11.946802949   11.719561574
    0.207178631    9.593831638   11.943930045   11.716793322
    0.214357262    9.591657857   11.940957511   11.713929036
    0.221535893    9.589411259   11.937885521   11.710968878
    0.228714524    9.587091963   11.934714252   11.707913017
    0.235893155    9.584700097   11.931443887   11.704761624
    0.243071786    9.582235788   11.928074614   11.701514879
    0.250250417    9.579699169   11.924606629   11.698172963
    0.257429048    9.577090378   11.921040130   11.694736067
    0.264607679    9.574409554   11.917375324   11.691204383
    0.271786311    9.571656841   11.913612419   11.687578110
    0.278964942    9.568832387   11.909751634   11.683857451
    0.286143573    9.565936343   11.905793188   11.680042617
    0.293322204    9.562968866   11.901737309   11.676133820
    0.300500835    9.559930112   11.897584228   11.672131280
    0.307679466    9.556820245   11.893334183   11.668035221
    0.314858097    9.553639430   11.888987417   11.663845871
    0.322036728    9.550387837   11.884544176   11.659563464
    0.329215359    9.547065639   11.880004714   11.655188239
    0.336393990    9.543673013   11.875369288   11.650720439
    0.343572621    9.540210138   11.870638161   11.646160312
    0.350751252    9.536677198   11.865811602   11.641508112
    0.357929883    9.533074380   11.860889883   11.636764096
    0.365108514    9.529401874   11.855873283   11.631928527
    0.372287145    9.525659875   11.850762083   11.627001672
    0.379465776    9.521848579   11.845556573   11.621983803
    0.386644407    9.517968187   11.840257043   11.616875195
    0.393823038    9.514018903   11.834863793   11.611676130
    0.401001669    9.510000934   11.829377123   11.606386893
    0.408180301    9.505914489   11.823797342   11.601007774
    0.415358932    9.501759784   11.818124759   11.595539067
    0.422537563    9.497537034   11.812359691   11.589981071
    0.429716194    9.493246460   11.806502460   11.584334089
    0.436894825    9.488888285   11.800553389   11.578598428
    0.444073456    9.484462735   11.794512809   11.572774400
    0.451252087    9.479970039   11.788381054   11.566862320
    0.458430718    9.475410430   11.782158462   11.560862509
    0.465609349    9.470784143   11.775845377   11.554775290
    0.472787980    9.466091418   11.769442144   11.548600992
    0.479966611    9.461332494   11.762949117   11.542339946
    0.487145242    9.456507616   11.756366649   11.535992490
    0.494323873    9.451617033   11.749695102   11.529558962
    0.501502504    9.446660993   11.742934838   11.523039708
    0.508681135    9.441639750   11.736086226   11.516435075
    0.515859766    9.436553559   11.729149638   11.509745414
    0.523038397    9.431402680   11.722125449   11.502971082
    0.530217028    9.426187373   11.715014038   11.496112437
    0.537395659    9.420907902   11.707815791   11.489169842
    0.544574290    9.415564534   11.700531093   11.482143665
    0.551752922    9.410157538   11.693160337   11.475034274
    0.558931553    9.404687186   11.685703916   11.467842043
    0.566110184    9.399153753   11.678162230   11.460567351
    0.573288815    9.393557515   11.670535679   11.453210576
    0.580467446    9.387898752   11.662824671   11.445772103
    0.587646077    9.382177747   11.655029613   11.438252319
    0.594824708    9.376394782   11.647150919   11.430651615
    0.602003339    9.370550146   11.639189004   11.422970384
    0.609181970    9.364644127   11.631144287   11.415209023
    0.616360601    9.358677018   11.623017190   11.407367933
    0.623539232    9.352649110   11.614808140   11.399447516
    0.630717863    9.346560701   11.606517565   11.391448178
    0.637896494    9.340412089   11.598145897   11.383370330
    0.645075125    9.334203575   11.589693570   11.375214381
    0.652253756    9.327935460   11.581161023   11.366980749
    0.659432387    9.321608050   11.572548696   11.358669850
    0.666611018    9.315221651   11.563857034   11.350282104
    0.673789649    9.308776572   11.555086482   11.341817936
    0.680968280    9.302273124   11.546237490   11.333277771
    0.688146912    9.295711619   11.537310510   11.324662037
    0.695325543    9.289092373   11.528305996   11.315971166
    0.702504174    9.282415702   11.519224407   11.307205592
    0.709682805    9.275681925   11.510066201   11.298365749
    0.716861436    9.268891361   11.500831841   11.289452078
    0.724040067    9.262044332   11.491521792   11.280465018
    0.731218698    9.255141164   11.482136520   11.271405013
    0.738397329    9.248182180   11.472676496   11.262272508
    0.745575960    9.241167708   11.463142191   11.253067951
    0.752754591    9.234098078   11.453534078   11.243791792
    0.759933222    9.226973618   11.443852634   11.234444482
    0.767111853    9.219794662   11.434098337   11.225026476
    0.774290484    9.212561543   11.424271668   11.215538229
    0.781469115    9.205274596   11.414373108   11.205980199
    0.788647746    9.197934157   11.404403141   11.196352846
    0.795826377    9.190540564   11.394362254   11.186656631
    0.803005008    9.183094156   11.384250934   11.176892018
    0.810183639    9.175595274   11.374069671   11.167059473
    0.817362270    9.168044260   11.363818956   11.157159460
    0.824540902    9.160441457   11.353499282   11.147192450
    0.831719533    9.152787209   11.343111143   11.137158912
    0.838898164    9.145081861   11.332655037   11.127059318
    0.846076795    9.137325761   11.322131459   11.116894140
    0.853255426    9.129519257   11.311540910   11.106663853
    0.860434057    9.121662697   11.300883890   11.096368934
    0.867612688    9.113756431   11.290160900   11.086009858
    0.874791319    9.105800810   11.279372443   11.075587105
    0.881969950    9.097796186   11.268519024   11.065101154
    0.889148581    9.089742913   11.257601148   11.054552485
    0.896327212    9.081641343   11.246619322   11.043941582
    0.903505843    9.073491832   11.235574052   11.033268927
    0.910684474    9.065294735   11.224465848   11.022535003
    0.917863105    9.057050409   11.213295220   11.011740297
    0.925041736    9.048759210   11.202062676   11.000885293
    0.932220367    9.040421497   11.190768730   10.989970479
    0.939398998    9.032037627   11.179413893   10.978996343
    0.946577629    9.023607960   11.167998678   10.967963373
    0.953756260    9.015132857   11.156523598   10.956872057
    0.960934891    9.006612677   11.144989167   10.945722887
    0.968113523    8.998047780   11.133395901   10.934516352
    0.975292154    8.989438530   11.121744314   10.923252944
    0.982470785    8.980785288   11.110034923   10.911933154
    0.989649416    8.972088415   11.098268244   10.900557475
    0.996828047    8.963348276   11.086444793   10.889126398
    1.004006678    8.954565233   11.074565088   10.877640418
    1.011185309    8.945739649   11.062629645   10.866100027
    1.018363940    8.936871890   11.050638983   10.854505720
    1.025542571    8.927962319   11.038593619   10.842857989
    1.032721202    8.919011300   11.026494071   10.831157330
    1.039899833    8.910019199   11.014340857   10.819404236
    1.047078464    8.900986379   11.002134496   10.807599203
    1.054257095    8.891913207   10.989875504   10.795742724
    1.061435726    8.882800048   10.977564402   10.783835295
    1.068614357    8.873647266   10.965201706   10.771877410
    1.075792988    8.864455228   10.952787934   10.759869564
    1.082971619    8.855224298   10.940323605   10.747812251
    1.090150250    8.845954843   10.927809235   10.735705965
    1.097328881    8.836647227   10.915245343   10.723551202
    1.104507513    8.827301816   10.902632445   10.711348455
    1.111686144    8.817918975   10.889971057   10.699098217
    1.118864775    8.808499069   10.877261697   10.686800983
    1.126043406    8.799042464   10.864504879   10.674457246
    1.133222037    8.789549525   10.851701120   10.662067498
    1.140400668    8.780020615   10.838850934   10.649632231
    1.147579299    8.770456100   10.825954836   10.637151939
    1.154757930    8.760856344   10.813013339   10.624627112
    1.161936561    8.751221711   10.800026956   10.612058241
    1.169115192    8.741552564   10.786996200   10.599445817
    1.176293823    8.731849266   10.773921583   10.586790330
    1.183472454    8.722112181   10.760803616   10.574092269
    1.190651085    8.712341671   10.747642809   10.561352121
    1.197829716    8.702538099   10.734439671   10.548570376
    1.205008347    8.692701825   10.721194711   10.535747521
    1.212186978    8.682833212   10.707908437   10.522884041
    1.219365609    8.672932620   10.694581355   10.509980421
    1.226544240    8.663000408   10.681213971   10.497037148
    1.233722871    8.653036938   10.667806790   10.484054704
    1.240901503    8.643042567   10.654360315   10.471033573
    1.248080134    8.633017655   10.640875050   10.457974236
    1.255258765    8.622962560   10.627351495   10.444877173
    1.262437396    8.612877638   10.613790152   10.431742867
    1.269616027    8.602763246   10.600191519   10.418571794
    1.276794658    8.592619740   10.586556094   10.405364432
    1.283973289    8.582447475   10.572884375   10.392121260
    1.291151920    8.572246807   10.559176856   10.378842751
    1.298330551    8.562018088   10.545434032   10.365529381
    1.305509182    8.551761671   10.531656396   10.352181622
    1.312687813    8.541477909   10.517844439   10.338799947
    1.319866444    8.531167152   10.503998651   10.325384826
    1.327045075    8.520829752   10.490119521   10.311936729
    1.334223706    8.510466058   10.476207537   10.298456124
    1.341402337    8.500076419   10.462263184   10.284943477
    1.348580968    8.489661182   10.448286946   10.271399254
    1.355759599    8.479220695   10.434279306   10.257823920
    1.362938230    8.468755303   10.420240746   10.244217935
    1.370116861    8.458265351   10.406171744   10.230581763
    1.377295492    8.447751184   10.392072778   10.216915862
    1.384474124    8.437213144   10.377944326   10.203220690
    1.391652755    8.426651573   10.363786862   10.189496704
    1.398831386    8.416066813   10.349600858   10.175744360
    1.406010017    8.405459203   10.335386785   10.161964111
    1.413188648    8.394829082   10.321145114   10.148156408
    1.420367279    8.384176787   10.306876313   10.134321703
    1.427545910    8.373502656   10.292580846   10.120460443
    1.434724541    8.362807024   10.278259178   10.106573076
    1.441903172    8.352090226   10.263911771   10.092660047
    1.449081803    8.341352593   10.249539087   10.078721799
    1.456260434    8.330594459   10.235141582   10.064758776
    1.463439065    8.319816155   10.220719715   10.050771416
    1.470617696    8.309018009   10.206273940   10.036760158
    1.477796327    8.298200351   10.191804709   10.022725439
    1.484974958    8.287363507   10.177312474   10.008667694
    1.492153589    8.276507804   10.162797683    9.994587355
    1.499332220    8.265633566   10.148260784    9.980484855
    1.506510851    8.254741117   10.133702220    9.966360621
    1.513689482    8.243830778   10.119122436    9.952215082
    1.520868114    8.232902870   10.104521872    9.938048662
    1.528046745    8.221957714   10.089900967    9.923861787
    1.535225376    8.210995627   10.075260157    9.909654876
    1.542404007    8.200016925   10.060599877    9.895428351
    1.549582638    8.189021925   10.045920559    9.881182628
    1.556761269    8.178010941   10.031222634    9.866918124
    1.563939900    8.166984284   10.016506531    9.852635253
    1.571118531    8.155942268   10.001772674    9.838334426
    1.578297162    8.144885200    9.987021488    9.824016052
    1.585475793    8.133813391    9.972253396    9.809680541
    1.592654424    8.122727147    9.957468815    9.795328297
    1.599833055    8.111626773    9.942668164    9.780959725
    1.607011686    8.100512575    9.927851858    9.766575225
    1.614190317    8.089384854    9.913020309    9.752175198
    1.621368948    8.078243913    9.898173929    9.737760040
    1.628547579    8.067090050    9.883313125    9.723330148
    1.635726210    8.055923565    9.868438304    9.708885914
    1.642904841    8.044744754    9.853549870    9.694427730
    1.650083472    8.033553912    9.838648223    9.679955984
    1.657262104    8.022351334    9.823733764    9.665471063
    1.664440735    8.011137312    9.808806890    9.650973352
    1.671619366    7.999912137    9.793867994    9.636463234
    1.678797997    7.988676098    9.778917470    9.621941088
    1.685976628    7.977429483    9.763955707    9.607407293
    1.693155259    7.966172577    9.748983093    9.592862225
    1.700333890    7.954905667    9.734000014    9.578306257
    1.707512521    7.943629034    9.719006852    9.563739762
    1.714691152    7.932342962    9.704003988    9.549163108
    1.721869783    7.921047728    9.688991800    9.534576663
    1.729048414    7.909743613    9.673970665    9.519980791
    1.736227045    7.898430893    9.658940955    9.505375855
    1.743405676    7.887109843    9.643903042    9.490762216
    1.750584307    7.875780737    9.628857294    9.476140232
    1.757762938    7.864443847    9.613804079    9.461510258
    1.764941569    7.853099444    9.598743759    9.446872649
    1.772120200    7.841747796    9.583676697    9.432227755
    1.779298831    7.830389172    9.568603252    9.417575927
    1.786477462    7.819023835    9.553523780    9.402917510
    1.793656093    7.807652051    9.538438635    9.388252850
    1.800834725    7.796274083    9.523348171    9.373582288
    1.808013356    7.784890190    9.508252736    9.358906166
    1.815191987    7.773500633    9.493152677    9.344224820
    1.822370618    7.762105668    9.478048339    9.329538586
    1.829549249    7.750705552    9.462940065    9.314847798
    1.836727880    7.739300539    9.447828194    9.300152786
    1.843906511    7.727890882    9.432713064    9.285453879
    1.851085142    7.716476832    9.417595010    9.270751404
    1.858263773    7.705058638    9.402474364    9.256045684
    1.865442404    7.693636548    9.387351456    9.241337041
    1.872621035    7.682210808    9.372226615    9.226625795
    1.879799666    7.670781663    9.357100165    9.211912263
    1.886978297    7.659349356    9.341972430    9.197196759
    1.894156928    7.647914128    9.326843730    9.182479597
    1.901335559    7.636476218    9.311714383    9.167761087
    1.908514190    7.625035864    9.296584704    9.153041536
    1.915692821    7.613593303    9.281455008    9.138321251
    1.922871452    7.602148769    9.266325604    9.123600535
    1.930050083    7.590702496    9.251196802    9.108879689
    1.937228715    7.579254714    9.236068907    9.094159011
    1.944407346    7.567805653    9.220942222    9.079438799
    1.951585977    7.556355541    9.205817049    9.064719347
    1.958764608    7.544904606    9.190693687    9.050000947
    1.965943239    7.533453070    9.175572433    9.035283887
    1.973121870    7.522001158    9.160453579    9.020568457
    1.980300501    7.510549091    9.145337417    9.005854941
    1.987479132    7.499097089    9.130224238    8.991143621
    1.994657763    7.487645370    9.115114327    8.976434779
    2.001836394    7.476194150    9.100007969    8.961728693
    2.009015025    7.464743645    9.084905446    8.947025639
    2.016193656    7.453294068    9.069807038    8.932325890
    2.023372287    7.441845629    9.054713022    8.917629719
    2.030550918    7.430398540    9.039623672    8.902937394
    2.037729549    7.418953009    9.024539263    8.888249183
    2.044908180    7.407509242    9.009460063    8.873565351
    2.052086811    7.396067444    8.994386341    8.858886159
    2.059265442    7.384627819    8.979318361    8.844211869
    2.066444073    7.373190569    8.964256389    8.829542739
    2.073622705    7.361755895    8.949200683    8.814879024
    2.080801336    7.350323993    8.934151504    8.800220978
    2.087979967    7.338895063    8.919109106    8.785568852
    2.095158598    7.327469298    8.904073744    8.770922897
    2.102337229    7.316046893    8.889045670    8.756283358
    2.109515860    7.304628041    8.874025133    8.741650481
    2.116694491    7.293212931    8.859012379    8.727024508
    2.123873122    7.281801752    8.844007654    8.712405680
    2.131051753    7.270394693    8.829011201    8.697794236
    2.138230384    7.258991938    8.814023258    8.683190410
    2.145409015    7.247593673    8.799044065    8.668594438
    2.152587646    7.236200079    8.784073856    8.654006551
    2.159766277    7.224811338    8.769112866    8.639426978
    2.166944908    7.213427630    8.754161326    8.624855948
    2.174123539    7.202049131    8.739219464    8.610293685
    2.181302170    7.190676019    8.724287507    8.595740413
    2.188480801    7.179308469    8.709365679    8.581196353
    2.195659432    7.167946653    8.694454204    8.566661723
    2.202838063    7.156590744    8.679553301    8.552136741
    2.210016694    7.145240911    8.664663188    8.537621622
    2.217195326    7.133897324    8.649784081    8.523116578
    2.224373957    7.122560148    8.634916193    8.508621820
    2.231552588    7.111229551    8.620059736    8.494137556
    2.238731219    7.099905695    8.605214919    8.479663993
    2.245909850    7.088588744    8.590381949    8.465201336
    2.253088481    7.077278858    8.575561031    8.450749785
    2.260267112    7.065976196    8.560752368    8.436309543
    2.267445743    7.054680918    8.545956161    8.421880807
    2.274624374    7.043393179    8.531172608    8.407463773
    2.281803005    7.032113134    8.516401906    8.393058635
    2.288981636    7.020840938    8.501644249    8.378665586
    2.296160267    7.009576741    8.486899830    8.364284816
    2.303338898    6.998320694    8.472168839    8.349916514
    2.310517529    6.987072947    8.457451463    8.335560864
    2.317696160    6.975833647    8.442747890    8.321218052
    2.324874791    6.964602940    8.428058303    8.306888260
    2.332053422    6.953380971    8.413382885    8.292571668
    2.339232053    6.942167884    8.398721815    8.278268455
    2.346410684    6.930963819    8.384075272    8.263978797
    2.353589316    6.919768918    8.369443432    8.249702868
    2.360767947    6.908583319    8.354826468    8.235440841
    2.367946578    6.897407160    8.340224553    8.221192887
    2.375125209    6.886240577    8.325637857    8.206959175
    2.382303840    6.875083705    8.311066548    8.192739871
    2.389482471    6.863936677    8.296510792    8.178535140
    2.396661102    6.852799625    8.281970754    8.164345146
    2.403839733    6.841672680    8.267446596    8.150170049
    2.411018364    6.830555970    8.252938478    8.136010010
    2.418196995    6.819449623    8.238446559    8.121865185
    2.425375626    6.808353766    8.223970996    8.107735731
    2.432554257    6.797268524    8.209511943    8.093621802
    2.439732888    6.786194021    8.195069552    8.079523548
    2.446911519    6.775130378    8.180643976    8.065441122
    2.454090150    6.764077718    8.166235363    8.051374671
    2.461268781    6.753036158    8.151843860    8.037324341
    2.468447412    6.742005818    8.137469614    8.023290279
    2.475626043    6.730986816    8.123112767    8.009272626
    2.482804674    6.719979265    8.108773461    7.995271525
    2.489983306    6.708983281    8.094451837    7.981287115
    2.497161937    6.697998978    8.080148033    7.967319535
    2.504340568    6.687026465    8.065862185    7.953368919
    2.511519199    6.676065855    8.051594427    7.939435404
    2.518697830    6.665117256    8.037344894    7.925519121
    2.525876461    6.654180777    8.023113715    7.911620201
    2.533055092    6.643256523    8.008901021    7.897738775
    2.540233723    6.632344601    7.994706939    7.883874970
    2.547412354    6.621445114    7.980531596    7.870028911
    2.554590985    6.610558165    7.966375114    7.856200724
    2.561769616    6.599683856    7.952237618    7.842390531
    2.568948247    6.588822288    7.938119229    7.828598454
    2.576126878    6.577973559    7.924020064    7.814824611
    2.583305509    6.567137768    7.909940243    7.801069121
    2.590484140    6.556315011    7.895879880    7.787332101
    2.597662771    6.545505385    7.881839091    7.773613664
    2.604841402    6.534708982    7.867817989    7.759913924
    2.612020033    6.523925897    7.853816683    7.746232993
    2.619198664    6.513156221    7.839835284    7.732570981
    2.626377295    6.502400046    7.825873899    7.718927996
    2.633555927    6.491657461    7.811932636    7.705304145
    2.640734558    6.480928554    7.798011598    7.691699533
    2.647913189    6.470213413    7.784110889    7.678114265
    2.655091820    6.459512124    7.770230611    7.664548443
    2.662270451    6.448824772    7.756370863    7.651002168
    2.669449082    6.438151441    7.742531745    7.637475538
    2.676627713    6.427492214    7.728713352    7.623968653
    2.683806344    6.416847173    7.714915782    7.610481608
    2.690984975    6.406216397    7.701139128    7.597014498
    2.698163606    6.395599967    7.687383482    7.583567418
    2.705342237    6.384997961    7.673648936    7.570140459
    2.712520868    6.374410456    7.659935580    7.556733712
    2.719699499    6.363837529    7.646243501    7.543347266
    2.726878130    6.353279254    7.632572786    7.529981209
    2.734056761    6.342735706    7.618923521    7.516635628
    2.741235392    6.332206957    7.605295789    7.503310607
    2.748414023    6.321693080    7.591689674    7.490006231
    2.755592654    6.311194146    7.578105256    7.476722581
    2.762771285    6.300710224    7.564542615    7.463459739
    2.769949917    6.290241383    7.551001829    7.450217785
    2.777128548    6.279787691    7.537482976    7.436996796
    2.784307179    6.269349215    7.523986130    7.423796850
    2.791485810    6.258926020    7.510511367    7.410618023
    2.798664441    6.248518172    7.497058759    7.397460388
    2.805843072    6.238125734    7.483628378    7.384324019
    2.813021703    6.227748769    7.470220294    7.371208988
    2.820200334    6.217387339    7.456834576    7.358115365
    2.827378965    6.207041505    7.443471293    7.345043220
    2.834557596    6.196711326    7.430130510    7.331992620
    2.841736227    6.186396861    7.416812292    7.318963633
    2.848914858    6.176098169    7.403516704    7.305956323
    2.856093489    6.165815307    7.390243808    7.292970756
    2.863272120    6.155548330    7.376993665    7.280006994
    2.870450751    6.145297293    7.363766337    7.267065099
    2.877629382    6.135062252    7.350561881    7.254145131
    2.884808013    6.124843258    7.337380356    7.241247151
    2.891986644    6.114640365    7.324221818    7.228371217
    2.899165275    6.104453625    7.311086323    7.215517386
    2.906343907    6.094283086    7.297973924    7.202685713
    2.913522538    6.084128801    7.284884675    7.189876254
    2.920701169    6.073990816    7.271818628    7.177089062
    2.927879800    6.063869180    7.258775833    7.164324191
    2.935058431    6.053763941    7.245756340    7.151581690
    2.942237062    6.043675144    7.232760197    7.138861612
    2.949415693    6.033602834    7.219787452    7.126164005
    2.956594324    6.023547057    7.206838152    7.113488916
    2.963772955    6.013507856    7.193912340    7.100836395
    2.970951586    6.003485273    7.181010061    7.088206485
    2.978130217    5.993479350    7.168131359    7.075599233
    2.985308848    5.983490130    7.155276274    7.063014681
    2.992487479    5.973517651    7.142444848    7.050452874
    2.999666110    5.963561955    7.129637120    7.037913853
    3.006844741    5.953623078    7.116853130    7.025397658
    3.014023372    5.943701060    7.104092915    7.012904329
    3.021202003    5.933795937    7.091356511    7.000433905
    3.028380634    5.923907746    7.078643954    6.987986425
    3.035559265    5.914036522    7.065955280    6.975561923
    3.042737896    5.904182300    7.053290520    6.963160437
    3.049916528    5.894345115    7.040649709    6.950782001
    3.057095159    5.884524999    7.028032877    6.938426650
    3.064273790    5.874721984    7.015440056    6.926094414
    3.071452421    5.864936104    7.002871275    6.913785328
    3.078631052    5.855167388    6.990326563    6.901499421
    3.085809683    5.845415867    6.977805948    6.889236724
    3.092988314    5.835681571    6.965309456    6.876997266
    3.100166945    5.825964528    6.952837114    6.864781075
    3.107345576    5.816264767    6.940388947    6.852588179
    3.114524207    5.806582314    6.927964979    6.840418603
    3.121702838    5.796917198    6.915565232    6.828272374
    3.128881469    5.787269443    6.903189730    6.816149515
    3.136060100    5.777639075    6.890838494    6.804050051
    3.143238731    5.768026119    6.878511545    6.791974005
    3.150417362    5.758430599    6.866208902    6.779921399
    3.157595993    5.748852537    6.853930584    6.767892253
    3.164774624    5.739291957    6.841676609    6.755886589
    3.171953255    5.729748881    6.829446994    6.743904426
    3.179131886    5.720223330    6.817241756    6.731945782
    3.186310518    5.710715324    6.805060910    6.720010675
    3.193489149    5.701224883    6.792904471    6.708099123
    3.200667780    5.691752028    6.780772453    6.696211141
    3.207846411    5.682296776    6.768664869    6.684346746
    3.215025042    5.672859147    6.756581731    6.672505951
    3.222203673    5.663439156    6.744523051    6.660688771
    3.229382304    5.654036822    6.732488839    6.648895219
    3.236560935    5.644652160    6.720479106    6.637125308
    3.243739566    5.635285186    6.708493860    6.625379048
    3.250918197    5.625935915    6.696533110    6.613656451
    3.258096828    5.616604362    6.684596865    6.601957528
    3.265275459    5.607290541    6.672685130    6.590282286
    3.272454090    5.597994465    6.660797912    6.578630736
    3.279632721    5.588716146    6.648935217    6.567002885
    3.286811352    5.579455597    6.637097049    6.555398740
    3.293989983    5.570212830    6.625283413    6.543818308
    3.301168614    5.560987855    6.613494312    6.532261595
    3.308347245    5.551780683    6.601729749    6.520728605
    3.315525876    5.542591324    6.589989725    6.509219344
    3.322704508    5.533419787    6.578274242    6.497733816
    3.329883139    5.524266081    6.566583301    6.486272022
    3.337061770    5.515130215    6.554916902    6.474833967
    3.344240401    5.506012196    6.543275044    6.463419651
    3.351419032    5.496912031    6.531657726    6.452029077
    3.358597663    5.487829728    6.520064946    6.440662243
    3.365776294    5.478765292    6.508496701    6.429319151
    3.372954925    5.469718730    6.496952988    6.417999800
    3.380133556    5.460690046    6.485433804    6.406704188
    3.387312187    5.451679245    6.473939143    6.395432314
    3.394490818    5.442686332    6.462469002    6.384184175
    3.401669449    5.433711310    6.451023373    6.372959767
    3.408848080    5.424754183    6.439602252    6.361759087
    3.416026711    5.415814952    6.428205631    6.350582131
    3.423205342    5.406893622    6.416833503    6.339428894
    3.430383973    5.397990193    6.405485860    6.328299370
    3.437562604    5.389104666    6.394162693    6.317193553
    3.444741235    5.380237044    6.382863993    6.306111438
    3.451919866    5.371387325    6.371589750    6.295053015
    3.459098497    5.362555511    6.360339955    6.284018279
    3.466277129    5.353741601    6.349114597    6.273007219
    3.473455760    5.344945594    6.337913664    6.262019829
    3.480634391    5.336167488    6.326737144    6.251056098
    3.487813022    5.327407282    6.315585026    6.240116017
    3.494991653    5.318664974    6.304457296    6.229199575
    3.502170284    5.309940562    6.293353941    6.218306762
    3.509348915    5.301234041    6.282274946    6.207437566
    3.516527546    5.292545410    6.271220299    6.196591974
    3.523706177    5.283874663    6.260189983    6.185769976
    3.530884808    5.275221797    6.249183984    6.174971557
    3.538063439    5.266586808    6.238202286    6.164196705
    3.545242070    5.257969689    6.227244872    6.153445406
    3.552420701    5.249370436    6.216311725    6.142717645
    3.559599332    5.240789043    6.205402829    6.132013408
    3.566777963    5.232225504    6.194518165    6.121332680
    3.573956594    5.223679813    6.183657716    6.110675444
    3.581135225    5.215151961    6.172821463    6.100041685
    3.588313856    5.206641942    6.162009386    6.089431387
    3.595492487    5.198149749    6.151221467    6.078844531
    3.602671119    5.189675373    6.140457685    6.068281101
    3.609849750    5.181218806    6.129718020    6.057741079
    3.617028381    5.172780039    6.119002452    6.047224447
    3.624207012    5.164359063    6.108310958    6.036731185
    3.631385643    5.155955869    6.097643518    6.026261275
    3.638564274    5.147570447    6.087000110    6.015814697
    3.645742905    5.139202786    6.076380711    6.005391432
    3.652921536    5.130852877    6.065785298    5.994991458
    3.660100167    5.122520708    6.055213849    5.984614756
    3.667278798    5.114206269    6.044666339    5.974261304
    3.674457429    5.105909548    6.034142745    5.963931080
    3.681636060    5.097630533    6.023643043    5.953624064
    3.688814691    5.089369212    6.013167207    5.943340231
    3.695993322    5.081125573    6.002715213    5.933079561
    3.703171953    5.072899602    5.992287035    5.922842030
    3.710350584    5.064691289    5.981882648    5.912627614
    3.717529215    5.056500617    5.971502025    5.902436291
    3.724707846    5.048327576    5.961145140    5.892268035
    3.731886477    5.040172149    5.950811967    5.882122823
    3.739065109    5.032034324    5.940502477    5.872000629
    3.746243740    5.023914085    5.930216644    5.861901430
    3.753422371    5.015811419    5.919954441    5.851825199
    3.760601002    5.007726310    5.909715838    5.841771910
    3.767779633    4.999658742    5.899500807    5.831741539
    3.774958264    4.991608700    5.889309320    5.821734057
    3.782136895    4.983576169    5.879141347    5.811749440
    3.789315526    4.975561132    5.868996860    5.801787659
    3.796494157    4.967563572    5.858875828    5.791848687
    3.803672788    4.959583474    5.848778223    5.781932498
    3.810851419    4.951620820    5.838704012    5.772039063
    3.818030050    4.943675594    5.828653166    5.762168353
    3.825208681    4.935747777    5.818625655    5.752320341
    3.832387312    4.927837353    5.808621447    5.742494998
    3.839565943    4.919944303    5.798640510    5.732692294
    3.846744574    4.912068609    5.788682813    5.722912201
    3.853923205    4.904210253    5.778748325    5.713154689
    3.861101836    4.896369216    5.768837013    5.703419727
    3.868280467    4.888545480    5.758948844    5.693707287
    3.875459098    4.880739025    5.749083787    5.684017338
    3.882637730    4.872949832    5.739241807    5.674349848
    3.889816361    4.865177882    5.729422872    5.664704788
    3.896994992    4.857423155    5.719626949    5.655082126
    3.904173623    4.849685632    5.709854004    5.645481830
    3.911352254    4.841965291    5.700104003    5.635903870
    3.918530885    4.834262113    5.690376912    5.626348213
    3.925709516    4.826576076    5.680672696    5.616814828
    3.932888147    4.818907162    5.670991321    5.607303681
    3.940066778    4.811255347    5.661332753    5.597814741
    3.947245409    4.803620612    5.651696956    5.588347975
    3.954424040    4.796002935    5.642083895    5.578903350
    3.961602671    4.788402294    5.632493535    5.569480832
    3.968781302    4.780818667    5.622925839    5.560080389
    3.975959933    4.773252034    5.613380773    5.550701986
    3.983138564    4.765702370    5.603858300    5.541345591
    3.990317195    4.758169656    5.594358384    5.532011168
    3.997495826    4.750653867    5.584880989    5.522698684
    4.004674457    4.743154981    5.575426077    5.513408105
    4.011853088    4.735672975    5.565993613    5.504139395
    4.019031720    4.728207827    5.556583559    5.494892521
    4.026210351    4.720759514    5.547195878    5.485667446
    4.033388982    4.713328011    5.537830533    5.476464137
    4.040567613    4.705913295    5.528487486    5.467282557
    4.047746244    4.698515344    5.519166700    5.458122671
    4.054924875    4.691134132    5.509868136    5.448984444
    4.062103506    4.683769637    5.500591758    5.439867840
    4.069282137    4.676421833    5.491337525    5.430772822
    4.076460768    4.669090697    5.482105402    5.421699355
    4.083639399    4.661776204    5.472895348    5.412647402
    4.090818030    4.654478330    5.463707325    5.403616926
    4.097996661    4.647197049    5.454541295    5.394607892
    4.105175292    4.639932338    5.445397218    5.385620262
    4.112353923    4.632684171    5.436275056    5.376654000
    4.119532554    4.625452523    5.427174769    5.367709068
    4.126711185    4.618237369    5.418096318    5.358785429
    4.133889816    4.611038682    5.409039664    5.349883045
    4.141068447    4.603856439    5.400004766    5.341001880
    4.148247078    4.596690613    5.390991586    5.332141896
    4.155425710    4.589541178    5.382000083    5.323303054
    4.162604341    4.582408108    5.373030218    5.314485317
    4.169782972    4.575291378    5.364081949    5.305688648
    4.176961603    4.568190961    5.355155238    5.296913006
    4.184140234    4.561106831    5.346250044    5.288158356
    4.191318865    4.554038961    5.337366326    5.279424657
    4.198497496    4.546987325    5.328504044    5.270711872
    4.205676127    4.539951897    5.319663156    5.262019962
    4.212854758    4.532932650    5.310843624    5.253348888
    4.220033389    4.525929556    5.302045404    5.244698612
    4.227212020    4.518942589    5.293268457    5.236069094
    4.234390651    4.511971723    5.284512742    5.227460295
    4.241569282    4.505016928    5.275778217    5.218872177
    4.248747913    4.498078180    5.267064841    5.210304700
    4.255926544    4.491155449    5.258372573    5.201757824
    4.263105175    4.484248709    5.249701371    5.193231510
    4.270283806    4.477357932    5.241051194    5.184725719
    4.277462437    4.470483091    5.232422000    5.176240411
    4.284641068    4.463624157    5.223813747    5.167775546
    4.291819699    4.456781104    5.215226394    5.159331085
    4.298998331    4.449953902    5.206659899    5.150906987
    4.306176962    4.443142524    5.198114220    5.142503213
    4.313355593    4.436346943    5.189589315    5.134119722
    4.320534224    4.429567129    5.181085142    5.125756475
    4.327712855    4.422803055    5.172601659    5.117413431
    4.334891486    4.416054692    5.164138824    5.109090550
    4.342070117    4.409322012    5.155696594    5.100787792
    4.349248748    4.402604987    5.147274926    5.092505116
    4.356427379    4.395903587    5.138873780    5.084242481
    4.363606010    4.389217784    5.130493112    5.075999848
    4.370784641    4.382547551    5.122132879    5.067777175
    4.377963272    4.375892857    5.113793040    5.059574422
    4.385141903    4.369253674    5.105473552    5.051391548
    4.392320534    4.362629973    5.097174371    5.043228513
    4.399499165    4.356021725    5.088895456    5.035085275
    4.406677796    4.349428902    5.080636763    5.026961793
    4.413856427    4.342851473    5.072398250    5.018858028
    4.421035058    4.336289411    5.064179874    5.010773937
    4.428213689    4.329742685    5.055981592    5.002709479
    4.435392321    4.323211267    5.047803361    4.994664614
    4.442570952    4.316695127    5.039645138    4.986639301
    4.449749583    4.310194236    5.031506880    4.978633498
    4.456928214    4.303708565    5.023388545    4.970647163
    4.464106845    4.297238083    5.015290089    4.962680257
    4.471285476    4.290782762    5.007211469    4.954732737
    4.478464107    4.284342572    4.999152641    4.946804562
    4.485642738    4.277917483    4.991113564    4.938895691
    4.492821369    4.271507466    4.983094193    4.931006082
    4.500000000    4.265112491    4.975094486    4.923135694
