# energy grid [eV]     epsi_x  epsi_y  epsi_z
#
    0.200000000    0.000000000    0.000000000    0.000000000
    0.207178631    0.000000000    0.000000000    0.000000000
    0.214357262    0.000000000    0.000000000    0.000000000
    0.221535893    0.000000000    0.000000000    0.000000000
    0.228714524    0.000000000    0.000000000    0.000000000
    0.235893155    0.000000000    0.000000000    0.000000000
    0.243071786    0.000000000    0.000000000    0.000000000
    0.250250417    0.000000000    0.000000000    0.000000000
    0.257429048    0.000000000    0.000000000    0.000000000
    0.264607679    0.000000000    0.000000000    0.000000000
    0.271786311    0.000000000    0.000000000    0.000000000
    0.278964942    0.000000000    0.000000000    0.000000000
    0.286143573    0.000000000    0.000000000    0.000000000
    0.293322204    0.000000000    0.000000000    0.000000000
    0.300500835    0.000000000    0.000000000    0.000000000
    0.307679466    0.000000000    0.000000000    0.000000000
    0.314858097    0.000000000    0.000000000    0.000000000
    0.322036728    0.000000000    0.000000000    0.000000000
    0.329215359    0.000000000    0.000000000    0.000000000
    0.336393990    0.000000000    0.000000000    0.000000000
    0.343572621    0.000000000    0.000000000    0.000000000
    0.350751252    0.000000000    0.000000000    0.000000000
    0.357929883    0.000000000    0.000000000    0.000000000
    0.365108514    0.000000000    0.000000000    0.000000000
    0.372287145    0.000000000    0.000000000    0.000000000
    0.379465776    0.000000000    0.000000000    0.000000000
    0.386644407    0.000000000    0.000000000    0.000000000
    0.393823038    0.000000000    0.000000000    0.000000000
    0.401001669    0.000000000    0.000000000    0.000000000
    0.408180301    0.000000000    0.000000000    0.000000000
    0.415358932    0.000000000    0.000000000    0.000000000
    0.422537563    0.000000000    0.000000000    0.000000000
    0.429716194    0.000000000    0.000000000    0.000000000
    0.436894825    0.000000000    0.000000000    0.000000000
    0.444073456    0.000000000    0.000000000    0.000000000
    0.451252087    0.000000000    0.000000000    0.000000000
    0.458430718    0.000000000    0.000000000    0.000000000
    0.465609349    0.000000000    0.000000000    0.000000000
    0.472787980    0.000000000    0.000000000    0.000000000
    0.479966611    0.000000000    0.000000000    0.000000000
    0.487145242    0.000000000    0.000000000    0.000000000
    0.494323873    0.000000000    0.000000000    0.000000000
    0.501502504    0.000000000    0.000000000    0.000000000
    0.508681135    0.000000000    0.000000000    0.000000000
    0.515859766    0.000000000    0.000000000    0.000000000
    0.523038397    0.000000000    0.000000000    0.000000000
    0.530217028    0.000000000    0.000000000    0.000000000
    0.537395659    0.000000000    0.000000000    0.000000000
    0.544574290    0.000000000    0.000000000    0.000000000
    0.551752922    0.000000000    0.000000000    0.000000000
    0.558931553    0.000000000    0.000000000    0.000000000
    0.566110184    0.000000000    0.000000000    0.000000000
    0.573288815    0.000000000    0.000000000    0.000000000
    0.580467446    0.000000000    0.000000000    0.000000000
    0.587646077    0.000000000    0.000000000    0.000000000
    0.594824708    0.000000000    0.000000000    0.000000000
    0.602003339    0.000000000    0.000000000    0.000000000
    0.609181970    0.000000000    0.000000000    0.000000000
    0.616360601    0.000000000    0.000000000    0.000000000
    0.623539232    0.000000000    0.000000000    0.000000000
    0.630717863    0.000000000    0.000000000    0.000000000
    0.637896494    0.000000000    0.000000000    0.000000000
    0.645075125    0.000000000    0.000000000    0.000000000
    0.652253756    0.000000000    0.000000000    0.000000000
    0.659432387    0.000000000    0.000000000    0.000000000
    0.666611018    0.000000001    0.000000003    0.000000002
    0.673789649    0.000000005    0.000000023    0.000000014
    0.680968280    0.000000033    0.000000160    0.000000099
    0.688146912    0.000000203    0.000000976    0.000000607
    0.695325543    0.000001106    0.000005325    0.000003312
    0.702504174    0.000005382    0.000025908    0.000016114
    0.709682805    0.000023352    0.000112405    0.000069911
    0.716861436    0.000090355    0.000434919    0.000270501
    0.724040067    0.000311773    0.001500705    0.000933374
    0.731218698    0.000959382    0.004617941    0.002872161
    0.738397329    0.002632753    0.012672644    0.007881840
    0.745575960    0.006443099    0.031013576    0.019289113
    0.752754591    0.014061939    0.067686532    0.042098118
    0.759933222    0.027369158    0.131740254    0.081936782
    0.767111853    0.047505453    0.228665441    0.142220088
    0.774290484    0.073534529    0.353955268    0.220144982
    0.781469115    0.101509098    0.488609644    0.303894224
    0.788647746    0.124963860    0.601508125    0.374112232
    0.795826377    0.137192290    0.660369139    0.410721256
    0.803005008    0.134320031    0.646543648    0.402122394
    0.810183639    0.117278303    0.564514026    0.351103491
    0.817362270    0.091318836    0.439559260    0.273386990
    0.824540902    0.063411624    0.305229101    0.189839398
    0.831719533    0.039268398    0.189016732    0.117560293
    0.838898164    0.021686192    0.104385547    0.064923329
    0.846076795    0.010680442    0.051409846    0.031974717
    0.853255426    0.004690952    0.022579693    0.014043600
    0.860434057    0.001837378    0.008844140    0.005500675
    0.867612688    0.000641803    0.003089292    0.001921407
    0.874791319    0.000199927    0.000962339    0.000598534
    0.881969950    0.000055540    0.000267339    0.000166274
    0.889148581    0.000013760    0.000066231    0.000041193
    0.896327212    0.000003040    0.000014633    0.000009101
    0.903505843    0.000000599    0.000002883    0.000001794
    0.910684474    0.000000109    0.000000509    0.000000321
    0.917863105    0.000000040    0.000000092    0.000000087
    0.925041736    0.000000140    0.000000087    0.000000229
    0.932220367    0.000000730    0.000000402    0.000001178
    0.939398998    0.000003447    0.000001895    0.000005562
    0.946577629    0.000014521    0.000007981    0.000023434
    0.953756260    0.000054555    0.000029984    0.000088040
    0.960934891    0.000182786    0.000100461    0.000294975
    0.968113523    0.000546153    0.000300173    0.000881369
    0.975292154    0.001455302    0.000799853    0.002348531
    0.982470785    0.003458258    0.001900703    0.005580852
    0.989649416    0.007328707    0.004027951    0.011826889
    0.996828047    0.013850428    0.007612373    0.022351484
    1.004006678    0.023343439    0.012829853    0.037671075
    1.011185309    0.035085874    0.019283646    0.056620731
    1.018363940    0.047028981    0.025847730    0.075894226
    1.025542571    0.056216608    0.030897368    0.090720996
    1.032721202    0.059927963    0.032937176    0.096710291
    1.039899833    0.056971835    0.031312450    0.091939763
    1.047078464    0.048301065    0.026546884    0.077947084
    1.054257095    0.036519011    0.020071316    0.058933493
    1.061435726    0.024623349    0.013533309    0.039736563
    1.068614357    0.014806113    0.008137635    0.023893747
    1.075792988    0.007939645    0.004363764    0.012812813
    1.082971619    0.003796909    0.002087013    0.006127392
    1.090150250    0.001619431    0.000890963    0.002613556
    1.097328881    0.000616582    0.000342854    0.000995723
    1.104507513    0.000211753    0.000131957    0.000344458
    1.111686144    0.000073227    0.000094706    0.000127736
    1.118864775    0.000048369    0.000196410    0.000107883
    1.126043406    0.000091217    0.000522416    0.000230150
    1.133222037    0.000216937    0.001290519    0.000555796
    1.140400668    0.000478025    0.002853279    0.001226394
    1.147579299    0.000942551    0.005627632    0.002418446
    1.154757930    0.001657880    0.009898850    0.004253915
    1.161936561    0.002600633    0.015527825    0.006672893
    1.169115192    0.003638116    0.021722147    0.009334825
    1.176293823    0.004539054    0.027099571    0.011645697
    1.183472454    0.005051935    0.030150686    0.012956816
    1.190651085    0.005022936    0.029919066    0.012856967
    1.197829716    0.004494614    0.026493280    0.011383333
    1.205008347    0.003760359    0.020991733    0.009013215
    1.212186978    0.003457522    0.015100292    0.006460178
    1.219365609    0.004916357    0.010589924    0.004454380
    1.226544240    0.011042991    0.009296501    0.003710673
    1.233722871    0.027834464    0.013742539    0.005166842
    1.240901503    0.065986083    0.028075912    0.010383172
    1.248080134    0.140957048    0.058481655    0.021810823
    1.255258765    0.269055681    0.111963666    0.042539079
    1.262437396    0.458185703    0.192876627    0.075252399
    1.269616027    0.695933185    0.298141206    0.120565891
    1.276794658    0.942780617    0.414012818    0.175491516
    1.283973289    1.139166905    0.517728081    0.233035369
    1.291151920    1.227807253    0.584887175    0.283478215
    1.298330551    1.180591687    0.599246464    0.317010266
    1.305509182    1.013052935    0.559272498    0.326774153
    1.312687813    0.776439991    0.477792249    0.311348560
    1.319866444    0.533044843    0.375745239    0.275939884
    1.327045075    0.331054985    0.274296456    0.231699263
    1.334223706    0.192428428    0.189173301    0.192879357
    1.341402337    0.115708829    0.128485242    0.172342636
    1.348580968    0.086426467    0.093212728    0.176990498
    1.355759599    0.086811849    0.079146715    0.205271554
    1.362938230    0.101296403    0.079569263    0.248424743
    1.370116861    0.118670341    0.088276542    0.295351594
    1.377295492    0.132740698    0.102292489    0.338604990
    1.384474124    0.142054002    0.123209341    0.377592494
    1.391652755    0.148346598    0.156164160    0.416484925
    1.398831386    0.153965501    0.206324029    0.458193226
    1.406010017    0.159552427    0.274121582    0.499060070
    1.413188648    0.163332606    0.351669494    0.528476332
    1.420367279    0.162228647    0.422988854    0.533761466
    1.427545910    0.153832268    0.469244365    0.506866349
    1.434724541    0.137965585    0.477188146    0.448749856
    1.441903172    0.117072035    0.446149059    0.369398937
    1.449081803    0.095391666    0.388823258    0.284151055
    1.456260434    0.077447321    0.324885287    0.208614794
    1.463439065    0.066697707    0.271551232    0.154762676
    1.470617696    0.065099743    0.237344632    0.129790176
    1.477796327    0.073625003    0.222468613    0.137371072
    1.484974958    0.092882469    0.223863215    0.179043454
    1.492153589    0.122754771    0.239812719    0.253265287
    1.499332220    0.160850758    0.270322183    0.351928296
    1.506510851    0.201029206    0.313777842    0.457387883
    1.513689482    0.233863638    0.363694269    0.544342686
    1.520868114    0.249779660    0.408952981    0.588163326
    1.528046745    0.243403453    0.437665131    0.576002964
    1.535225376    0.216349653    0.441889086    0.513672908
    1.542404007    0.176585080    0.420304218    0.423282097
    1.549582638    0.134925047    0.378002820    0.332789313
    1.556761269    0.101037341    0.324416932    0.263888059
    1.563939900    0.081111610    0.270666179    0.225003922
    1.571118531    0.077608703    0.226962667    0.212029394
    1.578297162    0.089949811    0.200344835    0.214454338
    1.585475793    0.114889125    0.193169529    0.222187779
    1.592654424    0.146476131    0.202956152    0.229451984
    1.599833055    0.176684776    0.223930616    0.235065241
    1.607011686    0.197692908    0.249855272    0.240719447
    1.614190317    0.205342484    0.276742493    0.249044040
    1.621368948    0.201849890    0.303734269    0.262038272
    1.628547579    0.195894935    0.331622002    0.279738268
    1.635726210    0.199794448    0.360501548    0.299468930
    1.642904841    0.225019044    0.388805806    0.316453769
    1.650083472    0.277674957    0.414355635    0.325715049
    1.657262104    0.355242767    0.435825517    0.323920982
    1.664440735    0.445794521    0.452754948    0.309904717
    1.671619366    0.530730956    0.464149609    0.284077473
    1.678797997    0.590721409    0.467409328    0.248018903
    1.685976628    0.612448989    0.459002461    0.204886099
    1.693155259    0.593040486    0.436774311    0.159929180
    1.700333890    0.540644271    0.402711625    0.120082927
    1.707512521    0.471774032    0.364695515    0.092511042
    1.714691152    0.406630060    0.335712331    0.082799509
    1.721869783    0.363034410    0.329482715    0.093380884
    1.729048414    0.349957926    0.353377538    0.122327367
    1.736227045    0.363278313    0.402221549    0.162811337
    1.743405676    0.387088610    0.457679252    0.204092325
    1.750584307    0.401427428    0.495355979    0.234684152
    1.757762938    0.392819337    0.496567075    0.246867721
    1.764941569    0.361315823    0.457869434    0.240091872
    1.772120200    0.319624285    0.392426813    0.220873232
    1.779298831    0.285198924    0.322665883    0.199005729
    1.786477462    0.270619383    0.269198921    0.182511478
    1.793656093    0.277938911    0.242489628    0.174522791
    1.800834725    0.299351042    0.240862204    0.173582075
    1.808013356    0.322499483    0.254210772    0.176275568
    1.815191987    0.336652314    0.270172966    0.179816290
    1.822370618    0.336420357    0.279387911    0.182917243
    1.829549249    0.321849308    0.277895152    0.185055326
    1.836727880    0.296101628    0.266621120    0.185446372
    1.843906511    0.263121060    0.249341771    0.182920347
    1.851085142    0.226948041    0.230844562    0.176804701
    1.858263773    0.192490496    0.216204957    0.167973371
    1.865442404    0.166249501    0.210894768    0.159161850
    1.872621035    0.155730410    0.220717460    0.154293235
    1.879799666    0.167426261    0.250618156    0.157128241
    1.886978297    0.204144942    0.302137695    0.169667802
    1.894156928    0.262685051    0.370472183    0.190753152
    1.901335559    0.332869754    0.443171396    0.215538078
    1.908514190    0.398911112    0.502398198    0.236575417
    1.915692821    0.443556150    0.530851683    0.246626152
    1.922871452    0.454111851    0.518940551    0.242181323
    1.930050083    0.427838614    0.469509699    0.225979972
    1.937228715    0.373712247    0.397471904    0.207132801
    1.944407346    0.309126704    0.324409549    0.198590388
    1.951585977    0.253012992    0.270806101    0.212864120
    1.958764608    0.218939823    0.249509255    0.257485999
    1.965943239    0.211429146    0.262996272    0.331595153
    1.973121870    0.226489079    0.304923559    0.424688870
    1.980300501    0.255174621    0.364580149    0.518363271
    1.987479132    0.288072623    0.431911006    0.591484973
    1.994657763    0.318735090    0.500759665    0.627898563
    2.001836394    0.344709165    0.568926892    0.623603557
    2.009015025    0.365980926    0.635535300    0.589167772
    2.016193656    0.382222619    0.698042008    0.544974707
    2.023372287    0.391082490    0.751275025    0.511219093
    2.030550918    0.388840762    0.788721987    0.498149039
    2.037729549    0.372743568    0.804313824    0.502020481
    2.044908180    0.343127384    0.793567411    0.508742312
    2.052086811    0.303986323    0.755086181    0.502840706
    2.059265442    0.261941068    0.693492072    0.476686453
    2.066444073    0.224290236    0.622006471    0.435017655
    2.073622705    0.196842269    0.560834013    0.392469835
    2.080801336    0.182239565    0.529816069    0.365821621
    2.087979967    0.179621361    0.538930702    0.365775117
    2.095158598    0.186083686    0.582942434    0.393242098
    2.102337229    0.199222897    0.643993165    0.441959061
    2.109515860    0.218953653    0.700457067    0.504793914
    2.116694491    0.246987584    0.736513177    0.578452348
    2.123873122    0.284031337    0.747120643    0.662528513
    2.131051753    0.326681350    0.736507120    0.753419635
    2.138230384    0.366567234    0.712272312    0.838379703
    2.145409015    0.392964195    0.679482255    0.896043441
    2.152587646    0.397729823    0.638599268    0.905444683
    2.159766277    0.379624041    0.588063806    0.858517311
    2.166944908    0.345145996    0.528735283    0.767089136
    2.174123539    0.305168654    0.466061892    0.658635916
    2.181302170    0.269583999    0.408195448    0.563530258
    2.188480801    0.243657903    0.362239397    0.502920438
    2.195659432    0.228384795    0.332401164    0.484932069
    2.202838063    0.223786366    0.321339272    0.509161239
    2.210016694    0.231686902    0.332200837    0.572775842
    2.217195326    0.255179650    0.367924054    0.671803678
    2.224373957    0.295098345    0.427332630    0.797302752
    2.231552588    0.346507932    0.501271959    0.931733049
    2.238731219    0.398286907    0.572786842    1.050737727
    2.245909850    0.436530094    0.622448526    1.130369299
    2.253088481    0.449893638    0.636114125    1.155006650
    2.260267112    0.434049591    0.610877857    1.121264003
    2.267445743    0.393321307    0.556558848    1.037166656
    2.274624374    0.339169116    0.492846667    0.919095011
    2.281803005    0.286381802    0.443878267    0.788662076
    2.288981636    0.248388963    0.432064697    0.669502647
    2.296160267    0.233292782    0.472503602    0.583102153
    2.303338898    0.242006886    0.569054096    0.543917114
    2.310517529    0.269067368    0.712822156    0.555386520
    2.317696160    0.305460063    0.883219306    0.608702217
    2.324874791    0.341947410    1.051497948    0.685469353
    2.332053422    0.371476128    1.186879790    0.763875068
    2.339232053    0.390103559    1.264899745    0.825962773
    2.346410684    0.396752100    1.275585050    0.862531790
    2.353589316    0.392470616    1.227279206    0.873873468
    2.360767947    0.379770556    1.143110735    0.868365153
    2.367946578    0.362276282    1.051383488    0.863304931
    2.375125209    0.344617766    0.975063392    0.890438321
    2.382303840    0.332355157    0.925743590    1.003277132
    2.389482471    0.331726306    0.904192294    1.277804502
    2.396661102    0.348934888    0.905664171    1.795946038
    2.403839733    0.388578180    0.926008679    2.606341631
    2.411018364    0.451163774    0.964873897    3.672696694
    2.418196995    0.530777662    1.024461420    4.840727301
    2.425375626    0.614983334    1.105236736    5.861238464
    2.432554257    0.688391535    1.202031928    6.480595210
    2.439732888    0.738699439    1.303486984    6.559472846
    2.446911519    0.761416188    1.395015755    6.147330986
    2.454090150    0.759827341    1.463046251    5.460677229
    2.461268781    0.740400327    1.498509207    4.777617428
    2.468447412    0.707636854    1.499522554    4.315803912
    2.475626043    0.662618903    1.473860778    4.161822241
    2.482804674    0.605915268    1.440164292    4.274881699
    2.489983306    0.541629888    1.425603279    4.540275332
    2.497161937    0.478700402    1.459319429    4.831715843
    2.504340568    0.428210058    1.563923291    5.054899478
    2.511519199    0.398680723    1.748118310    5.165656314
    2.518697830    0.392520426    2.001738792    5.168008395
    2.525876461    0.405675550    2.293484007    5.099185447
    2.533055092    0.430365750    2.573239554    5.007816535
    2.540233723    0.458946399    2.781852114    4.932559846
    2.547412354    0.486361124    2.867698783    4.888469655
    2.554590985    0.509768914    2.803592025    4.864731978
    2.561769616    0.526300912    2.596042812    4.834306023
    2.568948247    0.531777902    2.283741041    4.778346070
    2.576126878    0.522681082    1.927974713    4.730593355
    2.583305509    0.500704611    1.599269056    4.837070908
    2.590484140    0.476253091    1.362901267    5.402545955
    2.597662771    0.467028085    1.265436422    6.874607947
    2.604841402    0.490876328    1.326039260    9.723779570
    2.612020033    0.556249562    1.537181452   14.225174008
    2.619198664    0.656016918    1.876472480   20.217073425
    2.626377295    0.769118189    2.324193264   26.962390183
    2.633555927    0.869951680    2.873478373   33.226977125
    2.640734558    0.940194670    3.520407908   37.602892304
    2.647913189    0.975898784    4.235956913   38.980114418
    2.655091820    0.986165696    4.943215967   36.970964568
    2.662270451    0.985934543    5.529361600   32.079795419
    2.669449082    0.988972983    5.897408218   25.515398446
    2.676627713    1.005051858    6.023731441   18.727124076
    2.683806344    1.040209291    5.972761638   12.897627521
    2.690984975    1.096533270    5.851520556    8.633886633
    2.698163606    1.170273793    5.738544818    5.956632993
    2.705342237    1.250894250    5.643947198    4.510378940
    2.712520868    1.323943441    5.527534822    3.828696504
    2.719699499    1.376810952    5.350088562    3.522537726
    2.726878130    1.402964274    5.109557178    3.349823822
    2.734056761    1.401371880    4.837763125    3.197450938
    2.741235392    1.372581279    4.575505292    3.032057409
    2.748414023    1.316248447    4.361640472    2.862486853
    2.755592654    1.233138093    4.250963274    2.727056821
    2.762771285    1.129616448    4.341978161    2.693834808
    2.769949917    1.019860818    4.784195161    2.855981457
    2.777128548    0.923248868    5.752900038    3.315308981
    2.784307179    0.858763590    7.401634214    4.159168930
    2.791485810    0.839858241    9.803989843    5.434499571
    2.798664441    0.871146684   12.888176713    7.114825365
    2.805843072    0.946221981   16.384544564    9.062794320
    2.813021703    1.046920237   19.848023110   11.018084452
    2.820200334    1.146597953   22.823108192   12.656979613
    2.827378965    1.219026782   25.129133174   13.734907429
    2.834557596    1.249501407   27.099529445   14.244978955
    2.841736227    1.240809841   29.553470759   14.476496492
    2.848914858    1.209341508   33.415413606   14.904701536
    2.856093489    1.174358342   39.153439525   15.962751213
    2.863272120    1.148531520   46.370074305   17.833041771
    2.870450751    1.135118439   53.802827076   20.369172861
    2.877629382    1.130342731   59.738680671   23.156534703
    2.884808013    1.126374536   62.620065594   25.644086464
    2.891986644    1.113083946   61.565940546   27.289282634
    2.899165275    1.080487735   56.630926124   27.704625953
    2.906343907    1.023458531   48.760609244   26.796326793
    2.913522538    0.946757690   39.492228589   24.836807865
    2.920701169    0.866617098   30.502491170   22.393647402
    2.927879800    0.807248121   23.146134746   20.108764086
    2.935058431    0.794150159   18.142462662   18.434439872
    2.942237062    0.847023347   15.509912741   17.475692612
    2.949415693    0.973158422   14.729459367   17.015605184
    2.956594324    1.161012940   15.016410467   16.680511451
    2.963772955    1.376147876   15.571959505   16.137371748
    2.970951586    1.565288849   15.757400542   15.236935584
    2.978130217    1.672752876   15.200315603   14.072537904
    2.985308848    1.664642793   13.845571509   12.957036055
    2.992487479    1.547058320   11.933755473   12.324576122
    2.999666110    1.365477766    9.892518408   12.574600223
    3.006844741    1.185006287    8.176445081   13.908496865
    3.014023372    1.064596897    7.133276114   16.233487389
    3.021202003    1.040564437    6.955064772   19.184044882
    3.028380634    1.125370406    7.706288554   22.245224739
    3.035559265    1.317429229    9.372049034   24.908280961
    3.042737896    1.615358131   11.881468850   26.789190115
    3.049916528    2.033123266   15.111128353   27.683108770
    3.057095159    2.611643294   18.899223586   27.567884786
    3.064273790    3.414828310   23.071580208   26.580453149
    3.071452421    4.494749840   27.434751490   24.977027827
    3.078631052    5.827004004   31.703051163   23.072505162
    3.085809683    7.251544319   35.414306695   21.157400145
    3.092988314    8.476349748   37.966335424   19.418685210
    3.100166945    9.175519843   38.852910344   17.917604688
    3.107345576    9.143034933   37.993190338   16.657261990
    3.114524207    8.405965122   35.901339250   15.700846951
    3.121702838    7.217852829   33.514285558   15.242940953
    3.128881469    5.938753556   31.758029364   15.560382843
    3.136060100    4.886623918   31.145201397   16.861176082
    3.143238731    4.247038145   31.654135438   19.124521660
    3.150417362    4.064695244   32.896511917   22.024618984
    3.157595993    4.279730697   34.379518774   24.977623230
    3.164774624    4.764057781   35.674476877   27.296889421
    3.171953255    5.345621236   36.455237761   28.404222696
    3.179131886    5.836367191   36.488402894   28.018210191
    3.186310518    6.076843681   35.652513171   26.238058990
    3.193489149    5.987728090   33.990794472   23.486064751
    3.200667780    5.602785398   31.754930428   20.347863550
    3.207846411    5.063002821   29.398340959   17.398631604
    3.215025042    4.572237195   27.496276057   15.086741099
    3.222203673    4.335195161   26.595083820   13.689356893
    3.229382304    4.505763074   27.034460824   13.313271223
    3.236560935    5.163211240   28.825555145   13.912856787
    3.243739566    6.312235248   31.655922759   15.313650329
    3.250918197    7.885834507   35.015549497   17.238749925
    3.258096828    9.733668988   38.354276579   19.338371894
    3.265275459   11.605027848   41.171042218   21.234674150
    3.272454090   13.164163761   43.017932690   22.604796257
    3.279632721   14.073417681   43.501291814   23.305260333
    3.286811352   14.132440870   42.371096626   23.485823798
    3.293989983   13.400200765   39.682481135   23.597396033
    3.301168614   12.208119606   35.893571267   24.226857771
    3.308347245   11.029254268   31.772150218   25.798049166
    3.315525876   10.266595897   28.136197842   28.294175459
    3.322704508   10.086574175   25.602699377   31.186797703
    3.329883139   10.397456610   24.509211778   33.654111012
    3.337061770   10.973382152   25.013537499   34.988212751
    3.344240401   11.627718967   27.228549679   34.958950196
    3.351419032   12.315026993   31.243379365   33.933029897
    3.358597663   13.101764712   36.999534123   32.718917755
    3.365776294   14.042697087   44.113713187   32.264937691
    3.372954925   15.063820989   51.781636016   33.352515654
    3.380133556   15.943164669   58.856795456   36.346025422
    3.387312187   16.408409595   64.114824836   41.032391374
    3.394490818   16.287416629   66.623387549   46.636980164
    3.401669449   15.614099850   66.068158052   52.094197231
    3.408848080   14.628024162   62.872272311   56.480750377
    3.416026711   13.675120428   58.018237430   59.329113412
    3.423205342   13.064751554   52.629600641   60.586857786
    3.430383973   12.946300402   47.523488557   60.304436269
    3.437562604   13.254071843   42.987642828   58.408463084
    3.444741235   13.745096708   38.897658683   54.825355287
    3.451919866   14.115664064   35.051389015   49.829368269
    3.459098497   14.138460820   31.451029155   44.218137319
    3.466277129   13.747665401   28.334738257   39.063678736
    3.473455760   13.034826098   25.977107276   35.189106425
    3.480634391   12.177073527   24.449659913   32.769859863
    3.487813022   11.352384486   23.533792480   31.341518539
    3.494991653   10.685538250   22.841901701   30.171590853
    3.502170284   10.236466848   22.054376587   28.718194774
    3.509348915   10.019977927   21.121687481   26.902218829
    3.516527546   10.038692855   20.322961585   25.091222631
    3.523706177   10.309785249   20.156899539   23.871431372
    3.530884808   10.867300443   21.108846965   23.759924797
    3.538063439   11.731389973   23.377804577   24.982147473
    3.545242070   12.855699412   26.676699998   27.378648902
    3.552420701   14.085705188   30.229278662   30.461531390
    3.559599332   15.168593839   33.029621307   33.604119013
    3.566777963   15.834874123   34.285900912   36.287693463
    3.573956594   15.924136172   33.818226625   38.276112027
    3.581135225   15.482440977   32.161587530   39.616323162
    3.588313856   14.760950518   30.296248391   40.482414854
    3.595492487   14.105519067   29.173751411   40.996464810
    3.602671119   13.799183654   29.329775343   41.163182282
    3.609849750   13.943681537   30.784605604   40.949731086
    3.617028381   14.430896892   33.220683581   40.430818696
    3.624207012   15.002454521   36.265234661   39.889357213
    3.631385643   15.365495777   39.687607895   39.809047348
    3.638564274   15.323764727   43.416332005   40.753752361
    3.645742905   14.876344007   47.407788657   43.161115974
    3.652921536   14.236380853   51.491328571   47.102452564
    3.660100167   13.751020520   55.330423034   52.103336827
    3.667278798   13.756692408   58.552444108   57.151686816
    3.674457429   14.440281799   60.954873645   60.974636178
    3.681636060   15.767946910   62.617956295   62.521222940
    3.688814691   17.506157030   63.836421093   61.428612541
    3.695993322   19.323793192   64.954082363   58.210358481
    3.703171953   20.931824684   66.256424155   54.046027244
    3.710350584   22.185171345   67.962894000   50.282734797
    3.717529215   23.074926947   70.204697207   47.909978530
    3.724707846   23.615662217   72.885600733   47.244088005
    3.731886477   23.736754668   75.511361944   47.914731135
    3.739065109   23.302767561   77.208786511   49.106809071
    3.746243740   22.269426175   77.043184170   49.935683523
    3.753422371   20.838183785   74.474104177   49.803058313
    3.760601002   19.457289048   69.644354989   48.584768077
    3.767779633   18.646529334   63.320530426   46.570802115
    3.774958264   18.760444471   56.556773706   44.212172724
    3.782136895   19.828035756   50.303984408   41.845468933
    3.789315526   21.531121414   45.151338166   39.563403375
    3.796494157   23.307071661   41.258183437   37.274035213
    3.803672788   24.535476845   38.431151442   34.852614140
    3.810851419   24.760170982   36.266368139   32.254929694
    3.818030050   23.872386372   34.293480937   29.538782876
    3.825208681   22.165176671   32.097373693   26.834605242
    3.832387312   20.214637255   29.422655014   24.325105685
    3.839565943   18.639406821   26.258301346   22.239775635
    3.846744574   17.859732375   22.865587953   20.821146280
    3.853923205   17.964776982   19.703566768   20.235853041
    3.861101836   18.725325113   17.257102667   20.466603390
    3.868280467   19.720646270   15.845537617   21.262466897
    3.875459098   20.514033738   15.511922596   22.199948395
    3.882637730   20.805632779   16.040659503   22.836952344
    3.889816361   20.507898414   17.076622119   22.884802659
    3.896994992   19.729118214   18.280688106   22.317445417
    3.904173623   18.697005586   19.461473526   21.372198079
    3.911352254   17.674622687   20.641202949   20.442842916
    3.918530885   16.901455173   22.031416069   19.907670287
    3.925709516   16.557438302   23.923052048   19.968220885
    3.932888147   16.733640571   26.537216416   20.582368188
    3.940066778   17.411852415   29.911606090   21.532744319
    3.947245409   18.481274381   33.882580836   22.584561266
    3.954424040   19.813315519   38.162659112   23.616206587
    3.961602671   21.362707089   42.446423631   24.623527518
    3.968781302   23.209668467   46.461484825   25.607318393
    3.975959933   25.473909514   49.939405237   26.461175807
    3.983138564   28.129976964   52.565786253   26.977515181
    3.990317195   30.855187067   53.993565868   26.977664911
    3.997495826   33.046402476   53.941489450   26.456035343
    4.004674457   34.034206769   52.317267269   25.616360030
    4.011853088   33.385178963   49.283434597   24.768784021
    4.019031720   31.118510700   45.230559310   24.160657402
    4.026210351   27.716365390   40.682686735   23.855209010
    4.033388982   23.936445450   36.187688647   23.738400992
    4.040567613   20.543286046   32.232304884   23.651310765
    4.047746244   18.086489413   29.186135992   23.556271476
    4.054924875   16.784903893   27.254925350   23.610749511
    4.062103506   16.510833013   26.440148171   24.087267351
    4.069282137   16.860773645   26.542043174   25.201914758
    4.076460768   17.313499826   27.245399516   26.985701093
    4.083639399   17.451804639   28.261003020   29.279740763
    4.090818030   17.166196011   29.419866642   31.814607444
    4.097996661   16.733076344   30.629386912   34.275156946
    4.105175292   16.707207557   31.718889336   36.309409138
    4.112353923   17.659611039   32.324528597   37.536013227
    4.119532554   19.871046744   31.960045944   37.623842093
    4.126711185   23.125921380   30.269997315   36.437052224
    4.133889816   26.729110454   27.292463215   34.149888928
    4.141068447   29.775411277   23.527687415   31.235023250
    4.148247078   31.555231185   19.749479009   28.316352819
    4.155425710   31.868465844   16.680416931   25.964327528
    4.162604341   31.051994602   14.725384087   24.527800244
    4.169782972   29.715616618   13.885200272   24.053160276
    4.176961603   28.386662095   13.843740379   24.297376744
    4.184140234   27.308415614   14.142740680   24.825604873
    4.191318865   26.484163836   14.356467164   25.175606700
    4.198497496   25.852338638   14.213950602   25.043669912
    4.205676127   25.404636446   13.647308736   24.411618405
    4.212854758   25.163068767   12.763617792   23.535861769
    4.220033389   25.085977758   11.757678108   22.783848636
    4.227212020   25.023067867   10.805626486   22.400476498
    4.234390651   24.764580624    9.989488373   22.345754681
    4.241569282   24.138524205    9.286975601   22.312115137
    4.248747913   23.093983272    8.623647673   21.917217721
    4.255926544   21.745805678    7.947510610   20.950439024
    4.263105175   20.373980627    7.274175930   19.514706396
    4.270283806   19.358705596    6.674293328   17.979913936
    4.277462437   19.040934293    6.218526091   16.791850259
    4.284641068   19.551272728    5.925628084   16.261316153
    4.291819699   20.699992299    5.752345691   16.440612847
    4.298998331   22.007228451    5.627120640   17.117885835
    4.306176962   22.874016825    5.495080681   17.899919645
    4.313355593   22.811040735    5.337835031   18.341994351
    4.320534224   21.613812119    5.158217302   18.090934937
    4.327712855   19.412407604    4.951407023   17.002999684
    4.334891486   16.593920602    4.692712291   15.191091374
    4.342070117   13.649504358    4.353862246   12.974525831
    4.349248748   11.013813545    3.932826162   10.750579957
    4.356427379    8.950804790    3.470529918    8.848020923
    4.363606010    7.513790363    3.039293088    7.428390912
    4.370784641    6.580255135    2.710357220    6.470452233
    4.377963272    5.937986080    2.522409436    5.829895771
    4.385141903    5.383875605    2.469668952    5.334361243
    4.392320534    4.796542926    2.512370426    4.865406900
    4.399499165    4.159987117    2.598162562    4.394253210
    4.406677796    3.540324678    2.680023585    3.966763584
    4.413856427    3.037630100    2.723916307    3.658648041
    4.421035058    2.739070342    2.708863331    3.530300664
    4.428213689    2.688538424    2.625788362    3.600710641
    4.435392321    2.873846734    2.478608850    3.843080927
    4.442570952    3.227282173    2.286089614    4.194297024
    4.449749583    3.639184814    2.080270835    4.570186617
    4.456928214    3.986499587    1.898537748    4.883088776
    4.464106845    4.170930979    1.770668859    5.060244241
    4.471285476    4.150093182    1.706613241    5.059046186
    4.478464107    3.944027974    1.691902659    4.873105543
    4.485642738    3.614222873    1.694131872    4.526754644
    4.492821369    3.231068914    1.677848940    4.063113654
    4.500000000    2.851069285    1.620297727    3.533963912
