# energy grid [eV]  eels components [arbitrary units]
#
    0.200000000    0.000000000    0.000000000    0.000000000
    0.207178631    0.000000000    0.000000000    0.000000000
    0.214357262    0.000000000    0.000000000    0.000000000
    0.221535893    0.000000000    0.000000000    0.000000000
    0.228714524    0.000000000    0.000000000    0.000000000
    0.235893155    0.000000000    0.000000000    0.000000000
    0.243071786    0.000000000    0.000000000    0.000000000
    0.250250417    0.000000000    0.000000000    0.000000000
    0.257429048    0.000000000    0.000000000    0.000000000
    0.264607679    0.000000000    0.000000000    0.000000000
    0.271786311    0.000000000    0.000000000    0.000000000
    0.278964942    0.000000000    0.000000000    0.000000000
    0.286143573    0.000000000    0.000000000    0.000000000
    0.293322204    0.000000000    0.000000000    0.000000000
    0.300500835    0.000000000    0.000000000    0.000000000
    0.307679466    0.000000000    0.000000000    0.000000000
    0.314858097    0.000000000    0.000000000    0.000000000
    0.322036728    0.000000000    0.000000000    0.000000000
    0.329215359    0.000000000    0.000000000    0.000000000
    0.336393990    0.000000000    0.000000000    0.000000000
    0.343572621    0.000000000    0.000000000    0.000000000
    0.350751252    0.000000000    0.000000000    0.000000000
    0.357929883    0.000000000    0.000000000    0.000000000
    0.365108514    0.000000000    0.000000000    0.000000000
    0.372287145    0.000000000    0.000000000    0.000000000
    0.379465776    0.000000000    0.000000000    0.000000000
    0.386644407    0.000000000    0.000000000    0.000000000
    0.393823038    0.000000000    0.000000000    0.000000000
    0.401001669    0.000000000    0.000000000    0.000000000
    0.408180301    0.000000000    0.000000000    0.000000000
    0.415358932    0.000000000    0.000000000    0.000000000
    0.422537563    0.000000000    0.000000000    0.000000000
    0.429716194    0.000000000    0.000000000    0.000000000
    0.436894825    0.000000000    0.000000000    0.000000000
    0.444073456    0.000000000    0.000000000    0.000000000
    0.451252087    0.000000000    0.000000000    0.000000000
    0.458430718    0.000000000    0.000000000    0.000000000
    0.465609349    0.000000000    0.000000000    0.000000000
    0.472787980    0.000000000    0.000000000    0.000000000
    0.479966611    0.000000000    0.000000000    0.000000000
    0.487145242    0.000000000    0.000000000    0.000000000
    0.494323873    0.000000000    0.000000000    0.000000000
    0.501502504    0.000000000    0.000000000    0.000000000
    0.508681135    0.000000000    0.000000000    0.000000000
    0.515859766    0.000000000    0.000000000    0.000000000
    0.523038397    0.000000000    0.000000000    0.000000000
    0.530217028    0.000000000    0.000000000    0.000000000
    0.537395659    0.000000000    0.000000000    0.000000000
    0.544574290    0.000000000    0.000000000    0.000000000
    0.551752922    0.000000000    0.000000000    0.000000000
    0.558931553    0.000000000    0.000000000    0.000000000
    0.566110184    0.000000000    0.000000000    0.000000000
    0.573288815    0.000000000    0.000000000    0.000000000
    0.580467446    0.000000000    0.000000000    0.000000000
    0.587646077    0.000000000    0.000000000    0.000000000
    0.594824708    0.000000000    0.000000000    0.000000000
    0.602003339    0.000000000    0.000000000    0.000000000
    0.609181970    0.000000000    0.000000000    0.000000000
    0.616360601    0.000000000    0.000000000    0.000000000
    0.623539232    0.000000000    0.000000000    0.000000000
    0.630717863    0.000000000    0.000000000    0.000000000
    0.637896494    0.000000000    0.000000000    0.000000000
    0.645075125    0.000000000    0.000000000    0.000000000
    0.652253756    0.000000000    0.000000000    0.000000000
    0.659432387    0.000000000    0.000000000    0.000000000
    0.666611018    0.000000000    0.000000000    0.000000000
    0.673789649    0.000000000    0.000000000    0.000000000
    0.680968280    0.000000000    0.000000000    0.000000000
    0.688146912    0.000000000    0.000000000    0.000000000
    0.695325543    0.000000000    0.000000000    0.000000000
    0.702504174    0.000000000    0.000000000    0.000000000
    0.709682805    0.000000000    0.000000000    0.000000000
    0.716861436    0.000000000    0.000000000    0.000000000
    0.724040067    0.000000000    0.000000000    0.000000000
    0.731218698    0.000000000    0.000000000    0.000000000
    0.738397329    0.000000000    0.000000000    0.000000000
    0.745575960    0.000000000    0.000000000    0.000000000
    0.752754591    0.000000000    0.000000000    0.000000000
    0.759933222    0.000000000    0.000000000    0.000000000
    0.767111853    0.000000000    0.000000000    0.000000000
    0.774290484    0.000000000    0.000000000    0.000000000
    0.781469115    0.000000000    0.000000000    0.000000000
    0.788647746    0.000000000    0.000000000    0.000000000
    0.795826377    0.000000000    0.000000000    0.000000000
    0.803005008    0.000000000    0.000000000    0.000000000
    0.810183639    0.000000000    0.000000000    0.000000000
    0.817362270    0.000000000    0.000000000    0.000000000
    0.824540902    0.000000000    0.000000000    0.000000000
    0.831719533    0.000000000    0.000000000    0.000000000
    0.838898164    0.000000000    0.000000000    0.000000000
    0.846076795    0.000000000    0.000000000    0.000000000
    0.853255426    0.000000000    0.000000000    0.000000000
    0.860434057    0.000000000    0.000000000    0.000000000
    0.867612688    0.000000000    0.000000000    0.000000000
    0.874791319    0.000000000    0.000000000    0.000000000
    0.881969950    0.000000000    0.000000000    0.000000000
    0.889148581    0.000000000    0.000000000    0.000000000
    0.896327212    0.000000000    0.000000000    0.000000000
    0.903505843    0.000000000    0.000000000    0.000000000
    0.910684474    0.000000000    0.000000000    0.000000000
    0.917863105    0.000000000    0.000000000    0.000000000
    0.925041736    0.000000000    0.000000000    0.000000000
    0.932220367    0.000000000    0.000000000    0.000000000
    0.939398998    0.000000000    0.000000000    0.000000000
    0.946577629    0.000000000    0.000000000    0.000000000
    0.953756260    0.000000000    0.000000000    0.000000000
    0.960934891    0.000000000    0.000000000    0.000000000
    0.968113523    0.000000000    0.000000000    0.000000000
    0.975292154    0.000000000    0.000000000    0.000000000
    0.982470785    0.000000000    0.000000000    0.000000000
    0.989649416    0.000000000    0.000000000    0.000000000
    0.996828047    0.000000000    0.000000000    0.000000000
    1.004006678    0.000000000    0.000000000    0.000000000
    1.011185309    0.000000000    0.000000000    0.000000000
    1.018363940    0.000000000    0.000000000    0.000000000
    1.025542571    0.000000000    0.000000000    0.000000000
    1.032721202    0.000000000    0.000000000    0.000000000
    1.039899833    0.000000000    0.000000000    0.000000000
    1.047078464    0.000000000    0.000000000    0.000000000
    1.054257095    0.000000000    0.000000000    0.000000000
    1.061435726    0.000000000    0.000000000    0.000000000
    1.068614357    0.000000000    0.000000000    0.000000000
    1.075792988    0.000000000    0.000000000    0.000000000
    1.082971619    0.000000000    0.000000000    0.000000000
    1.090150250    0.000000000    0.000000000    0.000000000
    1.097328881    0.000000000    0.000000000    0.000000000
    1.104507513    0.000000000    0.000000000    0.000000000
    1.111686144    0.000000000    0.000000000    0.000000000
    1.118864775    0.000000000    0.000000000    0.000000000
    1.126043406    0.000000000    0.000000000    0.000000000
    1.133222037    0.000000000    0.000000000    0.000000000
    1.140400668    0.000000000    0.000000000    0.000000000
    1.147579299    0.000000000    0.000000000    0.000000000
    1.154757930    0.000000000    0.000000000    0.000000000
    1.161936561    0.000000000    0.000000000    0.000000000
    1.169115192    0.000000000    0.000000000    0.000000000
    1.176293823    0.000000000    0.000000000    0.000000000
    1.183472454    0.000000000    0.000000000    0.000000000
    1.190651085    0.000000000    0.000000000    0.000000000
    1.197829716    0.000000000    0.000000000    0.000000000
    1.205008347    0.000000000    0.000000000    0.000000000
    1.212186978    0.000000000    0.000000000    0.000000000
    1.219365609    0.000000000    0.000000000    0.000000000
    1.226544240    0.000000000    0.000000000    0.000000000
    1.233722871    0.000000000    0.000000000    0.000000000
    1.240901503    0.000000000    0.000000000    0.000000000
    1.248080134    0.000000000    0.000000000    0.000000000
    1.255258765    0.000000000    0.000000000    0.000000000
    1.262437396    0.000000000    0.000000000    0.000000000
    1.269616027    0.000000000    0.000000000    0.000000000
    1.276794658    0.000000000    0.000000000    0.000000000
    1.283973289    0.000000000    0.000000000    0.000000000
    1.291151920    0.000000000    0.000000000    0.000000000
    1.298330551    0.000000000    0.000000000    0.000000000
    1.305509182    0.000000000    0.000000000    0.000000000
    1.312687813    0.000000000    0.000000000    0.000000000
    1.319866444    0.000000000    0.000000000    0.000000000
    1.327045075    0.000000000    0.000000000    0.000000000
    1.334223706    0.000000000    0.000000000    0.000000000
    1.341402337    0.000000000    0.000000000    0.000000000
    1.348580968    0.000000000    0.000000000    0.000000000
    1.355759599    0.000000000    0.000000000    0.000000000
    1.362938230    0.000000000    0.000000000    0.000000000
    1.370116861    0.000000000    0.000000000    0.000000000
    1.377295492    0.000000000    0.000000000    0.000000000
    1.384474124    0.000000000    0.000000000    0.000000000
    1.391652755    0.000000000    0.000000000    0.000000000
    1.398831386    0.000000000    0.000000000    0.000000000
    1.406010017    0.000000000    0.000000000    0.000000000
    1.413188648    0.000000000    0.000000000    0.000000000
    1.420367279    0.000000000    0.000000000    0.000000000
    1.427545910    0.000000000    0.000000000    0.000000000
    1.434724541    0.000000000    0.000000000    0.000000000
    1.441903172    0.000000000    0.000000000    0.000000000
    1.449081803    0.000000000    0.000000000    0.000000000
    1.456260434    0.000000000    0.000000000    0.000000000
    1.463439065    0.000000000    0.000000000    0.000000000
    1.470617696    0.000000000    0.000000000    0.000000000
    1.477796327    0.000000000    0.000000000    0.000000000
    1.484974958    0.000000000    0.000000000    0.000000000
    1.492153589    0.000000000    0.000000000    0.000000000
    1.499332220    0.000000000    0.000000000    0.000000000
    1.506510851    0.000000000    0.000000000    0.000000000
    1.513689482    0.000000000    0.000000000    0.000000000
    1.520868114    0.000000000    0.000000000    0.000000000
    1.528046745    0.000000000    0.000000000    0.000000000
    1.535225376    0.000000000    0.000000000    0.000000000
    1.542404007    0.000000000    0.000000000    0.000000000
    1.549582638    0.000000000    0.000000000    0.000000000
    1.556761269    0.000000000    0.000000000    0.000000000
    1.563939900    0.000000000    0.000000000    0.000000000
    1.571118531    0.000000000    0.000000000    0.000000000
    1.578297162    0.000000001    0.000000000    0.000000000
    1.585475793    0.000000001    0.000000000    0.000000000
    1.592654424    0.000000001    0.000000000    0.000000000
    1.599833055    0.000000000    0.000000000    0.000000000
    1.607011686    0.000000000    0.000000000    0.000000000
    1.614190317    0.000000000    0.000000000    0.000000000
    1.621368948    0.000000000    0.000000000    0.000000000
    1.628547579    0.000000000    0.000000000    0.000000000
    1.635726210    0.000000000    0.000000000    0.000000000
    1.642904841    0.000000000    0.000000000    0.000000000
    1.650083472    0.000000000    0.000000000    0.000000000
    1.657262104    0.000000000    0.000000000    0.000000000
    1.664440735    0.000000000    0.000000000    0.000000000
    1.671619366    0.000000000    0.000000000    0.000000000
    1.678797997    0.000000000    0.000000000    0.000000000
    1.685976628    0.000000000    0.000000000    0.000000000
    1.693155259    0.000000000    0.000000000    0.000000000
    1.700333890    0.000000000    0.000000000    0.000000000
    1.707512521    0.000000000    0.000000000    0.000000000
    1.714691152    0.000000000    0.000000000    0.000000000
    1.721869783    0.000000000    0.000000000    0.000000000
    1.729048414    0.000000000    0.000000000    0.000000000
    1.736227045    0.000000000    0.000000000    0.000000000
    1.743405676    0.000000000    0.000000000    0.000000000
    1.750584307    0.000000000    0.000000000    0.000000000
    1.757762938    0.000000000    0.000000000    0.000000000
    1.764941569    0.000000000    0.000000000    0.000000000
    1.772120200    0.000000000    0.000000000    0.000000000
    1.779298831    0.000000000    0.000000000    0.000000000
    1.786477462    0.000000000    0.000000000    0.000000000
    1.793656093    0.000000000    0.000000000    0.000000000
    1.800834725    0.000000000    0.000000000    0.000000000
    1.808013356    0.000000000    0.000000000    0.000000000
    1.815191987    0.000000000    0.000000000    0.000000000
    1.822370618    0.000000000    0.000000000    0.000000000
    1.829549249    0.000000000    0.000000000    0.000000000
    1.836727880    0.000000000    0.000000000    0.000000000
    1.843906511    0.000000000    0.000000000    0.000000000
    1.851085142    0.000000000    0.000000000    0.000000000
    1.858263773    0.000000000    0.000000000    0.000000000
    1.865442404    0.000000000    0.000000000    0.000000000
    1.872621035    0.000000000    0.000000000    0.000000000
    1.879799666    0.000000001    0.000000001    0.000000000
    1.886978297    0.000000001    0.000000001    0.000000000
    1.894156928    0.000000001    0.000000001    0.000000000
    1.901335559    0.000000002    0.000000001    0.000000000
    1.908514190    0.000000002    0.000000001    0.000000000
    1.915692821    0.000000002    0.000000001    0.000000000
    1.922871452    0.000000002    0.000000001    0.000000000
    1.930050083    0.000000002    0.000000001    0.000000000
    1.937228715    0.000000001    0.000000001    0.000000000
    1.944407346    0.000000001    0.000000001    0.000000000
    1.951585977    0.000000001    0.000000001    0.000000001
    1.958764608    0.000000000    0.000000002    0.000000001
    1.965943239    0.000000000    0.000000002    0.000000001
    1.973121870    0.000000000    0.000000002    0.000000001
    1.980300501    0.000000000    0.000000002    0.000000001
    1.987479132    0.000000000    0.000000002    0.000000001
    1.994657763    0.000000000    0.000000002    0.000000001
    2.001836394    0.000000000    0.000000002    0.000000001
    2.009015025    0.000000000    0.000000002    0.000000001
    2.016193656    0.000000001    0.000000003    0.000000001
    2.023372287    0.000000001    0.000000005    0.000000001
    2.030550918    0.000000001    0.000000007    0.000000001
    2.037729549    0.000000001    0.000000010    0.000000001
    2.044908180    0.000000001    0.000000013    0.000000001
    2.052086811    0.000000001    0.000000015    0.000000002
    2.059265442    0.000000001    0.000000016    0.000000002
    2.066444073    0.000000001    0.000000017    0.000000002
    2.073622705    0.000000001    0.000000017    0.000000001
    2.080801336    0.000000002    0.000000017    0.000000001
    2.087979967    0.000000002    0.000000018    0.000000002
    2.095158598    0.000000002    0.000000019    0.000000002
    2.102337229    0.000000003    0.000000020    0.000000002
    2.109515860    0.000000003    0.000000020    0.000000003
    2.116694491    0.000000003    0.000000019    0.000000004
    2.123873122    0.000000003    0.000000018    0.000000004
    2.131051753    0.000000003    0.000000016    0.000000005
    2.138230384    0.000000003    0.000000015    0.000000005
    2.145409015    0.000000003    0.000000013    0.000000005
    2.152587646    0.000000003    0.000000011    0.000000005
    2.159766277    0.000000002    0.000000010    0.000000004
    2.166944908    0.000000002    0.000000008    0.000000004
    2.174123539    0.000000001    0.000000006    0.000000003
    2.181302170    0.000000001    0.000000004    0.000000003
    2.188480801    0.000000001    0.000000004    0.000000002
    2.195659432    0.000000000    0.000000003    0.000000002
    2.202838063    0.000000000    0.000000002    0.000000002
    2.210016694    0.000000000    0.000000002    0.000000001
    2.217195326    0.000000000    0.000000002    0.000000001
    2.224373957    0.000000000    0.000000001    0.000000001
    2.231552588    0.000000000    0.000000001    0.000000001
    2.238731219    0.000000000    0.000000001    0.000000000
    2.245909850    0.000000000    0.000000001    0.000000000
    2.253088481    0.000000000    0.000000002    0.000000000
    2.260267112    0.000000001    0.000000003    0.000000000
    2.267445743    0.000000001    0.000000004    0.000000000
    2.274624374    0.000000001    0.000000006    0.000000000
    2.281803005    0.000000002    0.000000007    0.000000000
    2.288981636    0.000000002    0.000000008    0.000000000
    2.296160267    0.000000002    0.000000008    0.000000000
    2.303338898    0.000000002    0.000000007    0.000000000
    2.310517529    0.000000001    0.000000005    0.000000000
    2.317696160    0.000000001    0.000000004    0.000000000
    2.324874791    0.000000001    0.000000003    0.000000000
    2.332053422    0.000000001    0.000000002    0.000000000
    2.339232053    0.000000000    0.000000001    0.000000000
    2.346410684    0.000000000    0.000000000    0.000000000
    2.353589316    0.000000000    0.000000000    0.000000000
    2.360767947    0.000000000    0.000000000    0.000000000
    2.367946578    0.000000000    0.000000000    0.000000000
    2.375125209    0.000000000    0.000000000    0.000000000
    2.382303840    0.000000000    0.000000000    0.000000000
    2.389482471    0.000000000    0.000000000    0.000000000
    2.396661102    0.000000000    0.000000000    0.000000001
    2.403839733    0.000000000    0.000000000    0.000000001
    2.411018364    0.000000000    0.000000000    0.000000001
    2.418196995    0.000000001    0.000000000    0.000000001
    2.425375626    0.000000001    0.000000000    0.000000001
    2.432554257    0.000000001    0.000000001    0.000000000
    2.439732888    0.000000001    0.000000001    0.000000000
    2.446911519    0.000000001    0.000000001    0.000000000
    2.454090150    0.000000001    0.000000001    0.000000000
    2.461268781    0.000000002    0.000000001    0.000000000
    2.468447412    0.000000003    0.000000001    0.000000001
    2.475626043    0.000000004    0.000000001    0.000000001
    2.482804674    0.000000007    0.000000001    0.000000001
    2.489983306    0.000000009    0.000000002    0.000000001
    2.497161937    0.000000012    0.000000002    0.000000001
    2.504340568    0.000000015    0.000000003    0.000000002
    2.511519199    0.000000017    0.000000003    0.000000002
    2.518697830    0.000000019    0.000000003    0.000000002
    2.525876461    0.000000019    0.000000003    0.000000001
    2.533055092    0.000000019    0.000000003    0.000000001
    2.540233723    0.000000018    0.000000003    0.000000001
    2.547412354    0.000000016    0.000000002    0.000000001
    2.554590985    0.000000013    0.000000002    0.000000001
    2.561769616    0.000000014    0.000000002    0.000000002
    2.568948247    0.000000031    0.000000002    0.000000003
    2.576126878    0.000000132    0.000000002    0.000000006
    2.583305509    0.000000595    0.000000003    0.000000014
    2.590484140    0.000002470    0.000000006    0.000000039
    2.597662771    0.000009178    0.000000011    0.000000127
    2.604841402    0.000030290    0.000000028    0.000000414
    2.612020033    0.000088475    0.000000073    0.000001251
    2.619198664    0.000228036    0.000000191    0.000003416
    2.626377295    0.000516792    0.000000467    0.000008346
    2.633555927    0.001023805    0.000001038    0.000018174
    2.640734558    0.001754581    0.000002078    0.000035229
    2.647913189    0.002567932    0.000003726    0.000060738
    2.655091820    0.003210184    0.000005966    0.000093098
    2.662270451    0.003574213    0.000008528    0.000126865
    2.669449082    0.004007706    0.000010876    0.000153964
    2.676627713    0.005937356    0.000012375    0.000167370
    2.683806344    0.011204289    0.000012576    0.000163694
    2.690984975    0.011194255    0.000011466    0.000144178
    2.698163606    0.011952790    0.000009577    0.000122207
    2.705342237    0.015837100    0.000007970    0.000123486
    2.712520868    0.024237075    0.000008294    0.000186720
    2.719699499    0.043431908    0.000013114    0.000367408
    2.726878130    0.101176032    0.000026339    0.000729183
    2.734056761    0.163188106    0.000053135    0.001303523
    2.741235392    0.030877571    0.000098422    0.002017180
    2.748414023    0.007934280    0.000163638    0.002666799
    2.755592654    0.004114117    0.000242965    0.003077830
    2.762771285    0.003225081    0.000321911    0.003381497
    2.769949917    0.002879673    0.000380984    0.004382707
    2.777128548    0.002635785    0.000403408    0.008468349
    2.784307179    0.002228935    0.000380936    0.010816815
    2.791485810    0.001628061    0.000319718    0.010846800
    2.798664441    0.001054516    0.000238884    0.013755042
    2.805843072    0.000616640    0.000159110    0.020725625
    2.813021703    0.000326107    0.000094507    0.036978948
    2.820200334    0.000155617    0.000050065    0.080939978
    2.827378965    0.000066839    0.000023656    0.093235945
    2.834557596    0.000025787    0.000009972    0.018959321
    2.841736227    0.000008924    0.000003753    0.003609471
    2.848914858    0.000002772    0.000001264    0.000762920
    2.856093489    0.000000780    0.000000385    0.000163431
    2.863272120    0.000000210    0.000000110    0.000033718
    2.870450751    0.000000069    0.000000034    0.000006536
    2.877629382    0.000000041    0.000000016    0.000001196
    2.884808013    0.000000038    0.000000012    0.000000236
    2.891986644    0.000000040    0.000000012    0.000000089
    2.899165275    0.000000047    0.000000013    0.000000076
    2.906343907    0.000000082    0.000000013    0.000000081
    2.913522538    0.000000254    0.000000013    0.000000085
    2.920701169    0.000001003    0.000000013    0.000000087
    2.927879800    0.000003848    0.000000014    0.000000098
    2.935058431    0.000013347    0.000000015    0.000000152
    2.942237062    0.000041182    0.000000020    0.000000339
    2.949415693    0.000112513    0.000000030    0.000000908
    2.956594324    0.000271382    0.000000057    0.000002504
    2.963772955    0.000575784    0.000000119    0.000006787
    2.970951586    0.001067752    0.000000259    0.000017892
    2.978130217    0.001712940    0.000000557    0.000045437
    2.985308848    0.002356434    0.000001173    0.000109285
    2.992487479    0.002811492    0.000002414    0.000243876
    2.999666110    0.003092591    0.000004814    0.000495276
    3.006844741    0.003695837    0.000009164    0.000900341
    3.014023372    0.006467360    0.000016356    0.001443194
    3.021202003    0.011424360    0.000026989    0.002009570
    3.028380634    0.012624928    0.000040981    0.002434196
    3.035559265    0.016254513    0.000057970    0.002698151
    3.042737896    0.024517747    0.000079721    0.003162344
    3.049916528    0.032856841    0.000115661    0.005230691
    3.057095159    0.020593619    0.000191157    0.010334120
    3.064273790    0.008274212    0.000354967    0.013012957
    3.071452421    0.004842129    0.000678095    0.015047300
    3.078631052    0.004466990    0.001233306    0.014702303
    3.085809683    0.004710504    0.002052219    0.010992747
    3.092988314    0.004815539    0.003079569    0.007779360
    3.100166945    0.004802026    0.004175433    0.006182789
    3.107345576    0.005352801    0.005234241    0.006142070
    3.114524207    0.008624895    0.006372755    0.009199859
    3.121702838    0.013968576    0.007544392    0.013553590
    3.128881469    0.014903821    0.008280293    0.013946510
    3.136060100    0.015870909    0.008815848    0.014144448
    3.143238731    0.015488068    0.009484793    0.012897401
    3.150417362    0.014039960    0.010319743    0.011311578
    3.157595993    0.015165379    0.011542666    0.012208683
    3.164774624    0.019019031    0.013590968    0.014090211
    3.171953255    0.015753695    0.014407305    0.010335927
    3.179131886    0.016319587    0.012136160    0.009945026
    3.186310518    0.022251782    0.008639266    0.012118883
    3.193489149    0.037445994    0.005436784    0.016436778
    3.200667780    0.084108929    0.003060029    0.024568751
    3.207846411    0.116568449    0.001543254    0.046382804
    3.215025042    0.019297672    0.000698347    0.208952162
    3.222203673    0.003426984    0.000288353    0.049667424
    3.229382304    0.000900709    0.000125441    0.004348441
    3.236560935    0.000590329    0.000104323    0.001412184
    3.243739566    0.000867125    0.000200119    0.001442063
    3.250918197    0.001456393    0.000454900    0.002083253
    3.258096828    0.002280244    0.000956590    0.002999601
    3.265275459    0.003187581    0.001797448    0.003982472
    3.272454090    0.003921076    0.003004286    0.004756196
    3.279632721    0.004292284    0.004467448    0.005130898
    3.286811352    0.004425839    0.005950201    0.005245708
    3.293989983    0.004970344    0.007296245    0.005818581
    3.301168614    0.007778529    0.008727772    0.009019684
    3.308347245    0.012423849    0.009863508    0.015793095
    3.315525876    0.013001920    0.009118248    0.017763597
    3.322704508    0.012368292    0.006990951    0.015889224
    3.329883139    0.011074695    0.004710764    0.012541224
    3.337061770    0.010740418    0.002867489    0.010220940
    3.344240401    0.012684446    0.001613185    0.009909316
    3.351419032    0.011345933    0.000871364    0.011371517
    3.358597663    0.009439244    0.000479653    0.014238664
    3.365776294    0.008787532    0.000284000    0.012296948
    3.372954925    0.009320439    0.000180908    0.011057284
    3.380133556    0.010646292    0.000117648    0.013153450
    3.387312187    0.012153383    0.000073585    0.018308855
    3.394490818    0.013606474    0.000042661    0.029518277
    3.401669449    0.015780056    0.000022990    0.065144043
    3.408848080    0.023236010    0.000013544    0.225311484
    3.416026711    0.123378374    0.000015824    0.024397892
    3.423205342    0.027238260    0.000039247    0.003373012
    3.430383973    0.003988448    0.000110599    0.001310587
    3.437562604    0.003244098    0.000286856    0.001418538
    3.444741235    0.003962304    0.000664857    0.002069824
    3.451919866    0.005086063    0.001372464    0.002960730
    3.459098497    0.006245977    0.002523564    0.003865706
    3.466277129    0.007086437    0.004139118    0.004513432
    3.473455760    0.007424913    0.006088387    0.004765716
    3.480634391    0.007521178    0.008179746    0.004824743
    3.487813022    0.008392024    0.010605762    0.005395702
    3.494991653    0.012473194    0.014579092    0.007929449
    3.502170284    0.018254900    0.019718992    0.010553370
    3.509348915    0.019162414    0.021874411    0.010603103
    3.516527546    0.019172357    0.022414325    0.010773561
    3.523706177    0.023331555    0.026324915    0.011822040
    3.530884808    0.029032023    0.034671051    0.009852504
    3.538063439    0.034227266    0.034738555    0.008507746
    3.545242070    0.049764893    0.025471696    0.009437772
    3.552420701    0.067440250    0.015688213    0.011664828
    3.559599332    0.038801525    0.008606613    0.015027750
    3.566777963    0.011782609    0.004268036    0.020554388
    3.573956594    0.003346608    0.001915965    0.035420124
    3.581135225    0.000951463    0.000776817    0.193757212
    3.588313856    0.000266157    0.000284252    0.033457886
    3.595492487    0.000083651    0.000096216    0.002128098
    3.602671119    0.000060023    0.000038531    0.000435085
    3.609849750    0.000110006    0.000040338    0.000345144
    3.617028381    0.000233051    0.000088545    0.000533114
    3.624207012    0.000454789    0.000203104    0.000873042
    3.631385643    0.000793797    0.000421996    0.001348390
    3.638564274    0.001229443    0.000782913    0.001911062
    3.645742905    0.001682666    0.001296698    0.002456359
    3.652921536    0.002046680    0.001924467    0.002865418
    3.660100167    0.002285424    0.002588205    0.003111776
    3.667278798    0.002574550    0.003250325    0.003407351
    3.674457429    0.003498685    0.004044010    0.004374149
    3.681636060    0.005287365    0.005108135    0.006091490
    3.688814691    0.005678715    0.006276115    0.006267822
    3.695993322    0.004953113    0.007634852    0.005409339
    3.703171953    0.004772245    0.009295245    0.005204790
    3.710350584    0.005619245    0.011087396    0.006065262
    3.717529215    0.005933975    0.012771131    0.006278380
    3.724707846    0.005502098    0.015847863    0.005631254
    3.731886477    0.005680374    0.025837635    0.005681920
    3.739065109    0.006043348    0.041517965    0.006201894
    3.746243740    0.005713329    0.042187053    0.005867239
    3.753422371    0.005372156    0.030295420    0.005533028
    3.760601002    0.005426584    0.018393763    0.005860726
    3.767779633    0.004857669    0.011119845    0.005322582
    3.774958264    0.004410324    0.008142448    0.004708387
    3.782136895    0.004073282    0.007908320    0.004112498
    3.789315526    0.003674782    0.008966329    0.003438879
    3.796494157    0.003378269    0.010418467    0.003350181
    3.803672788    0.002824401    0.012401347    0.003667932
    3.810851419    0.002342000    0.016906217    0.004396005
    3.818030050    0.001945496    0.024642320    0.006124298
    3.825208681    0.001649172    0.027456238    0.009801998
    3.832387312    0.001371532    0.026021021    0.013788770
    3.839565943    0.001063087    0.027331963    0.013266091
    3.846744574    0.000761971    0.035348339    0.009710863
    3.853923205    0.000533899    0.042613344    0.008060759
    3.861101836    0.000451674    0.047898232    0.007506538
    3.868280467    0.000639377    0.067799351    0.005815969
    3.875459098    0.001388094    0.097428569    0.004718001
    3.882637730    0.003374389    0.105203002    0.005037516
    3.889816361    0.007804698    0.078026856    0.006262881
    3.896994992    0.014646025    0.041788491    0.007768147
    3.904173623    0.018352729    0.019140282    0.007650392
    3.911352254    0.016550172    0.008369305    0.005224851
    3.918530885    0.012926711    0.003775816    0.003656810
    3.925709516    0.008454395    0.002022270    0.002940681
    3.932888147    0.006387097    0.001508051    0.002468478
    3.940066778    0.006475088    0.001536264    0.002114961
    3.947245409    0.006735165    0.001853471    0.001779964
    3.954424040    0.005298420    0.002414991    0.001549776
    3.961602671    0.003403353    0.003207516    0.001617370
    3.968781302    0.002622743    0.004112098    0.002175091
    3.975959933    0.002264337    0.004982193    0.003306660
    3.983138564    0.001908997    0.005725435    0.004676781
    3.990317195    0.001492582    0.006453967    0.005081194
    3.997495826    0.001079081    0.007225736    0.004087745
    4.004674457    0.000749821    0.007326738    0.003056794
    4.011853088    0.000525622    0.006056239    0.002510592
    4.019031720    0.000371169    0.004291078    0.002108878
    4.026210351    0.000260463    0.002982110    0.001653904
    4.033388982    0.000189839    0.002498148    0.001192239
    4.040567613    0.000169031    0.002925196    0.000842332
    4.047746244    0.000213411    0.004159961    0.000697380
    4.054924875    0.000336676    0.005873620    0.000802130
    4.062103506    0.000540718    0.007563567    0.001154455
    4.069282137    0.000801083    0.008926140    0.001689072
    4.076460768    0.001046365    0.010655183    0.002208267
    4.083639399    0.001154018    0.016150915    0.002343902
    4.090818030    0.001101556    0.030201987    0.002111427
    4.097996661    0.000996104    0.038727159    0.001889589
    4.105175292    0.000861079    0.032310155    0.001685353
    4.112353923    0.000726043    0.021801930    0.001509117
    4.119532554    0.000653888    0.014779659    0.001487571
    4.126711185    0.000699029    0.011788129    0.001764228
    4.133889816    0.000876229    0.011046154    0.002409327
    4.141068447    0.001142821    0.011252968    0.003322737
    4.148247078    0.001383091    0.012885176    0.004045234
    4.155425710    0.001436832    0.020010447    0.003870476
    4.162604341    0.001320308    0.035279545    0.003238817
    4.169782972    0.001147826    0.039968330    0.002775658
    4.176961603    0.000921615    0.029685474    0.002301949
    4.184140234    0.000665121    0.016972977    0.001740037
    4.191318865    0.000427716    0.008272099    0.001176026
    4.198497496    0.000244673    0.003609540    0.000708413
    4.205676127    0.000124525    0.001431058    0.000380952
    4.212854758    0.000056417    0.000515613    0.000183738
    4.220033389    0.000022773    0.000169922    0.000081560
    4.227212020    0.000008205    0.000057727    0.000041744
    4.234390651    0.000002656    0.000040767    0.000056846
    4.241569282    0.000000790    0.000082682    0.000181386
    4.248747913    0.000000236    0.000203107    0.000633932
    4.255926544    0.000000093    0.000457036    0.002087424
    4.263105175    0.000000071    0.000912704    0.006457051
    4.270283806    0.000000112    0.001607304    0.018646349
    4.277462437    0.000000280    0.002483615    0.044765557
    4.284641068    0.000000827    0.003361856    0.064943664
    4.291819699    0.000002466    0.004041371    0.056043877
    4.298998331    0.000006920    0.004551372    0.042910165
    4.306176962    0.000017771    0.005518592    0.035031056
    4.313355593    0.000041292    0.008512549    0.020620390
    4.320534224    0.000086383    0.012005371    0.010491501
    4.327712855    0.000162384    0.011655079    0.008124818
    4.334891486    0.000274055    0.010379034    0.007353866
    4.342070117    0.000414873    0.010699782    0.006376499
    4.349248748    0.000561660    0.012227634    0.004944217
    4.356427379    0.000675330    0.013583310    0.003448795
    4.363606010    0.000720772    0.014461844    0.002385116
    4.370784641    0.000691809    0.014320588    0.002230737
    4.377963272    0.000604298    0.014780444    0.003805306
    4.385141903    0.000481211    0.014495121    0.009010505
    4.392320534    0.000356698    0.013231537    0.021108613
    4.399499165    0.000275441    0.014724027    0.038370545
    4.406677796    0.000297660    0.019119163    0.044867148
    4.413856427    0.000522086    0.024050181    0.039059416
    4.421035058    0.001118219    0.024917650    0.030628404
    4.428213689    0.002343390    0.017547151    0.016596532
    4.435392321    0.004505970    0.010880197    0.008563756
    4.442570952    0.007820925    0.009738848    0.006645889
    4.449749583    0.012025691    0.010550772    0.005951485
    4.456928214    0.015335134    0.011458595    0.005093134
    4.464106845    0.014292901    0.010554552    0.003856464
    4.471285476    0.010967111    0.008238725    0.002608254
    4.478464107    0.009160346    0.006910974    0.001698636
    4.485642738    0.007933538    0.006216752    0.001086513
    4.492821369    0.006495680    0.005508201    0.000673861
    4.500000000    0.004954263    0.004663818    0.000398049
