# energy grid [eV]     epsi_x  epsi_y  epsi_z
#
    0.200000000    0.000000000    0.000000000    0.000000000
    0.207178631    0.000000000    0.000000000    0.000000000
    0.214357262    0.000000000    0.000000000    0.000000000
    0.221535893    0.000000000    0.000000000    0.000000000
    0.228714524    0.000000000    0.000000000    0.000000000
    0.235893155    0.000000000    0.000000000    0.000000000
    0.243071786    0.000000000    0.000000000    0.000000000
    0.250250417    0.000000000    0.000000000    0.000000000
    0.257429048    0.000000000    0.000000000    0.000000000
    0.264607679    0.000000000    0.000000000    0.000000000
    0.271786311    0.000000000    0.000000000    0.000000000
    0.278964942    0.000000000    0.000000000    0.000000000
    0.286143573    0.000000000    0.000000000    0.000000000
    0.293322204    0.000000000    0.000000000    0.000000000
    0.300500835    0.000000000    0.000000000    0.000000000
    0.307679466    0.000000000    0.000000000    0.000000000
    0.314858097    0.000000000    0.000000000    0.000000000
    0.322036728    0.000000000    0.000000000    0.000000000
    0.329215359    0.000000000    0.000000000    0.000000000
    0.336393990    0.000000000    0.000000000    0.000000000
    0.343572621    0.000000000    0.000000000    0.000000000
    0.350751252    0.000000000    0.000000000    0.000000000
    0.357929883    0.000000000    0.000000000    0.000000000
    0.365108514    0.000000000    0.000000000    0.000000000
    0.372287145    0.000000000    0.000000000    0.000000000
    0.379465776    0.000000000    0.000000000    0.000000000
    0.386644407    0.000000000    0.000000000    0.000000000
    0.393823038    0.000000000    0.000000000    0.000000000
    0.401001669    0.000000000    0.000000000    0.000000000
    0.408180301    0.000000000    0.000000000    0.000000000
    0.415358932    0.000000000    0.000000000    0.000000000
    0.422537563    0.000000000    0.000000000    0.000000000
    0.429716194    0.000000000    0.000000000    0.000000000
    0.436894825    0.000000000    0.000000000    0.000000000
    0.444073456    0.000000000    0.000000000    0.000000000
    0.451252087    0.000000000    0.000000000    0.000000000
    0.458430718    0.000000000    0.000000000    0.000000000
    0.465609349    0.000000000    0.000000000    0.000000000
    0.472787980    0.000000000    0.000000000    0.000000000
    0.479966611    0.000000000    0.000000000    0.000000000
    0.487145242    0.000000000    0.000000000    0.000000000
    0.494323873    0.000000000    0.000000000    0.000000000
    0.501502504    0.000000000    0.000000000    0.000000000
    0.508681135    0.000000000    0.000000000    0.000000000
    0.515859766    0.000000000    0.000000000    0.000000000
    0.523038397    0.000000000    0.000000000    0.000000000
    0.530217028    0.000000000    0.000000000    0.000000000
    0.537395659    0.000000000    0.000000000    0.000000000
    0.544574290    0.000000000    0.000000000    0.000000000
    0.551752922    0.000000000    0.000000000    0.000000000
    0.558931553    0.000000000    0.000000000    0.000000000
    0.566110184    0.000000000    0.000000000    0.000000000
    0.573288815    0.000000000    0.000000000    0.000000000
    0.580467446    0.000000000    0.000000000    0.000000000
    0.587646077    0.000000000    0.000000000    0.000000000
    0.594824708    0.000000000    0.000000000    0.000000000
    0.602003339    0.000000000    0.000000000    0.000000000
    0.609181970    0.000000000    0.000000000    0.000000000
    0.616360601    0.000000000    0.000000000    0.000000000
    0.623539232    0.000000000    0.000000000    0.000000000
    0.630717863    0.000000000    0.000000000    0.000000000
    0.637896494    0.000000000    0.000000000    0.000000000
    0.645075125    0.000000000    0.000000000    0.000000000
    0.652253756    0.000000002    0.000000003    0.000000003
    0.659432387    0.000000017    0.000000020    0.000000024
    0.666611018    0.000000113    0.000000132    0.000000156
    0.673789649    0.000000650    0.000000760    0.000000897
    0.680968280    0.000003344    0.000003910    0.000004615
    0.688146912    0.000015335    0.000017930    0.000021160
    0.695325543    0.000062709    0.000073319    0.000086528
    0.702504174    0.000228686    0.000267378    0.000315550
    0.709682805    0.000743727    0.000869563    0.001026225
    0.716861436    0.002157021    0.002521982    0.002976346
    0.724040067    0.005579059    0.006523016    0.007698213
    0.731218698    0.012868660    0.015045991    0.017756699
    0.738397329    0.026471068    0.030949879    0.036525855
    0.745575960    0.048559635    0.056775753    0.067004557
    0.752754591    0.079441086    0.092882236    0.109616037
    0.759933222    0.115899281    0.135509028    0.159922535
    0.767111853    0.150793329    0.176307023    0.208070759
    0.774290484    0.174964270    0.204567589    0.241422810
    0.781469115    0.181043411    0.211675215    0.249811080
    0.788647746    0.167064349    0.195330472    0.230522340
    0.795826377    0.137487271    0.160746690    0.189711371
    0.803005008    0.100920855    0.117982840    0.139258596
    0.810183639    0.066134223    0.077268874    0.091270631
    0.817362270    0.038904609    0.045286612    0.053740262
    0.824540902    0.021239818    0.024181871    0.029496385
    0.831719533    0.012727397    0.012992241    0.018109017
    0.838898164    0.012681560    0.009946037    0.018912909
    0.846076795    0.021767788    0.014200066    0.033296098
    0.853255426    0.042287338    0.026316090    0.065050812
    0.860434057    0.076795747    0.047396766    0.118249561
    0.867612688    0.125353367    0.077261285    0.193048457
    0.874791319    0.182704672    0.112585261    0.281378484
    0.881969950    0.237529267    0.146363892    0.365813821
    0.889148581    0.275400367    0.169698859    0.424138577
    0.896327212    0.284760645    0.175466409    0.438554198
    0.903505843    0.262579968    0.161798895    0.404394185
    0.910684474    0.215928058    0.133052497    0.332546509
    0.917863105    0.158351575    0.097574500    0.243874111
    0.925041736    0.103562256    0.063813924    0.159494171
    0.932220367    0.060401320    0.037218629    0.093022871
    0.939398998    0.031416454    0.019358474    0.048383856
    0.946577629    0.014572488    0.008979407    0.022442799
    0.953756260    0.006028039    0.003714411    0.009283663
    0.960934891    0.002223741    0.001370245    0.003424739
    0.968113523    0.000731574    0.000450788    0.001126682
    0.975292154    0.000214634    0.000132255    0.000330554
    0.982470785    0.000056158    0.000034608    0.000086492
    0.989649416    0.000013110    0.000008105    0.000020223
    0.996828047    0.000002771    0.000001878    0.000004471
    1.004006678    0.000000760    0.000001430    0.000002318
    1.011185309    0.000001364    0.000005691    0.000007895
    1.018363940    0.000005774    0.000025381    0.000034960
    1.025542571    0.000023121    0.000101810    0.000140203
    1.032721202    0.000082730    0.000364308    0.000501687
    1.039899833    0.000264016    0.001162594    0.001601006
    1.047078464    0.000751448    0.003308819    0.004556586
    1.054257095    0.001907650    0.008398938    0.011566309
    1.061435726    0.004320133    0.019016235    0.026188018
    1.068614357    0.008730369    0.038411365    0.052899736
    1.075792988    0.015753824    0.069247724    0.095374262
    1.082971619    0.025417076    0.111511140    0.153606209
    1.090150250    0.036761366    0.160663667    0.221380420
    1.097328881    0.047910628    0.207797817    0.286500010
    1.104507513    0.056822930    0.242825908    0.335191270
    1.111686144    0.062410993    0.259491583    0.358996616
    1.118864775    0.065230155    0.258885068    0.359562737
    1.126043406    0.067047561    0.248479795    0.347211912
    1.133222037    0.069428030    0.236894523    0.333617548
    1.140400668    0.072369963    0.228112600    0.323805450
    1.147579299    0.074141578    0.219486947    0.313511186
    1.154757930    0.072584408    0.204810338    0.293633674
    1.161936561    0.066982466    0.179723100    0.257898061
    1.169115192    0.059137398    0.145245431    0.207780747
    1.176293823    0.052871009    0.107230584    0.151635983
    1.183472454    0.052221303    0.072865797    0.099707480
    1.190651085    0.059307049    0.047097254    0.059155401
    1.197829716    0.072924211    0.031091388    0.032042156
    1.205008347    0.088606117    0.022914717    0.016377611
    1.212186978    0.100298475    0.019304624    0.008475186
    1.219365609    0.103011975    0.017316285    0.004910702
    1.226544240    0.095137202    0.015229157    0.003426017
    1.233722871    0.079157763    0.012688275    0.003004374
    1.240901503    0.060482865    0.010369640    0.003610357
    1.248080134    0.045315085    0.009515323    0.005917574
    1.255258765    0.038822184    0.011543748    0.011059941
    1.262437396    0.044158132    0.017700910    0.020244918
    1.269616027    0.061944471    0.028578678    0.034083395
    1.276794658    0.089710134    0.043474960    0.051767961
    1.283973289    0.121577799    0.059946171    0.070618053
    1.291151920    0.149183247    0.074124813    0.086621251
    1.298330551    0.164363277    0.082051277    0.096104736
    1.305509182    0.162644837    0.081483651    0.097752435
    1.312687813    0.145404774    0.073067740    0.093597930
    1.319866444    0.119101748    0.060027985    0.088064915
    1.327045075    0.091999919    0.046574898    0.085455116
    1.334223706    0.070591532    0.036151708    0.087499654
    1.341402337    0.057959152    0.030674677    0.092676523
    1.348580968    0.054697338    0.031081808    0.097792847
    1.355759599    0.061145226    0.038499698    0.100674738
    1.362938230    0.078894202    0.054879234    0.101929032
    1.370116861    0.110185760    0.082302797    0.104369441
    1.377295492    0.155378916    0.121136717    0.110463933
    1.384474124    0.210196467    0.168267630    0.119753987
    1.391652755    0.264985282    0.217099113    0.128333157
    1.398831386    0.307232100    0.260229659    0.130957271
    1.406010017    0.326499750    0.293907285    0.124345007
    1.413188648    0.319137025    0.321499537    0.109323965
    1.420367279    0.289937617    0.352819841    0.090384767
    1.427545910    0.249671575    0.398159666    0.073117835
    1.434724541    0.209993774    0.459700011    0.061382036
    1.441903172    0.178907989    0.526153458    0.055982844
    1.449081803    0.159528737    0.575893529    0.055437745
    1.456260434    0.152529184    0.588508034    0.058056262
    1.463439065    0.159984668    0.558013057    0.063848920
    1.470617696    0.187283473    0.498608343    0.074971394
    1.477796327    0.241218853    0.438527638    0.094342218
    1.484974958    0.325236211    0.405679216    0.123252244
    1.492153589    0.434888706    0.413825774    0.159527135
    1.499332220    0.556339274    0.456723743    0.197597562
    1.506510851    0.668721637    0.512151349    0.230757919
    1.513689482    0.749260766    0.552538711    0.254639876
    1.520868114    0.779514031    0.556597712    0.270208755
    1.528046745    0.751237654    0.516956346    0.284584644
    1.535225376    0.669979507    0.441221842    0.308530457
    1.542404007    0.554117696    0.346968776    0.350678597
    1.549582638    0.428593486    0.253726997    0.410715270
    1.556761269    0.316032147    0.176028262    0.475840176
    1.563939900    0.230264239    0.120449136    0.524470933
    1.571118531    0.175652308    0.087011031    0.536969544
    1.578297162    0.151159923    0.072871007    0.507527480
    1.585475793    0.154796766    0.075440623    0.449294453
    1.592654424    0.184702793    0.093191357    0.388960317
    1.599833055    0.236733938    0.124424976    0.354155589
    1.607011686    0.301680270    0.165724834    0.361288960
    1.614190317    0.365565161    0.211732913    0.409960346
    1.621368948    0.413786183    0.256508339    0.485201732
    1.628547579    0.436512952    0.295213182    0.564679607
    1.635726210    0.431625687    0.324600435    0.626741210
    1.642904841    0.403511279    0.342061039    0.656231483
    1.650083472    0.359309022    0.344596702    0.646879099
    1.657262104    0.305733155    0.329321912    0.600705347
    1.664440735    0.248298908    0.295583823    0.525823811
    1.671619366    0.192320096    0.247008508    0.433983201
    1.678797997    0.143822531    0.191562686    0.338505067
    1.685976628    0.109185102    0.139271352    0.252521784
    1.693155259    0.093641713    0.098995235    0.187183923
    1.700333890    0.099446485    0.076082536    0.149799820
    1.707512521    0.124482827    0.071749453    0.142315575
    1.714691152    0.162056313    0.083913229    0.160830812
    1.721869783    0.202607830    0.108784015    0.196820649
    1.729048414    0.237403492    0.142592151    0.240161571
    1.736227045    0.262688447    0.182768416    0.282854382
    1.743405676    0.281546563    0.227796481    0.321261411
    1.750584307    0.301473313    0.275558913    0.355154431
    1.757762938    0.328583070    0.321440063    0.384322994
    1.764941569    0.362315326    0.358482635    0.405998574
    1.772120200    0.394783169    0.380951175    0.416052411
    1.779298831    0.415785081    0.389857645    0.413372582
    1.786477462    0.420144341    0.396605469    0.403255592
    1.793656093    0.411939819    0.421231214    0.395950470
    1.800834725    0.402282042    0.484809118    0.400848952
    1.808013356    0.402128590    0.599254425    0.421095312
    1.815191987    0.415385265    0.759713504    0.453290813
    1.822370618    0.437155473    0.943975706    0.492427477
    1.829549249    0.457862881    1.120030623    0.537416993
    1.836727880    0.469573760    1.258199809    0.591943987
    1.843906511    0.469765255    1.340967087    0.659404997
    1.851085142    0.460604115    1.364955817    0.735886818
    1.858263773    0.445663992    1.335478715    0.807150187
    1.865442404    0.427386287    1.259758629    0.852798514
    1.872621035    0.406726775    1.144759966    0.855474456
    1.879799666    0.383900354    0.999984091    0.809283302
    1.886978297    0.358728265    0.840772586    0.722492129
    1.894156928    0.330650868    0.688244416    0.613903411
    1.901335559    0.299495211    0.565899722    0.506282558
    1.908514190    0.267129405    0.495029008    0.420727123
    1.915692821    0.238515880    0.489940269    0.373390055
    1.922871452    0.220572491    0.552820463    0.373621806
    1.930050083    0.218963300    0.669422277    0.422545220
    1.937228715    0.234724233    0.809076450    0.512505138
    1.944407346    0.262843884    0.932006290    0.628461888
    1.951585977    0.293637951    1.002600284    0.751348000
    1.958764608    0.316234663    1.002675004    0.862013281
    1.965943239    0.322672051    0.938186724    0.944346795
    1.973121870    0.311025547    0.836824551    0.987476696
    1.980300501    0.286337554    0.738686153    0.987912722
    1.987479132    0.258854825    0.684034126    0.951712628
    1.994657763    0.240161985    0.701020064    0.894877755
    2.001836394    0.238793821    0.795342607    0.839507052
    2.009015025    0.257169722    0.944983387    0.805350154
    2.016193656    0.290985110    1.104378178    0.800211840
    2.023372287    0.330966213    1.219736131    0.814972215
    2.030550918    0.365939892    1.250350076    0.827280892
    2.037729549    0.386004435    1.185092762    0.812858752
    2.044908180    0.385041655    1.045131886    0.758326823
    2.052086811    0.362243940    0.872730034    0.668334133
    2.059265442    0.322353217    0.714096558    0.563394912
    2.066444073    0.274246141    0.604973618    0.470481649
    2.073622705    0.227953121    0.562499022    0.411919928
    2.080801336    0.191174244    0.582718537    0.397661072
    2.087979967    0.167033215    0.643331029    0.423223602
    2.095158598    0.154315427    0.712486117    0.473101041
    2.102337229    0.149839371    0.762157338    0.527896075
    2.109515860    0.151105019    0.779833320    0.572072433
    2.116694491    0.157282851    0.770999152    0.598415534
    2.123873122    0.168108033    0.750591646    0.606870968
    2.131051753    0.182015409    0.730089479    0.599493330
    2.138230384    0.195343559    0.710084579    0.576439296
    2.145409015    0.203382841    0.682948002    0.536692018
    2.152587646    0.202582816    0.641765503    0.482344539
    2.159766277    0.192576566    0.587782206    0.421708608
    2.166944908    0.176966196    0.531465930    0.367750886
    2.174123539    0.162421145    0.487836859    0.332702813
    2.181302170    0.156189409    0.469933269    0.322688959
    2.188480801    0.162749259    0.484004679    0.335630034
    2.195659432    0.181055179    0.528085303    0.362985936
    2.202838063    0.204102640    0.593691242    0.393760508
    2.210016694    0.221682055    0.669018215    0.418736000
    2.217195326    0.225328846    0.741628741    0.433553765
    2.224373957    0.212806942    0.799765712    0.439989076
    2.231552588    0.189418292    0.833385336    0.445131235
    2.238731219    0.165286586    0.836492052    0.458394441
    2.245909850    0.150201459    0.810176259    0.486835763
    2.253088481    0.148883742    0.763217620    0.530366224
    2.260267112    0.159006502    0.707987832    0.579560694
    2.267445743    0.172686991    0.653811407    0.618570006
    2.274624374    0.180500551    0.603259717    0.633139168
    2.281803005    0.175995935    0.554860453    0.619952401
    2.288981636    0.158535081    0.509927115    0.591407787
    2.296160267    0.133184701    0.477318120    0.571793678
    2.303338898    0.107991765    0.471520899    0.585896356
    2.310517529    0.090321916    0.504888343    0.645943588
    2.317696160    0.084175128    0.579763588    0.744366784
    2.324874791    0.089535285    0.687314918    0.857159827
    2.332053422    0.103612119    0.816206655    0.956725200
    2.339232053    0.122989780    0.966976443    1.026874839
    2.346410684    0.145425288    1.161017926    1.070213108
    2.353589316    0.170324764    1.432383579    1.102444431
    2.360767947    0.197734290    1.800384990    1.137451024
    2.367946578    0.226745198    2.237593976    1.174452171
    2.375125209    0.254817802    2.658710056    1.197533384
    2.382303840    0.278959672    2.947691167    1.188299390
    2.389482471    0.298103726    3.014000594    1.141890286
    2.396661102    0.314687859    2.843278483    1.073959932
    2.403839733    0.333730975    2.507181110    1.013722023
    2.411018364    0.359653027    2.125630519    0.989290746
    2.418196995    0.393046386    1.808920959    1.016733670
    2.425375626    0.429743452    1.617646223    1.099563715
    2.432554257    0.462698439    1.558556434    1.235808796
    2.439732888    0.485125814    1.605046742    1.424210693
    2.446911519    0.492824476    1.717954890    1.663959307
    2.454090150    0.484799547    1.852833420    1.949858630
    2.461268781    0.462738764    1.959339487    2.268944768
    2.468447412    0.430284277    1.987174385    2.601226051
    2.475626043    0.392411373    1.904455241    2.920907861
    2.482804674    0.354610690    1.719262866    3.194172684
    2.489983306    0.321699804    1.489708801    3.377756224
    2.497161937    0.296732838    1.317820729    3.429153886
    2.504340568    0.280845537    1.338119474    3.331783357
    2.511519199    0.274430071    1.718604149    3.119844820
    2.518697830    0.278978002    2.683468984    2.878467112
    2.525876461    0.298106699    4.545258738    2.710283550
    2.533055092    0.336554473    7.704983583    2.688344178
    2.540233723    0.397352135   12.556953583    2.828299310
    2.547412354    0.478924855   19.255153763    3.095683472
    2.554590985    0.574167915   27.393358257    3.433762978
    2.561769616    0.672138123   35.792230549    3.783920146
    2.568948247    0.761056254   42.645475122    4.085719284
    2.576126878    0.830670030   46.118900307    4.270019788
    2.583305509    0.873348456   45.162121348    4.268033824
    2.590484140    0.885038694   40.051479567    4.042539876
    2.597662771    0.867111542   32.298601231    3.622109724
    2.604841402    0.827930664   23.981674212    3.111381693
    2.612020033    0.781419857   16.927273466    2.668772987
    2.619198664    0.741623570   12.185504349    2.471250728
    2.626377295    0.716188431    9.951040119    2.699410266
    2.633555927    0.703665135    9.788939925    3.563325579
    2.640734558    0.696969562   10.943098120    5.355539212
    2.647913189    0.690370492   12.600209123    8.476349930
    2.655091820    0.684561571   14.086763777   13.351081130
    2.662270451    0.686093093   14.996083636   20.186113334
    2.669449082    0.701945794   15.216706545   28.619762641
    2.676627713    0.733561606   14.846662361   37.477813027
    2.683806344    0.774690578   14.044533049   44.905192554
    2.690984975    0.814336963   12.917177684   48.976777854
    2.698163606    0.842437818   11.510746962   48.539418314
    2.705342237    0.854324289    9.880610935   43.786246297
    2.712520868    0.851374818    8.155527341   36.184503597
    2.719699499    0.838297824    6.533540736   27.812381323
    2.726878130    0.819864478    5.216323191   20.537493340
    2.734056761    0.799903718    4.334152706   15.482166219
    2.741235392    0.782968693    3.906515092   12.926470862
    2.748414023    0.776228966    3.849497069   12.507488133
    2.755592654    0.788498457    4.016556211   13.499169392
    2.762771285    0.825867271    4.252957793   15.059867921
    2.769949917    0.886966424    4.444960485   16.440150810
    2.777128548    0.961787962    4.546057959   17.150794323
    2.784307179    1.035080200    4.569538322   17.043385534
    2.791485810    1.091678781    4.553276730   16.254576407
    2.798664441    1.120487575    4.520161976   15.040864470
    2.805843072    1.116158793    4.460568360   13.610792414
    2.813021703    1.079438175    4.347147965   12.056895221
    2.820200334    1.016656433    4.170355583   10.401132636
    2.827378965    0.937757750    3.974427672    8.682211123
    2.834557596    0.852959487    3.882049762    7.004714988
    2.841736227    0.769918248    4.106218279    5.525915148
    2.848914858    0.693406833    4.943650583    4.409459805
    2.856093489    0.627240158    6.730513554    3.783167864
    2.863272120    0.575950892    9.742206097    3.714700654
    2.870450751    0.544118208   14.049738071    4.201076123
    2.877629382    0.533957526   19.390043888    5.171019948
    2.884808013    0.543854197   25.130570805    6.508005574
    2.891986644    0.569653308   30.386724705    8.097058773
    2.899165275    0.607557828   34.288972758    9.880433716
    2.906343907    0.655697313   36.315138115   11.894482641
    2.913522538    0.712983358   36.534116312   14.267110181
    2.920701169    0.777216392   35.602100990   17.176368214
    2.927879800    0.845633404   34.459697805   20.785318093
    2.935058431    0.918260963   33.869021500   25.164248283
    2.942237062    1.000258017   34.068275373   30.203146564
    2.949415693    1.098775583   34.766349620   35.532995954
    2.956594324    1.214489297   35.461566183   40.516275633
    2.963772955    1.334041560   35.835005410   44.388696576
    2.970951586    1.431018862   35.940101167   46.575478318
    2.978130217    1.477422396   36.099124268   47.066658406
    2.985308848    1.459131510   36.636961301   46.612979712
    2.992487479    1.384929979   37.646728456   46.524981250
    2.999666110    1.282831318   38.892101661   48.064408309
    3.006844741    1.186246987   39.854082428   51.702682608
    3.014023372    1.118959407   39.907920990   56.688817137
    3.021202003    1.087527325   38.601171740   61.262360308
    3.028380634    1.083881407   35.925212798   63.476863823
    3.035559265    1.094235358   32.404905983   62.187572257
    3.042737896    1.107465048   28.905716197   57.614120841
    3.049916528    1.118162032   26.255662371   51.156981686
    3.057095159    1.124453762   24.917929225   44.633946353
    3.064273790    1.124397512   24.894003055   39.434376354
    3.071452421    1.114686977   25.853525290   36.048039351
    3.078631052    1.092454519   27.351205179   34.120039951
    3.085809683    1.058238984   28.993036116   32.876416131
    3.092988314    1.017739816   30.499832885   31.622079735
    3.100166945    0.981177126   31.690820609   30.045856550
    3.107345576    0.960356232   32.438115166   28.222726333
    3.114524207    0.964415810   32.639388677   26.399776643
    3.121702838    0.996034632   32.231307489   24.771583690
    3.128881469    1.050216888   31.225217213   23.405490953
    3.136060100    1.116714575   29.719440196   22.315482243
    3.143238731    1.184795583   27.864671467   21.560196921
    3.150417362    1.247271882   25.813155804   21.258005664
    3.157595993    1.301338226   23.705667215   21.520776818
    3.164774624    1.346564784   21.711999174   22.383826946
    3.171953255    1.382923813   20.081186430   23.791729943
    3.179131886    1.411730310   19.137321241   25.632608317
    3.186310518    1.439705755   19.192615058   27.775491619
    3.193489149    1.482911636   20.412091217   30.082769240
    3.200667780    1.565469886   22.709670595   32.404104113
    3.207846411    1.709649957   25.747936585   34.565241042
    3.215025042    1.919499850   29.050336944   36.352085320
    3.222203673    2.167351558   32.161195678   37.497703268
    3.229382304    2.395639679   34.769762951   37.711372964
    3.236560935    2.540284161   36.761663460   36.791773847
    3.243739566    2.567850939   38.215475006   34.803624468
    3.250918197    2.506801374   39.366464092   32.217401174
    3.258096828    2.453827003   40.530454562   29.907222901
    3.265275459    2.549162516   41.979987282   28.989152844
    3.272454090    2.928568828   43.810889389   30.568818377
    3.279632721    3.665838137   45.879181655   35.467907974
    3.286811352    4.722198068   47.865309836   43.950411996
    3.293989983    5.924628806   49.432982230   55.476930275
    3.301168614    6.996823616   50.364915615   68.596853927
    3.308347245    7.648203951   50.571161168   81.133567003
    3.315525876    7.688899125   49.993403684   90.720986006
    3.322704508    7.111085827   48.550813873   95.538825660
    3.329883139    6.090108214   46.234465607   94.916532856
    3.337061770    4.907618928   43.267823297   89.485080510
    3.344240401    3.844221991   40.124001598   80.792605608
    3.351419032    3.096268196   37.304412258   70.624998172
    3.358597663    2.742847000   35.037252849   60.432802337
    3.365776294    2.755061389   33.162212442   51.120190858
    3.372954925    3.026281449   31.300882228   43.144248102
    3.380133556    3.410128928   29.154746537   36.695677664
    3.387312187    3.764145886   26.694072194   31.803707318
    3.394490818    3.995029843   24.145638712   28.371103152
    3.401669449    4.088463586   21.861115227   26.201784503
    3.408848080    4.102147111   20.180261467   25.029604386
    3.416026711    4.119026593   19.327259944   24.525089368
    3.423205342    4.188523449   19.334470158   24.301245538
    3.430383973    4.298064874   20.023712769   23.975575505
    3.437562604    4.397986909   21.106840533   23.297136016
    3.444741235    4.463850726   22.409199934   22.264568369
    3.451919866    4.553027784   24.097209224   21.146341646
    3.459098497    4.815129116   26.719386628   20.382737545
    3.466277129    5.440476708   30.943513666   20.419205736
    3.473455760    6.560123712   37.073789630   21.532319730
    3.480634391    8.137147003   44.624705013   23.688716107
    3.487813022    9.908155253   52.253442480   26.475622386
    3.494991653   11.430070642   58.163363192   29.155708031
    3.502170284   12.240741359   60.807514407   30.879637599
    3.509348915   12.065045131   59.536294272   31.011529189
    3.516527546   10.947994145   54.862908319   29.426940786
    3.523706177    9.228788686   48.233588144   26.612878750
    3.530884808    7.372943975   41.452212402   23.486661418
    3.538063439    5.771148527   36.066400748   21.014466481
    3.545242070    4.618852808   32.985455986   19.833221838
    3.552420701    3.916679307   32.412515724   20.066464767
    3.559599332    3.551371200   33.987070044   21.392389455
    3.566777963    3.389235282   36.981845040   23.276791941
    3.573956594    3.336587049   40.474966946   25.220498814
    3.581135225    3.356161365   43.513604302   26.907628979
    3.588313856    3.449264541   45.309285945   28.229618328
    3.595492487    3.621982403   45.455991518   29.234353288
    3.602671119    3.858037724   44.094931793   30.066461199
    3.609849750    4.118717950   41.926283211   30.927614401
    3.617028381    4.374781130   40.021449882   32.041404463
    3.624207012    4.649579055   39.491938259   33.601953755
    3.631385643    5.034686980   41.141607430   35.719166811
    3.638564274    5.649799883   45.215556186   38.405584107
    3.645742905    6.560065554   51.301973887   41.642453597
    3.652921536    7.708227995   58.415901649   45.510337539
    3.660100167    8.922701868   65.287731750   50.297688429
    3.667278798   10.009290289   70.813338424   56.459818825
    3.674457429   10.862411619   74.483191466   64.351176854
    3.681636060   11.508594586   76.524297357   73.811208863
    3.688814691   12.048206688   77.610406430   83.857685282
    3.695993322   12.544563627   78.293323961   92.770250794
    3.703171953   12.948151142   78.549723075   98.647555852
    3.710350584   13.110018425   77.795520257  100.200530390
    3.717529215   12.870605150   75.393279691   97.338734524
    3.724707846   12.164021295   71.308640057   91.194430010
    3.731886477   11.076633636   66.441793710   83.577460704
    3.739065109    9.830152010   62.365519533   76.217771189
    3.746243740    8.699452813   60.588390347   70.245370567
    3.753422371    7.906545162   61.765310388   66.107160390
    3.760601002    7.543957124   65.317612398   63.766227152
    3.767779633    7.567359257   69.693561660   62.900414732
    3.774958264    7.860191736   73.127812574   62.984012347
    3.782136895    8.328362100   74.454074275   63.353219281
    3.789315526    8.958975174   73.493303235   63.367908004
    3.796494157    9.796842736   70.833442198   62.616377117
    3.803672788   10.851345626   67.238190986   61.003329357
    3.810851419   12.004892444   63.144561894   58.651787841
    3.818030050   13.004311210   58.564693998   55.724496499
    3.825208681   13.561510968   53.348783932   52.328710475
    3.832387312   13.505841283   47.512279846   48.559216683
    3.839565943   12.883595689   41.363274815   44.589341704
    3.846744574   11.932574164   35.389675021   40.686857041
    3.853923205   10.950531085   30.049518007   37.128254155
    3.861101836   10.152497705   25.622317238   34.100662358
    3.868280467    9.609855535   22.177502821   31.693838176
    3.875459098    9.289506633   19.623705477   29.979255896
    3.882637730    9.135029835   17.782754123   29.061232658
    3.889816361    9.118394176   16.459824787   28.997867577
    3.896994992    9.238431747   15.505941256   29.632760565
    3.904173623    9.494008999   14.869315811   30.508114402
    3.911352254    9.869924497   14.618085993   30.996971478
    3.918530885   10.347492056   14.910315137   30.607080664
    3.925709516   10.924531194   15.903723049   29.243665545
    3.932888147   11.622631722   17.635450263   27.237287348
    3.940066778   12.469193661   19.934001813   25.130936211
    3.947245409   13.457136367   22.417122796   23.396971156
    3.954424040   14.501917009   24.579738398   22.264150232
    3.961602671   15.427886757   25.928470903   21.703286018
    3.968781302   16.010072230   26.112116741   21.501201008
    3.975959933   16.065380273   25.016851573   21.346490759
    3.983138564   15.547120110   22.803316990   20.912879473
    3.990317195   14.584116432   19.862535763   19.955496774
    3.997495826   13.437134980   16.693187458   18.402925629
    4.004674457   12.397437691   13.751372131   16.392203745
    4.011853088   11.683953072   11.343952735   14.213203649
    4.019031720   11.387621679    9.599795151   12.189654938
    4.026210351   11.478794019    8.498544946   10.565351911
    4.033388982   11.862837013    7.917998410    9.450166133
    4.040567613   12.453995978    7.681427162    8.833393669
    4.047746244   13.236386713    7.606124045    8.636264586
    4.054924875   14.289580590    7.549815121    8.770311373
    4.062103506   15.771941918    7.437545958    9.180718110
    4.069282137   17.868662679    7.254572480    9.864722138
    4.076460768   20.711886146    7.013448124   10.859092826
    4.083639399   24.275952656    6.722949605   12.194274732
    4.090818030   28.271893724    6.381310084   13.825189594
    4.097996661   32.117290018    5.990983407   15.571819638
    4.105175292   35.081037301    5.572463504   17.121355846
    4.112353923   36.621435469    5.159297248   18.129157639
    4.119532554   36.766303836    4.778195599   18.394373793
    4.126711185   36.263586735    4.433755944   18.010632197
    4.133889816   36.304523786    4.112341995   17.371279669
    4.141068447   37.888354639    3.801242448   16.985168944
    4.148247078   41.182429315    3.505968161   17.194084084
    4.155425710   45.306557408    3.251547098   17.971937647
    4.162604341   48.734253819    3.067890305   18.945530510
    4.169782972   50.091425817    2.971227190   19.625081307
    4.176961603   48.850634721    2.954666670   19.684254391
    4.184140234   45.500358270    2.992936688   19.102180566
    4.191318865   41.151473920    3.056721086   18.094524033
    4.198497496   36.910449240    3.126977292   16.920217599
    4.205676127   33.424001791    3.201392765   15.724848852
    4.212854758   30.786961169    3.291841945   14.520987915
    4.220033389   28.732162850    3.418072951   13.278371631
    4.227212020   26.896874314    3.603377126   12.017999389
    4.234390651   25.012293508    3.872281368   10.829208166
    4.241569282   22.979152395    4.244950570    9.814299453
    4.248747913   20.863167759    4.725520063    9.025447843
    4.255926544   18.847669598    5.291097346    8.449065106
    4.263105175   17.161117368    5.893861647    8.039315351
    4.270283806   15.992061632    6.481111214    7.760723799
    4.277462437   15.414039400    7.022310890    7.600673531
    4.284641068   15.351737398    7.524764673    7.545196170
    4.291819699   15.614164011    8.029120528    7.544368256
    4.298998331   15.991550847    8.591243661    7.502357802
    4.306176962   16.366780100    9.261091208    7.307682998
    4.313355593   16.765450808   10.062290576    6.887134239
    4.320534224   17.300673599   10.973696171    6.246581499
    4.327712855   18.047285600   11.921548781    5.469659586
    4.334891486   18.937115425   12.793020350    4.675283493
    4.342070117   19.748490385   13.467976229    3.963090737
    4.349248748   20.191382929   13.850668975    3.380451043
    4.356427379   20.032249388   13.888153939    2.924653860
    4.363606010   19.195228512   13.580593412    2.568237468
    4.370784641   17.799613816   12.992164330    2.284535819
    4.377963272   16.119912962   12.253731971    2.058755421
    4.385141903   14.482550141   11.537659644    1.885206258
    4.392320534   13.144770987   11.002715789    1.759633540
    4.399499165   12.217588975   10.736414396    1.673680501
    4.406677796   11.673132614   10.731102344    1.613111545
    4.413856427   11.424492445   10.910089473    1.559101239
    4.421035058   11.419564826   11.188561457    1.492526441
    4.428213689   11.683901902   11.531175842    1.400955328
    4.435392321   12.285876078   11.966331897    1.285596371
    4.442570952   13.252758314   12.541411842    1.163519780
    4.449749583   14.499399176   13.245394798    1.061965819
    4.456928214   15.820786047   13.957188069    1.006244716
    4.464106845   16.956910756   14.469386879    1.007250147
    4.471285476   17.694233188   14.586170261    1.055454512
    4.478464107   17.948599754   14.237254735    1.124680125
    4.485642738   17.786456347   13.533472295    1.183462122
    4.492821369   17.374607980   12.727377986    1.208054247
    4.500000000   16.886058858   12.103113293    1.190964158
