  0.00000000E+00 -0.44811114E+01
  0.10020222E-01 -0.44824898E+01
  0.20040445E-01 -0.44866146E+01
  0.30060667E-01 -0.44934436E+01
  0.40080889E-01 -0.45029079E+01
  0.50101112E-01 -0.45149150E+01
  0.60121334E-01 -0.45293511E+01
  0.70141556E-01 -0.45460857E+01
  0.80161778E-01 -0.45649745E+01
  0.90182001E-01 -0.45858639E+01
  0.10020222E+00 -0.46085946E+01
  0.11022245E+00 -0.46330044E+01
  0.12024267E+00 -0.46589318E+01
  0.13026289E+00 -0.46862178E+01
  0.14028311E+00 -0.47147086E+01
  0.15030333E+00 -0.47442563E+01
  0.16032356E+00 -0.47747208E+01
  0.17034378E+00 -0.48059701E+01
  0.18036400E+00 -0.48378812E+01
  0.19038422E+00 -0.48703401E+01
  0.20040445E+00 -0.49032419E+01
  0.21042467E+00 -0.49364908E+01
  0.22044489E+00 -0.49699999E+01
  0.23046511E+00 -0.50036909E+01
  0.24048534E+00 -0.50374938E+01
  0.25050556E+00 -0.50713463E+01
  0.26052578E+00 -0.51051938E+01
  0.27054600E+00 -0.51389884E+01
  0.28056622E+00 -0.51726886E+01
  0.29058645E+00 -0.52062591E+01
  0.30060667E+00 -0.52396699E+01
  0.31062689E+00 -0.52728962E+01
  0.32064711E+00 -0.53059174E+01
  0.33066734E+00 -0.53387170E+01
  0.34068756E+00 -0.53712821E+01
  0.35070778E+00 -0.54036027E+01
  0.36072800E+00 -0.54356715E+01
  0.37074823E+00 -0.54674830E+01
  0.38076845E+00 -0.54990337E+01
  0.39078867E+00 -0.55303213E+01
  0.40080889E+00 -0.55613443E+01
  0.41082911E+00 -0.55921016E+01
  0.42084934E+00 -0.56225926E+01
  0.43086956E+00 -0.56528163E+01
  0.44088978E+00 -0.56827713E+01
  0.45091000E+00 -0.57124557E+01
  0.46093023E+00 -0.57418665E+01
  0.47095045E+00 -0.57709998E+01
  0.48097067E+00 -0.57998504E+01
  0.49099089E+00 -0.58284120E+01
  0.50101112E+00 -0.58566765E+01
  0.51103134E+00 -0.58846348E+01
  0.52105156E+00 -0.59122760E+01
  0.53107178E+00 -0.59395879E+01
  0.54109200E+00 -0.59665570E+01
  0.55111223E+00 -0.59931683E+01
  0.56113245E+00 -0.60194056E+01
  0.57115267E+00 -0.60452519E+01
  0.58117289E+00 -0.60706887E+01
  0.59119312E+00 -0.60956972E+01
  0.60121334E+00 -0.61202577E+01
  0.61123356E+00 -0.61443501E+01
  0.62125378E+00 -0.61679540E+01
  0.63127401E+00 -0.61910491E+01
  0.64129423E+00 -0.62136151E+01
  0.65131445E+00 -0.62356320E+01
  0.66133467E+00 -0.62570806E+01
  0.67135489E+00 -0.62779421E+01
  0.68137512E+00 -0.62981990E+01
  0.69139534E+00 -0.63178346E+01
  0.70141556E+00 -0.63368337E+01
  0.71143578E+00 -0.63551824E+01
  0.72145601E+00 -0.63728683E+01
  0.73147623E+00 -0.63898809E+01
  0.74149645E+00 -0.64062112E+01
  0.75151667E+00 -0.64218524E+01
  0.76153690E+00 -0.64367992E+01
  0.77155712E+00 -0.64510484E+01
  0.78157734E+00 -0.64645987E+01
  0.79159756E+00 -0.64774508E+01
  0.80161778E+00 -0.64896070E+01
  0.81163801E+00 -0.65010716E+01
  0.82165823E+00 -0.65118503E+01
  0.83167845E+00 -0.65219505E+01
  0.84169867E+00 -0.65313809E+01
  0.85171890E+00 -0.65401514E+01
  0.86173912E+00 -0.65482730E+01
  0.87175934E+00 -0.65557573E+01
  0.88177956E+00 -0.65626166E+01
  0.89179979E+00 -0.65688638E+01
  0.90182001E+00 -0.65745114E+01
  0.91184023E+00 -0.65795722E+01
  0.92186045E+00 -0.65840586E+01
  0.93188067E+00 -0.65879824E+01
  0.94190090E+00 -0.65913545E+01
  0.95192112E+00 -0.65941849E+01
  0.96194134E+00 -0.65964826E+01
  0.97196156E+00 -0.65982551E+01
  0.98198179E+00 -0.65995085E+01
  0.99200201E+00 -0.66002472E+01
  0.10020222E+01 -0.66004741E+01
  0.10120834E+01 -0.66003346E+01
  0.10221446E+01 -0.65998650E+01
  0.10322058E+01 -0.65990584E+01
  0.10422669E+01 -0.65979032E+01
  0.10523281E+01 -0.65963835E+01
  0.10623893E+01 -0.65944795E+01
  0.10724505E+01 -0.65921676E+01
  0.10825117E+01 -0.65894208E+01
  0.10925728E+01 -0.65862092E+01
  0.11026340E+01 -0.65825006E+01
  0.11126952E+01 -0.65782606E+01
  0.11227564E+01 -0.65734537E+01
  0.11328176E+01 -0.65680433E+01
  0.11428787E+01 -0.65619925E+01
  0.11529399E+01 -0.65552648E+01
  0.11630011E+01 -0.65478247E+01
  0.11730623E+01 -0.65396376E+01
  0.11831235E+01 -0.65306712E+01
  0.11931846E+01 -0.65208954E+01
  0.12032458E+01 -0.65102829E+01
  0.12133070E+01 -0.64988097E+01
  0.12233682E+01 -0.64864552E+01
  0.12334294E+01 -0.64732027E+01
  0.12434905E+01 -0.64590396E+01
  0.12535517E+01 -0.64439574E+01
  0.12636129E+01 -0.64279520E+01
  0.12736741E+01 -0.64110235E+01
  0.12837352E+01 -0.63931765E+01
  0.12937964E+01 -0.63744197E+01
  0.13038576E+01 -0.63547660E+01
  0.13139188E+01 -0.63342318E+01
  0.13239800E+01 -0.63128376E+01
  0.13340411E+01 -0.62906070E+01
  0.13441023E+01 -0.62675664E+01
  0.13541635E+01 -0.62437451E+01
  0.13642247E+01 -0.62191744E+01
  0.13742859E+01 -0.61938874E+01
  0.13843470E+01 -0.61679186E+01
  0.13944082E+01 -0.61413035E+01
  0.14044694E+01 -0.61140778E+01
  0.14145306E+01 -0.60862774E+01
  0.14245918E+01 -0.60579379E+01
  0.14346529E+01 -0.60290940E+01
  0.14447141E+01 -0.59997793E+01
  0.14547753E+01 -0.59700258E+01
  0.14648365E+01 -0.59398638E+01
  0.14748977E+01 -0.59093216E+01
  0.14849588E+01 -0.58784249E+01
  0.14950200E+01 -0.58471971E+01
  0.15050812E+01 -0.58156588E+01
  0.15151424E+01 -0.57838278E+01
  0.15252035E+01 -0.57517192E+01
  0.15352647E+01 -0.57193450E+01
  0.15453259E+01 -0.56867143E+01
  0.15553871E+01 -0.56538333E+01
  0.15654483E+01 -0.56207054E+01
  0.15755094E+01 -0.55873314E+01
  0.15855706E+01 -0.55537093E+01
  0.15956318E+01 -0.55198348E+01
  0.16056930E+01 -0.54857012E+01
  0.16157542E+01 -0.54512997E+01
  0.16258153E+01 -0.54166196E+01
  0.16358765E+01 -0.53816485E+01
  0.16459377E+01 -0.53463724E+01
  0.16559989E+01 -0.53107761E+01
  0.16660601E+01 -0.52748430E+01
  0.16761212E+01 -0.52385558E+01
  0.16861824E+01 -0.52018964E+01
  0.16962436E+01 -0.51648461E+01
  0.17063048E+01 -0.51273856E+01
  0.17163660E+01 -0.50894955E+01
  0.17264271E+01 -0.50511562E+01
  0.17364883E+01 -0.50123481E+01
  0.17465495E+01 -0.49730516E+01
  0.17566107E+01 -0.49332472E+01
  0.17666719E+01 -0.48929158E+01
  0.17767330E+01 -0.48520384E+01
  0.17867942E+01 -0.48105965E+01
  0.17968554E+01 -0.47685720E+01
  0.18069166E+01 -0.47259473E+01
  0.18169777E+01 -0.46827053E+01
  0.18270389E+01 -0.46388293E+01
  0.18371001E+01 -0.45943035E+01
  0.18471613E+01 -0.45491126E+01
  0.18572225E+01 -0.45032421E+01
  0.18672836E+01 -0.44566784E+01
  0.18773448E+01 -0.44094087E+01
  0.18874060E+01 -0.43614212E+01
  0.18974672E+01 -0.43127054E+01
  0.19075284E+01 -0.42632516E+01
  0.19175895E+01 -0.42130519E+01
  0.19276507E+01 -0.41620994E+01
  0.19377119E+01 -0.41103890E+01
  0.19477731E+01 -0.40579172E+01
  0.19578343E+01 -0.40046821E+01
  0.19678954E+01 -0.39506838E+01
  0.19779566E+01 -0.38959244E+01
  0.19880178E+01 -0.38404079E+01
  0.19980790E+01 -0.37841405E+01
  0.20081402E+01 -0.37271304E+01
  0.20182013E+01 -0.36693881E+01
  0.20282625E+01 -0.36109261E+01
  0.20383237E+01 -0.35517591E+01
  0.20483849E+01 -0.34919040E+01
  0.20584460E+01 -0.34313795E+01
  0.20685072E+01 -0.33702063E+01
  0.20785684E+01 -0.33084069E+01
  0.20886296E+01 -0.32460052E+01
  0.20986908E+01 -0.31830267E+01
  0.21087519E+01 -0.31194981E+01
  0.21188131E+01 -0.30554470E+01
  0.21288743E+01 -0.29909019E+01
  0.21389355E+01 -0.29258914E+01
  0.21489967E+01 -0.28604447E+01
  0.21590578E+01 -0.27945906E+01
  
  0.00000000E+00 -0.19323987E+01
  0.10020222E-01 -0.19304596E+01
  0.20040445E-01 -0.19246850E+01
  0.30060667E-01 -0.19151115E+01
  0.40080889E-01 -0.19017985E+01
  0.50101112E-01 -0.18848257E+01
  0.60121334E-01 -0.18642902E+01
  0.70141556E-01 -0.18403031E+01
  0.80161778E-01 -0.18129860E+01
  0.90182001E-01 -0.17824677E+01
  0.10020222E+00 -0.17488806E+01
  0.11022245E+00 -0.17123580E+01
  0.12024267E+00 -0.16730317E+01
  0.13026289E+00 -0.16310302E+01
  0.14028311E+00 -0.15864766E+01
  0.15030333E+00 -0.15394885E+01
  0.16032356E+00 -0.14901763E+01
  0.17034378E+00 -0.14386438E+01
  0.18036400E+00 -0.13849877E+01
  0.19038422E+00 -0.13292979E+01
  0.20040445E+00 -0.12716579E+01
  0.21042467E+00 -0.12121451E+01
  0.22044489E+00 -0.11508317E+01
  0.23046511E+00 -0.10877850E+01
  0.24048534E+00 -0.10230683E+01
  0.25050556E+00 -0.95674106E+00
  0.26052578E+00 -0.88886019E+00
  0.27054600E+00 -0.81948013E+00
  0.28056622E+00 -0.74865355E+00
  0.29058645E+00 -0.67643187E+00
  0.30060667E+00 -0.60286566E+00
  0.31062689E+00 -0.52800508E+00
  0.32064711E+00 -0.45190015E+00
  0.33066734E+00 -0.37460105E+00
  0.34068756E+00 -0.29615835E+00
  0.35070778E+00 -0.21662313E+00
  0.36072800E+00 -0.13604709E+00
  0.37074823E+00 -0.54482587E-01
  0.38076845E+00  0.28017381E-01
  0.39078867E+00  0.11139922E+00
  0.40080889E+00  0.19560888E+00
  0.41082911E+00  0.28059195E+00
  0.42084934E+00  0.36629392E+00
  0.43086956E+00  0.45266032E+00
  0.44088978E+00  0.53963702E+00
  0.45091000E+00  0.62717047E+00
  0.46093023E+00  0.71520800E+00
  0.47095045E+00  0.80369808E+00
  0.48097067E+00  0.89259065E+00
  0.49099089E+00  0.98183741E+00
  0.50101112E+00  0.10713921E+01
  0.51103134E+00  0.11612107E+01
  0.52105156E+00  0.12512518E+01
  0.53107178E+00  0.13414769E+01
  0.54109200E+00  0.14318501E+01
  0.55111223E+00  0.15223391E+01
  0.56113245E+00  0.16129145E+01
  0.57115267E+00  0.17035502E+01
  0.58117289E+00  0.17942236E+01
  0.59119312E+00  0.18849151E+01
  0.60121334E+00  0.19756082E+01
  0.61123356E+00  0.20662895E+01
  0.62125378E+00  0.21569480E+01
  0.63127401E+00  0.22475749E+01
  0.64129423E+00  0.23381633E+01
  0.65131445E+00  0.24287076E+01
  0.66133467E+00  0.25192027E+01
  0.67135489E+00  0.26096434E+01
  0.68137512E+00  0.27000235E+01
  0.69139534E+00  0.27903349E+01
  0.70141556E+00  0.28805666E+01
  0.71143578E+00  0.29707034E+01
  0.72145601E+00  0.30607249E+01
  0.73147623E+00  0.31506036E+01
  0.74149645E+00  0.32403040E+01
  0.75151667E+00  0.33297803E+01
  0.76153690E+00  0.34189755E+01
  0.77155712E+00  0.35078185E+01
  0.78157734E+00  0.35962227E+01
  0.79159756E+00  0.36840839E+01
  0.80161778E+00  0.37712773E+01
  0.81163801E+00  0.38576559E+01
  0.82165823E+00  0.39430472E+01
  0.83167845E+00  0.40272509E+01
  0.84169867E+00  0.41100364E+01
  0.85171890E+00  0.41911396E+01
  0.86173912E+00  0.42702607E+01
  0.87175934E+00  0.43470622E+01
  0.88177956E+00  0.44211670E+01
  0.89179979E+00  0.44921580E+01
  0.90182001E+00  0.45595791E+01
  0.91184023E+00  0.46229373E+01
  0.92186045E+00  0.46817087E+01
  0.93188067E+00  0.47353466E+01
  0.94190090E+00  0.47832939E+01
  0.95192112E+00  0.48249991E+01
  0.96194134E+00  0.48599369E+01
  0.97196156E+00  0.48876307E+01
  0.98198179E+00  0.49076769E+01
  0.99200201E+00  0.49197681E+01
  0.10020222E+01  0.49237370E+01
  0.10120834E+01  0.49216824E+01
  0.10221446E+01  0.49156860E+01
  0.10322058E+01  0.49056710E+01
  0.10422669E+01  0.48917211E+01
  0.10523281E+01  0.48739104E+01
  0.10623893E+01  0.48523284E+01
  0.10724505E+01  0.48270780E+01
  0.10825117E+01  0.47982729E+01
  0.10925728E+01  0.47660349E+01
  0.11026340E+01  0.47304914E+01
  0.11126952E+01  0.46917729E+01
  0.11227564E+01  0.46500118E+01
  0.11328176E+01  0.46053408E+01
  0.11428787E+01  0.45578919E+01
  0.11529399E+01  0.45077957E+01
  0.11630011E+01  0.44551812E+01
  0.11730623E+01  0.44001755E+01
  0.11831235E+01  0.43429036E+01
  0.11931846E+01  0.42834889E+01
  0.12032458E+01  0.42220530E+01
  0.12133070E+01  0.41587160E+01
  0.12233682E+01  0.40935965E+01
  0.12334294E+01  0.40268117E+01
  0.12434905E+01  0.39584773E+01
  0.12535517E+01  0.38887079E+01
  0.12636129E+01  0.38176162E+01
  0.12736741E+01  0.37453134E+01
  0.12837352E+01  0.36719086E+01
  0.12937964E+01  0.35975085E+01
  0.13038576E+01  0.35222173E+01
  0.13139188E+01  0.34461359E+01
  0.13239800E+01  0.33693618E+01
  0.13340411E+01  0.32919887E+01
  0.13441023E+01  0.32141057E+01
  0.13541635E+01  0.31357973E+01
  0.13642247E+01  0.30571430E+01
  0.13742859E+01  0.29782168E+01
  0.13843470E+01  0.28990870E+01
  0.13944082E+01  0.28198158E+01
  0.14044694E+01  0.27404598E+01
  0.14145306E+01  0.26610690E+01
  0.14245918E+01  0.25816877E+01
  0.14346529E+01  0.25023537E+01
  0.14447141E+01  0.24230994E+01
  0.14547753E+01  0.23439512E+01
  0.14648365E+01  0.22649301E+01
  0.14748977E+01  0.21860523E+01
  0.14849588E+01  0.21073291E+01
  0.14950200E+01  0.20287676E+01
  0.15050812E+01  0.19503713E+01
  0.15151424E+01  0.18721405E+01
  0.15252035E+01  0.17940726E+01
  0.15352647E+01  0.17161628E+01
  0.15453259E+01  0.16384049E+01
  0.15553871E+01  0.15607912E+01
  0.15654483E+01  0.14833135E+01
  0.15755094E+01  0.14059631E+01
  0.15855706E+01  0.13287317E+01
  0.15956318E+01  0.12516114E+01
  0.16056930E+01  0.11745951E+01
  0.16157542E+01  0.10976771E+01
  0.16258153E+01  0.10208527E+01
  0.16358765E+01  0.94411892E+00
  0.16459377E+01  0.86747440E+00
  0.16559989E+01  0.79091950E+00
  0.16660601E+01  0.71445637E+00
  0.16761212E+01  0.63808889E+00
  0.16861824E+01  0.56182264E+00
  0.16962436E+01  0.48566478E+00
  0.17063048E+01  0.40962393E+00
  0.17163660E+01  0.33371001E+00
  0.17264271E+01  0.25793403E+00
  0.17364883E+01  0.18230787E+00
  0.17465495E+01  0.10684405E+00
  0.17566107E+01  0.31555436E-01
  0.17666719E+01 -0.43544970E-01
  0.17767330E+01 -0.11844436E+00
  0.17867942E+01 -0.19313035E+00
  0.17968554E+01 -0.26759130E+00
  0.18069166E+01 -0.34181651E+00
  0.18169777E+01 -0.41579651E+00
  0.18270389E+01 -0.48952321E+00
  0.18371001E+01 -0.56299014E+00
  0.18471613E+01 -0.63619256E+00
  0.18572225E+01 -0.70912755E+00
  0.18672836E+01 -0.78179407E+00
  0.18773448E+01 -0.85419297E+00
  0.18874060E+01 -0.92632692E+00
  0.18974672E+01 -0.99820033E+00
  0.19075284E+01 -0.10698192E+01
  0.19175895E+01 -0.11411909E+01
  0.19276507E+01 -0.12123239E+01
  0.19377119E+01 -0.12832276E+01
  0.19477731E+01 -0.13539120E+01
  0.19578343E+01 -0.14243871E+01
  0.19678954E+01 -0.14946629E+01
  0.19779566E+01 -0.15647490E+01
  0.19880178E+01 -0.16346541E+01
  0.19980790E+01 -0.17043855E+01
  0.20081402E+01 -0.17739495E+01
  0.20182013E+01 -0.18433501E+01
  0.20282625E+01 -0.19125895E+01
  0.20383237E+01 -0.19816678E+01
  0.20483849E+01 -0.20505824E+01
  0.20584460E+01 -0.21193283E+01
  0.20685072E+01 -0.21878978E+01
  0.20785684E+01 -0.22562808E+01
  0.20886296E+01 -0.23244643E+01
  0.20986908E+01 -0.23924329E+01
  0.21087519E+01 -0.24601689E+01
  0.21188131E+01 -0.25276522E+01
  0.21288743E+01 -0.25948607E+01
  0.21389355E+01 -0.26617705E+01
  0.21489967E+01 -0.27283561E+01
  0.21590578E+01 -0.27945906E+01
  
  0.00000000E+00  0.37416243E+01
  0.10020222E-01  0.37418415E+01
  0.20040445E-01  0.37425354E+01
  0.30060667E-01  0.37436376E+01
  0.40080889E-01  0.37450882E+01
  0.50101112E-01  0.37469170E+01
  0.60121334E-01  0.37491250E+01
  0.70141556E-01  0.37517102E+01
  0.80161778E-01  0.37546699E+01
  0.90182001E-01  0.37580013E+01
  0.10020222E+00  0.37617014E+01
  0.11022245E+00  0.37657670E+01
  0.12024267E+00  0.37701948E+01
  0.13026289E+00  0.37749816E+01
  0.14028311E+00  0.37801243E+01
  0.15030333E+00  0.37856197E+01
  0.16032356E+00  0.37914649E+01
  0.17034378E+00  0.37976572E+01
  0.18036400E+00  0.38041941E+01
  0.19038422E+00  0.38110733E+01
  0.20040445E+00  0.38182930E+01
  0.21042467E+00  0.38258517E+01
  0.22044489E+00  0.38337482E+01
  0.23046511E+00  0.38419817E+01
  0.24048534E+00  0.38505519E+01
  0.25050556E+00  0.38594589E+01
  0.26052578E+00  0.38687028E+01
  0.27054600E+00  0.38782847E+01
  0.28056622E+00  0.38882054E+01
  0.29058645E+00  0.38984662E+01
  0.30060667E+00  0.39090687E+01
  0.31062689E+00  0.39200145E+01
  0.32064711E+00  0.39313052E+01
  0.33066734E+00  0.39429424E+01
  0.34068756E+00  0.39540683E+01
  0.35070778E+00  0.39650699E+01
  0.36072800E+00  0.39763819E+01
  0.37074823E+00  0.39880205E+01
  0.38076845E+00  0.40000018E+01
  0.39078867E+00  0.40123418E+01
  0.40080889E+00  0.40250562E+01
  0.41082911E+00  0.40381595E+01
  0.42084934E+00  0.40516656E+01
  0.43086956E+00  0.40655865E+01
  0.44088978E+00  0.40799327E+01
  0.45091000E+00  0.40947128E+01
  0.46093023E+00  0.41099328E+01
  0.47095045E+00  0.41255967E+01
  0.48097067E+00  0.41417054E+01
  0.49099089E+00  0.41582573E+01
  0.50101112E+00  0.41752475E+01
  0.51103134E+00  0.41926682E+01
  0.52105156E+00  0.42105084E+01
  0.53107178E+00  0.42287537E+01
  0.54109200E+00  0.42473869E+01
  0.55111223E+00  0.42663872E+01
  0.56113245E+00  0.42857309E+01
  0.57115267E+00  0.43053912E+01
  0.58117289E+00  0.43253386E+01
  0.59119312E+00  0.43455407E+01
  0.60121334E+00  0.43659628E+01
  0.61123356E+00  0.43865676E+01
  0.62125378E+00  0.44073162E+01
  0.63127401E+00  0.44281676E+01
  0.64129423E+00  0.44490794E+01
  0.65131445E+00  0.44700080E+01
  0.66133467E+00  0.44909091E+01
  0.67135489E+00  0.45111637E+01
  0.68137512E+00  0.45301795E+01
  0.69139534E+00  0.45490903E+01
  0.70141556E+00  0.45678730E+01
  0.71143578E+00  0.45865043E+01
  0.72145601E+00  0.46049604E+01
  0.73147623E+00  0.46232168E+01
  0.74149645E+00  0.46412484E+01
  0.75151667E+00  0.46590293E+01
  0.76153690E+00  0.46765323E+01
  0.77155712E+00  0.46937295E+01
  0.78157734E+00  0.47105915E+01
  0.79159756E+00  0.47270874E+01
  0.80161778E+00  0.47431851E+01
  0.81163801E+00  0.47588508E+01
  0.82165823E+00  0.47740493E+01
  0.83167845E+00  0.47887437E+01
  0.84169867E+00  0.48028959E+01
  0.85171890E+00  0.48164661E+01
  0.86173912E+00  0.48294136E+01
  0.87175934E+00  0.48416969E+01
  0.88177956E+00  0.48532735E+01
  0.89179979E+00  0.48641010E+01
  0.90182001E+00  0.48741368E+01
  0.91184023E+00  0.48833385E+01
  0.92186045E+00  0.48916642E+01
  0.93188067E+00  0.48990715E+01
  0.94190090E+00  0.49055171E+01
  0.95192112E+00  0.49109599E+01
  0.96194134E+00  0.49153836E+01
  0.97196156E+00  0.49188264E+01
  0.98198179E+00  0.49213478E+01
  0.99200201E+00  0.49229853E+01
  0.10020222E+01  0.49237372E+01
  0.10120834E+01  0.49217659E+01
  0.10221446E+01  0.49164214E+01
  0.10322058E+01  0.49078282E+01
  0.10422669E+01  0.48960345E+01
  0.10523281E+01  0.48811630E+01
  0.10623893E+01  0.48633726E+01
  0.10724505E+01  0.48428493E+01
  0.10825117E+01  0.48197996E+01
  0.10925728E+01  0.47944442E+01
  0.11026340E+01  0.47670128E+01
  0.11126952E+01  0.47377381E+01
  0.11227564E+01  0.47068517E+01
  0.11328176E+01  0.46745800E+01
  0.11428787E+01  0.46411411E+01
  0.11529399E+01  0.46067417E+01
  0.11630011E+01  0.45715758E+01
  0.11730623E+01  0.45358225E+01
  0.11831235E+01  0.44996456E+01
  0.11931846E+01  0.44631926E+01
  0.12032458E+01  0.44265947E+01
  0.12133070E+01  0.43899668E+01
  0.12233682E+01  0.43534075E+01
  0.12334294E+01  0.43170001E+01
  0.12434905E+01  0.42808125E+01
  0.12535517E+01  0.42448985E+01
  0.12636129E+01  0.42092985E+01
  0.12736741E+01  0.41740401E+01
  0.12837352E+01  0.41391394E+01
  0.12937964E+01  0.41046018E+01
  0.13038576E+01  0.40704233E+01
  0.13139188E+01  0.40365911E+01
  0.13239800E+01  0.40030854E+01
  0.13340411E+01  0.39698797E+01
  0.13441023E+01  0.39369425E+01
  0.13541635E+01  0.39042379E+01
  0.13642247E+01  0.38717273E+01
  0.13742859E+01  0.38393698E+01
  0.13843470E+01  0.38071234E+01
  0.13944082E+01  0.37715316E+01
  0.14044694E+01  0.37342639E+01
  0.14145306E+01  0.36970286E+01
  0.14245918E+01  0.36598328E+01
  0.14346529E+01  0.36226853E+01
  0.14447141E+01  0.35855975E+01
  0.14547753E+01  0.35485828E+01
  0.14648365E+01  0.35116572E+01
  0.14748977E+01  0.34748388E+01
  0.14849588E+01  0.34381483E+01
  0.14950200E+01  0.34016089E+01
  0.15050812E+01  0.33652455E+01
  0.15151424E+01  0.33290854E+01
  0.15252035E+01  0.32931573E+01
  0.15352647E+01  0.32574917E+01
  0.15453259E+01  0.32221202E+01
  0.15553871E+01  0.31870753E+01
  0.15654483E+01  0.31523901E+01
  0.15755094E+01  0.31180980E+01
  0.15855706E+01  0.30842322E+01
  0.15956318E+01  0.30508257E+01
  0.16056930E+01  0.30179103E+01
  0.16157542E+01  0.29855171E+01
  0.16258153E+01  0.29536755E+01
  0.16358765E+01  0.29224132E+01
  0.16459377E+01  0.28917558E+01
  0.16559989E+01  0.28617267E+01
  0.16660601E+01  0.28323468E+01
  0.16761212E+01  0.28036341E+01
  0.16861824E+01  0.27756040E+01
  0.16962436E+01  0.27482687E+01
  0.17063048E+01  0.27216376E+01
  0.17163660E+01  0.26957168E+01
  0.17264271E+01  0.26705094E+01
  0.17364883E+01  0.26460156E+01
  0.17465495E+01  0.26222324E+01
  0.17566107E+01  0.25991545E+01
  0.17666719E+01  0.25767736E+01
  0.17767330E+01  0.25537627E+01
  0.17867942E+01  0.25288684E+01
  0.17968554E+01  0.25047651E+01
  0.18069166E+01  0.24814591E+01
  0.18169777E+01  0.24589536E+01
  0.18270389E+01  0.24372488E+01
  0.18371001E+01  0.24163423E+01
  0.18471613E+01  0.23962295E+01
  0.18572225E+01  0.23769036E+01
  0.18672836E+01  0.23583561E+01
  0.18773448E+01  0.23405774E+01
  0.18874060E+01  0.23235568E+01
  0.18974672E+01  0.23072832E+01
  0.19075284E+01  0.22917448E+01
  0.19175895E+01  0.22769303E+01
  0.19276507E+01  0.22628285E+01
  0.19377119E+01  0.22494285E+01
  0.19477731E+01  0.22367206E+01
  0.19578343E+01  0.22246958E+01
  0.19678954E+01  0.22133460E+01
  0.19779566E+01  0.22026647E+01
  0.19880178E+01  0.21926461E+01
  0.19980790E+01  0.21832860E+01
  0.20081402E+01  0.21745811E+01
  0.20182013E+01  0.21665293E+01
  0.20282625E+01  0.21591295E+01
  0.20383237E+01  0.21523813E+01
  0.20483849E+01  0.21462850E+01
  0.20584460E+01  0.21408415E+01
  0.20685072E+01  0.21360519E+01
  0.20785684E+01  0.21319173E+01
  0.20886296E+01  0.21284387E+01
  0.20986908E+01  0.21256167E+01
  0.21087519E+01  0.21234514E+01
  0.21188131E+01  0.21219420E+01
  0.21288743E+01  0.21210869E+01
  0.21389355E+01  0.21208835E+01
  0.21489967E+01  0.21213277E+01
  0.21590578E+01  0.21224146E+01
  
  0.00000000E+00  0.37416245E+01
  0.10020222E-01  0.37419141E+01
  0.20040445E-01  0.37425961E+01
  0.30060667E-01  0.37437343E+01
  0.40080889E-01  0.37453817E+01
  0.50101112E-01  0.37474992E+01
  0.60121334E-01  0.37500746E+01
  0.70141556E-01  0.37530963E+01
  0.80161778E-01  0.37565518E+01
  0.90182001E-01  0.37604272E+01
  0.10020222E+00  0.37647075E+01
  0.11022245E+00  0.37693769E+01
  0.12024267E+00  0.37744189E+01
  0.13026289E+00  0.37798165E+01
  0.14028311E+00  0.37855528E+01
  0.15030333E+00  0.37916108E+01
  0.16032356E+00  0.37979742E+01
  0.17034378E+00  0.38046271E+01
  0.18036400E+00  0.38115548E+01
  0.19038422E+00  0.38187436E+01
  0.20040445E+00  0.38261813E+01
  0.21042467E+00  0.38338572E+01
  0.22044489E+00  0.38417625E+01
  0.23046511E+00  0.38498902E+01
  0.24048534E+00  0.38582353E+01
  0.25050556E+00  0.38667951E+01
  0.26052578E+00  0.38755689E+01
  0.27054600E+00  0.38845581E+01
  0.28056622E+00  0.38937665E+01
  0.29058645E+00  0.39031998E+01
  0.30060667E+00  0.39128655E+01
  0.31062689E+00  0.39227734E+01
  0.32064711E+00  0.39329344E+01
  0.33066734E+00  0.39433614E+01
  0.34068756E+00  0.39549276E+01
  0.35070778E+00  0.39672620E+01
  0.36072800E+00  0.39799465E+01
  0.37074823E+00  0.39929815E+01
  0.38076845E+00  0.40063667E+01
  0.39078867E+00  0.40201015E+01
  0.40080889E+00  0.40341841E+01
  0.41082911E+00  0.40486121E+01
  0.42084934E+00  0.40633821E+01
  0.43086956E+00  0.40784894E+01
  0.44088978E+00  0.40939286E+01
  0.45091000E+00  0.41096929E+01
  0.46093023E+00  0.41257743E+01
  0.47095045E+00  0.41421636E+01
  0.48097067E+00  0.41588506E+01
  0.49099089E+00  0.41758235E+01
  0.50101112E+00  0.41930696E+01
  0.51103134E+00  0.42105749E+01
  0.52105156E+00  0.42283243E+01
  0.53107178E+00  0.42463017E+01
  0.54109200E+00  0.42644901E+01
  0.55111223E+00  0.42828716E+01
  0.56113245E+00  0.43014273E+01
  0.57115267E+00  0.43201379E+01
  0.58117289E+00  0.43389834E+01
  0.59119312E+00  0.43579431E+01
  0.60121334E+00  0.43769961E+01
  0.61123356E+00  0.43961212E+01
  0.62125378E+00  0.44152967E+01
  0.63127401E+00  0.44345009E+01
  0.64129423E+00  0.44537118E+01
  0.65131445E+00  0.44729074E+01
  0.66133467E+00  0.44920655E+01
  0.67135489E+00  0.45117375E+01
  0.68137512E+00  0.45324480E+01
  0.69139534E+00  0.45529952E+01
  0.70141556E+00  0.45733342E+01
  0.71143578E+00  0.45934207E+01
  0.72145601E+00  0.46132111E+01
  0.73147623E+00  0.46326631E+01
  0.74149645E+00  0.46517357E+01
  0.75151667E+00  0.46703894E+01
  0.76153690E+00  0.46885865E+01
  0.77155712E+00  0.47062911E+01
  0.78157734E+00  0.47234693E+01
  0.79159756E+00  0.47400893E+01
  0.80161778E+00  0.47561215E+01
  0.81163801E+00  0.47715382E+01
  0.82165823E+00  0.47863142E+01
  0.83167845E+00  0.48004260E+01
  0.84169867E+00  0.48138524E+01
  0.85171890E+00  0.48265741E+01
  0.86173912E+00  0.48385738E+01
  0.87175934E+00  0.48498358E+01
  0.88177956E+00  0.48603461E+01
  0.89179979E+00  0.48700926E+01
  0.90182001E+00  0.48790645E+01
  0.91184023E+00  0.48872530E+01
  0.92186045E+00  0.48946515E+01
  0.93188067E+00  0.49012567E+01
  0.94190090E+00  0.49070694E+01
  0.95192112E+00  0.49120926E+01
  0.96194134E+00  0.49163087E+01
  0.97196156E+00  0.49196508E+01
  0.98198179E+00  0.49220359E+01
  0.99200201E+00  0.49234093E+01
  0.10020222E+01  0.49237372E+01
  0.10120834E+01  0.49225873E+01
  0.10221446E+01  0.49184602E+01
  0.10322058E+01  0.49114440E+01
  0.10422669E+01  0.49016277E+01
  0.10523281E+01  0.48891123E+01
  0.10623893E+01  0.48740154E+01
  0.10724505E+01  0.48564698E+01
  0.10825117E+01  0.48366216E+01
  0.10925728E+01  0.48146266E+01
  0.11026340E+01  0.47906472E+01
  0.11126952E+01  0.47648490E+01
  0.11227564E+01  0.47373978E+01
  0.11328176E+01  0.47084569E+01
  0.11428787E+01  0.46781849E+01
  0.11529399E+01  0.46467338E+01
  0.11630011E+01  0.46142476E+01
  0.11730623E+01  0.45808608E+01
  0.11831235E+01  0.45466985E+01
  0.11931846E+01  0.45118749E+01
  0.12032458E+01  0.44764941E+01
  0.12133070E+01  0.44406491E+01
  0.12233682E+01  0.44044230E+01
  0.12334294E+01  0.43678885E+01
  0.12434905E+01  0.43311091E+01
  0.12535517E+01  0.42941389E+01
  0.12636129E+01  0.42570239E+01
  0.12736741E+01  0.42198023E+01
  0.12837352E+01  0.41825054E+01
  0.12937964E+01  0.41451583E+01
  0.13038576E+01  0.41077806E+01
  0.13139188E+01  0.40703874E+01
  0.13239800E+01  0.40329898E+01
  0.13340411E+01  0.39955957E+01
  0.13441023E+01  0.39582108E+01
  0.13541635E+01  0.39208389E+01
  0.13642247E+01  0.38834826E+01
  0.13742859E+01  0.38461444E+01
  0.13843470E+01  0.38088264E+01
  0.13944082E+01  0.37749461E+01
  0.14044694E+01  0.37427967E+01
  0.14145306E+01  0.37106356E+01
  0.14245918E+01  0.36784258E+01
  0.14346529E+01  0.36461330E+01
  0.14447141E+01  0.36137272E+01
  0.14547753E+01  0.35811822E+01
  0.14648365E+01  0.35484769E+01
  0.14748977E+01  0.35155952E+01
  0.14849588E+01  0.34825264E+01
  0.14950200E+01  0.34492655E+01
  0.15050812E+01  0.34158129E+01
  0.15151424E+01  0.33821752E+01
  0.15252035E+01  0.33483641E+01
  0.15352647E+01  0.33143972E+01
  0.15453259E+01  0.32802971E+01
  0.15553871E+01  0.32460915E+01
  0.15654483E+01  0.32118126E+01
  0.15755094E+01  0.31774967E+01
  0.15855706E+01  0.31431838E+01
  0.15956318E+01  0.31089173E+01
  0.16056930E+01  0.30747428E+01
  0.16157542E+01  0.30407084E+01
  0.16258153E+01  0.30068634E+01
  0.16358765E+01  0.29732581E+01
  0.16459377E+01  0.29399431E+01
  0.16559989E+01  0.29069687E+01
  0.16660601E+01  0.28743845E+01
  0.16761212E+01  0.28422388E+01
  0.16861824E+01  0.28105781E+01
  0.16962436E+01  0.27794466E+01
  0.17063048E+01  0.27488859E+01
  0.17163660E+01  0.27189348E+01
  0.17264271E+01  0.26896286E+01
  0.17364883E+01  0.26609994E+01
  0.17465495E+01  0.26330754E+01
  0.17566107E+01  0.26058814E+01
  0.17666719E+01  0.25794382E+01
  0.17767330E+01  0.25550790E+01
  0.17867942E+01  0.25340582E+01
  0.17968554E+01  0.25136966E+01
  0.18069166E+01  0.24939779E+01
  0.18169777E+01  0.24748847E+01
  0.18270389E+01  0.24563988E+01
  0.18371001E+01  0.24385012E+01
  0.18471613E+01  0.24211727E+01
  0.18572225E+01  0.24043943E+01
  0.18672836E+01  0.23881473E+01
  0.18773448E+01  0.23724140E+01
  0.18874060E+01  0.23571775E+01
  0.18974672E+01  0.23424225E+01
  0.19075284E+01  0.23281350E+01
  0.19175895E+01  0.23143030E+01
  0.19276507E+01  0.23009166E+01
  0.19377119E+01  0.22879678E+01
  0.19477731E+01  0.22754509E+01
  0.19578343E+01  0.22633626E+01
  0.19678954E+01  0.22517017E+01
  0.19779566E+01  0.22404695E+01
  0.19880178E+01  0.22296692E+01
  0.19980790E+01  0.22193065E+01
  0.20081402E+01  0.22093885E+01
  0.20182013E+01  0.21999246E+01
  0.20282625E+01  0.21909255E+01
  0.20383237E+01  0.21824031E+01
  0.20483849E+01  0.21743707E+01
  0.20584460E+01  0.21668421E+01
  0.20685072E+01  0.21598320E+01
  0.20785684E+01  0.21533551E+01
  0.20886296E+01  0.21474262E+01
  0.20986908E+01  0.21420601E+01
  0.21087519E+01  0.21372708E+01
  0.21188131E+01  0.21330718E+01
  0.21288743E+01  0.21294758E+01
  0.21389355E+01  0.21264942E+01
  0.21489967E+01  0.21241374E+01
  0.21590578E+01  0.21224146E+01
  
  0.00000000E+00  0.70500830E+01
  0.10020222E-01  0.70503068E+01
  0.20040445E-01  0.70509542E+01
  0.30060667E-01  0.70520261E+01
  0.40080889E-01  0.70535235E+01
  0.50101112E-01  0.70554480E+01
  0.60121334E-01  0.70578014E+01
  0.70141556E-01  0.70605858E+01
  0.80161778E-01  0.70638030E+01
  0.90182001E-01  0.70674552E+01
  0.10020222E+00  0.70715439E+01
  0.11022245E+00  0.70760704E+01
  0.12024267E+00  0.70810356E+01
  0.13026289E+00  0.70864394E+01
  0.14028311E+00  0.70922812E+01
  0.15030333E+00  0.70985593E+01
  0.16032356E+00  0.71052711E+01
  0.17034378E+00  0.71124128E+01
  0.18036400E+00  0.71199797E+01
  0.19038422E+00  0.71279658E+01
  0.20040445E+00  0.71363641E+01
  0.21042467E+00  0.71451667E+01
  0.22044489E+00  0.71543644E+01
  0.23046511E+00  0.71639474E+01
  0.24048534E+00  0.71739052E+01
  0.25050556E+00  0.71842267E+01
  0.26052578E+00  0.71949005E+01
  0.27054600E+00  0.72059150E+01
  0.28056622E+00  0.72172588E+01
  0.29058645E+00  0.72289206E+01
  0.30060667E+00  0.72408901E+01
  0.31062689E+00  0.72531573E+01
  0.32064711E+00  0.72657137E+01
  0.33066734E+00  0.72785516E+01
  0.34068756E+00  0.72916654E+01
  0.35070778E+00  0.73050506E+01
  0.36072800E+00  0.73187049E+01
  0.37074823E+00  0.73326278E+01
  0.38076845E+00  0.73468209E+01
  0.39078867E+00  0.73612880E+01
  0.40080889E+00  0.73760349E+01
  0.41082911E+00  0.73910692E+01
  0.42084934E+00  0.74064007E+01
  0.43086956E+00  0.74220409E+01
  0.44088978E+00  0.74380024E+01
  0.45091000E+00  0.74542995E+01
  0.46093023E+00  0.74709468E+01
  0.47095045E+00  0.74879597E+01
  0.48097067E+00  0.75053534E+01
  0.49099089E+00  0.75231423E+01
  0.50101112E+00  0.75413401E+01
  0.51103134E+00  0.75599586E+01
  0.52105156E+00  0.75790075E+01
  0.53107178E+00  0.75984936E+01
  0.54109200E+00  0.76184205E+01
  0.55111223E+00  0.76387879E+01
  0.56113245E+00  0.76595910E+01
  0.57115267E+00  0.76808202E+01
  0.58117289E+00  0.77024608E+01
  0.59119312E+00  0.77244924E+01
  0.60121334E+00  0.77468890E+01
  0.61123356E+00  0.77696185E+01
  0.62125378E+00  0.77926429E+01
  0.63127401E+00  0.78159183E+01
  0.64129423E+00  0.78393949E+01
  0.65131445E+00  0.78630175E+01
  0.66133467E+00  0.78867256E+01
  0.67135489E+00  0.79104540E+01
  0.68137512E+00  0.79341333E+01
  0.69139534E+00  0.79576904E+01
  0.70141556E+00  0.79810491E+01
  0.71143578E+00  0.80041310E+01
  0.72145601E+00  0.80268557E+01
  0.73147623E+00  0.80491418E+01
  0.74149645E+00  0.80709073E+01
  0.75151667E+00  0.80920702E+01
  0.76153690E+00  0.81125486E+01
  0.77155712E+00  0.81322611E+01
  0.78157734E+00  0.81511266E+01
  0.79159756E+00  0.81690641E+01
  0.80161778E+00  0.81859922E+01
  0.81163801E+00  0.82018280E+01
  0.82165823E+00  0.82164860E+01
  0.83167845E+00  0.82298766E+01
  0.84169867E+00  0.82419039E+01
  0.85171890E+00  0.82524643E+01
  0.86173912E+00  0.82614441E+01
  0.87175934E+00  0.82687191E+01
  0.88177956E+00  0.82741555E+01
  0.89179979E+00  0.82776132E+01
  0.90182001E+00  0.82789523E+01
  0.91184023E+00  0.82780370E+01
  0.92186045E+00  0.82747289E+01
  0.93188067E+00  0.82689896E+01
  0.94190090E+00  0.82616138E+01
  0.95192112E+00  0.82542323E+01
  0.96194134E+00  0.82478105E+01
  0.97196156E+00  0.82426791E+01
  0.98198179E+00  0.82389574E+01
  0.99200201E+00  0.82366974E+01
  0.10020222E+01  0.82359268E+01
  0.10120834E+01  0.82350172E+01
  0.10221446E+01  0.82323032E+01
  0.10322058E+01  0.82277958E+01
  0.10422669E+01  0.82215129E+01
  0.10523281E+01  0.82134796E+01
  0.10623893E+01  0.82037276E+01
  0.10724505E+01  0.81922952E+01
  0.10825117E+01  0.81792267E+01
  0.10925728E+01  0.81645723E+01
  0.11026340E+01  0.81483875E+01
  0.11126952E+01  0.81307326E+01
  0.11227564E+01  0.81116725E+01
  0.11328176E+01  0.80912756E+01
  0.11428787E+01  0.80696138E+01
  0.11529399E+01  0.80467616E+01
  0.11630011E+01  0.80227954E+01
  0.11730623E+01  0.79977931E+01
  0.11831235E+01  0.79718335E+01
  0.11931846E+01  0.79449955E+01
  0.12032458E+01  0.79173575E+01
  0.12133070E+01  0.78889970E+01
  0.12233682E+01  0.78599897E+01
  0.12334294E+01  0.78304094E+01
  0.12434905E+01  0.78003271E+01
  0.12535517E+01  0.77698108E+01
  0.12636129E+01  0.77389250E+01
  0.12736741E+01  0.77077303E+01
  0.12837352E+01  0.76762832E+01
  0.12937964E+01  0.76446359E+01
  0.13038576E+01  0.76128361E+01
  0.13139188E+01  0.75809266E+01
  0.13239800E+01  0.75489461E+01
  0.13340411E+01  0.75169283E+01
  0.13441023E+01  0.74849026E+01
  0.13541635E+01  0.74528941E+01
  0.13642247E+01  0.74209241E+01
  0.13742859E+01  0.73890100E+01
  0.13843470E+01  0.73571660E+01
  0.13944082E+01  0.73254035E+01
  0.14044694E+01  0.72937314E+01
  0.14145306E+01  0.72621568E+01
  0.14245918E+01  0.72306854E+01
  0.14346529E+01  0.71993223E+01
  0.14447141E+01  0.71680723E+01
  0.14547753E+01  0.71369403E+01
  0.14648365E+01  0.71059326E+01
  0.14748977E+01  0.70750565E+01
  0.14849588E+01  0.70443215E+01
  0.14950200E+01  0.70137393E+01
  0.15050812E+01  0.69833246E+01
  0.15151424E+01  0.69530949E+01
  0.15252035E+01  0.69230714E+01
  0.15352647E+01  0.68932787E+01
  0.15453259E+01  0.68637451E+01
  0.15553871E+01  0.68345027E+01
  0.15654483E+01  0.68055872E+01
  0.15755094E+01  0.67770379E+01
  0.15855706E+01  0.67488972E+01
  0.15956318E+01  0.67212106E+01
  0.16056930E+01  0.66940262E+01
  0.16157542E+01  0.66673941E+01
  0.16258153E+01  0.66413662E+01
  0.16358765E+01  0.66159952E+01
  0.16459377E+01  0.65913341E+01
  0.16559989E+01  0.65674359E+01
  0.16660601E+01  0.65443523E+01
  0.16761212E+01  0.65221335E+01
  0.16861824E+01  0.65008270E+01
  0.16962436E+01  0.64804775E+01
  0.17063048E+01  0.64611257E+01
  0.17163660E+01  0.64428079E+01
  0.17264271E+01  0.64255554E+01
  0.17364883E+01  0.64093940E+01
  0.17465495E+01  0.63943432E+01
  0.17566107E+01  0.63804165E+01
  0.17666719E+01  0.63676204E+01
  0.17767330E+01  0.63559547E+01
  0.17867942E+01  0.63454119E+01
  0.17968554E+01  0.63359778E+01
  0.18069166E+01  0.63276309E+01
  0.18169777E+01  0.63203434E+01
  0.18270389E+01  0.63140807E+01
  0.18371001E+01  0.63088023E+01
  0.18471613E+01  0.63044622E+01
  0.18572225E+01  0.63010092E+01
  0.18672836E+01  0.62983880E+01
  0.18773448E+01  0.62965395E+01
  0.18874060E+01  0.62954019E+01
  0.18974672E+01  0.62949114E+01
  0.19075284E+01  0.62950028E+01
  0.19175895E+01  0.62956109E+01
  0.19276507E+01  0.62966711E+01
  0.19377119E+01  0.62981200E+01
  0.19477731E+01  0.62998969E+01
  0.19578343E+01  0.63019443E+01
  0.19678954E+01  0.63042085E+01
  0.19779566E+01  0.63066408E+01
  0.19880178E+01  0.63091978E+01
  0.19980790E+01  0.63118423E+01
  0.20081402E+01  0.63145438E+01
  0.20182013E+01  0.63172787E+01
  0.20282625E+01  0.63200311E+01
  0.20383237E+01  0.63227927E+01
  0.20483849E+01  0.63255632E+01
  0.20584460E+01  0.63283505E+01
  0.20685072E+01  0.63311705E+01
  0.20785684E+01  0.63340470E+01
  0.20886296E+01  0.63370118E+01
  0.20986908E+01  0.63401043E+01
  0.21087519E+01  0.63433711E+01
  0.21188131E+01  0.63468657E+01
  0.21288743E+01  0.63506483E+01
  0.21389355E+01  0.63547845E+01
  0.21489967E+01  0.63593458E+01
  0.21590578E+01  0.63644080E+01
  
  0.00000000E+00  0.90812057E+01
  0.10020222E-01  0.90817415E+01
  0.20040445E-01  0.90835976E+01
  0.30060667E-01  0.90867587E+01
  0.40080889E-01  0.90911990E+01
  0.50101112E-01  0.90968817E+01
  0.60121334E-01  0.91037600E+01
  0.70141556E-01  0.91117771E+01
  0.80161778E-01  0.91208669E+01
  0.90182001E-01  0.91309547E+01
  0.10020222E+00  0.91419575E+01
  0.11022245E+00  0.91537851E+01
  0.12024267E+00  0.91663409E+01
  0.13026289E+00  0.91795225E+01
  0.14028311E+00  0.91932227E+01
  0.15030333E+00  0.92073305E+01
  0.16032356E+00  0.92217321E+01
  0.17034378E+00  0.92363115E+01
  0.18036400E+00  0.92509522E+01
  0.19038422E+00  0.92655372E+01
  0.20040445E+00  0.92799508E+01
  0.21042467E+00  0.92940789E+01
  0.22044489E+00  0.93078102E+01
  0.23046511E+00  0.93210369E+01
  0.24048534E+00  0.93336554E+01
  0.25050556E+00  0.93455669E+01
  0.26052578E+00  0.93566785E+01
  0.27054600E+00  0.93669029E+01
  0.28056622E+00  0.93761598E+01
  0.29058645E+00  0.93843752E+01
  0.30060667E+00  0.93914825E+01
  0.31062689E+00  0.93974220E+01
  0.32064711E+00  0.94021409E+01
  0.33066734E+00  0.94055927E+01
  0.34068756E+00  0.94077351E+01
  0.35070778E+00  0.94085256E+01
  0.36072800E+00  0.94079054E+01
  0.37074823E+00  0.94057256E+01
  0.38076845E+00  0.94011890E+01
  0.39078867E+00  0.93911609E+01
  0.40080889E+00  0.93775543E+01
  0.41082911E+00  0.93630845E+01
  0.42084934E+00  0.93481677E+01
  0.43086956E+00  0.93328846E+01
  0.44088978E+00  0.93172562E+01
  0.45091000E+00  0.93012870E+01
  0.46093023E+00  0.92849748E+01
  0.47095045E+00  0.92683144E+01
  0.48097067E+00  0.92512993E+01
  0.49099089E+00  0.92339221E+01
  0.50101112E+00  0.92161750E+01
  0.51103134E+00  0.91980504E+01
  0.52105156E+00  0.91795410E+01
  0.53107178E+00  0.91606401E+01
  0.54109200E+00  0.91413417E+01
  0.55111223E+00  0.91216410E+01
  0.56113245E+00  0.91015344E+01
  0.57115267E+00  0.90810199E+01
  0.58117289E+00  0.90600970E+01
  0.59119312E+00  0.90387673E+01
  0.60121334E+00  0.90170342E+01
  0.61123356E+00  0.89949037E+01
  0.62125378E+00  0.89723838E+01
  0.63127401E+00  0.89494855E+01
  0.64129423E+00  0.89262222E+01
  0.65131445E+00  0.89026104E+01
  0.66133467E+00  0.88786696E+01
  0.67135489E+00  0.88533569E+01
  0.68137512E+00  0.88257593E+01
  0.69139534E+00  0.87981190E+01
  0.70141556E+00  0.87704904E+01
  0.71143578E+00  0.87429284E+01
  0.72145601E+00  0.87154889E+01
  0.73147623E+00  0.86882286E+01
  0.74149645E+00  0.86612054E+01
  0.75151667E+00  0.86344780E+01
  0.76153690E+00  0.86081062E+01
  0.77155712E+00  0.85821507E+01
  0.78157734E+00  0.85566729E+01
  0.79159756E+00  0.85317351E+01
  0.80161778E+00  0.85074001E+01
  0.81163801E+00  0.84837313E+01
  0.82165823E+00  0.84607921E+01
  0.83167845E+00  0.84386461E+01
  0.84169867E+00  0.84173569E+01
  0.85171890E+00  0.83969875E+01
  0.86173912E+00  0.83776009E+01
  0.87175934E+00  0.83592596E+01
  0.88177956E+00  0.83420269E+01
  0.89179979E+00  0.83259675E+01
  0.90182001E+00  0.83111524E+01
  0.91184023E+00  0.82976663E+01
  0.92186045E+00  0.82856162E+01
  0.93188067E+00  0.82750262E+01
  0.94190090E+00  0.82654979E+01
  0.95192112E+00  0.82568544E+01
  0.96194134E+00  0.82494637E+01
  0.97196156E+00  0.82435833E+01
  0.98198179E+00  0.82393328E+01
  0.99200201E+00  0.82367720E+01
  0.10020222E+01  0.82359268E+01
  0.10120834E+01  0.82378150E+01
  0.10221446E+01  0.82434580E+01
  0.10322058E+01  0.82528123E+01
  0.10422669E+01  0.82658139E+01
  0.10523281E+01  0.82823756E+01
  0.10623893E+01  0.83023900E+01
  0.10724505E+01  0.83257326E+01
  0.10825117E+01  0.83522654E+01
  0.10925728E+01  0.83818404E+01
  0.11026340E+01  0.84143027E+01
  0.11126952E+01  0.84494942E+01
  0.11227564E+01  0.84872558E+01
  0.11328176E+01  0.85274299E+01
  0.11428787E+01  0.85698625E+01
  0.11529399E+01  0.86144042E+01
  0.11630011E+01  0.86609117E+01
  0.11730623E+01  0.87092479E+01
  0.11831235E+01  0.87592820E+01
  0.11931846E+01  0.88108895E+01
  0.12032458E+01  0.88639505E+01
  0.12133070E+01  0.89183480E+01
  0.12233682E+01  0.89739642E+01
  0.12334294E+01  0.90306736E+01
  0.12434905E+01  0.90883308E+01
  0.12535517E+01  0.91467500E+01
  0.12636129E+01  0.92056847E+01
  0.12736741E+01  0.92648565E+01
  0.12837352E+01  0.93240826E+01
  0.12937964E+01  0.93833643E+01
  0.13038576E+01  0.94427987E+01
  0.13139188E+01  0.95024732E+01
  0.13239800E+01  0.95624405E+01
  0.13340411E+01  0.96227282E+01
  0.13441023E+01  0.96833501E+01
  0.13541635E+01  0.97443133E+01
  0.13642247E+01  0.98056216E+01
  0.13742859E+01  0.98672776E+01
  0.13843470E+01  0.99292817E+01
  0.13944082E+01  0.99916185E+01
  0.14044694E+01  0.10041180E+02
  0.14145306E+01  0.10025744E+02
  0.14245918E+01  0.10005393E+02
  0.14346529E+01  0.99804316E+01
  0.14447141E+01  0.99509597E+01
  0.14547753E+01  0.99170872E+01
  0.14648365E+01  0.98789406E+01
  0.14748977E+01  0.98366627E+01
  0.14849588E+01  0.97904112E+01
  0.14950200E+01  0.97403574E+01
  0.15050812E+01  0.96866848E+01
  0.15151424E+01  0.96295881E+01
  0.15252035E+01  0.95692710E+01
  0.15352647E+01  0.95059453E+01
  0.15453259E+01  0.94398294E+01
  0.15553871E+01  0.93711468E+01
  0.15654483E+01  0.93001249E+01
  0.15755094E+01  0.92269934E+01
  0.15855706E+01  0.91519835E+01
  0.15956318E+01  0.90753265E+01
  0.16056930E+01  0.89972527E+01
  0.16157542E+01  0.89179901E+01
  0.16258153E+01  0.88377640E+01
  0.16358765E+01  0.87567955E+01
  0.16459377E+01  0.86753010E+01
  0.16559989E+01  0.85934913E+01
  0.16660601E+01  0.85115708E+01
  0.16761212E+01  0.84297371E+01
  0.16861824E+01  0.83481803E+01
  0.16962436E+01  0.82670825E+01
  0.17063048E+01  0.81866171E+01
  0.17163660E+01  0.81069492E+01
  0.17264271E+01  0.80282345E+01
  0.17364883E+01  0.79506195E+01
  0.17465495E+01  0.78742412E+01
  0.17566107E+01  0.77992271E+01
  0.17666719E+01  0.77256951E+01
  0.17767330E+01  0.76537535E+01
  0.17867942E+01  0.75835012E+01
  0.17968554E+01  0.75150278E+01
  0.18069166E+01  0.74484134E+01
  0.18169777E+01  0.73837294E+01
  0.18270389E+01  0.73210382E+01
  0.18371001E+01  0.72603939E+01
  0.18471613E+01  0.72018420E+01
  0.18572225E+01  0.71454204E+01
  0.18672836E+01  0.70911588E+01
  0.18773448E+01  0.70390798E+01
  0.18874060E+01  0.69891984E+01
  0.18974672E+01  0.69415230E+01
  0.19075284E+01  0.68960549E+01
  0.19175895E+01  0.68527889E+01
  0.19276507E+01  0.68117136E+01
  0.19377119E+01  0.67728112E+01
  0.19477731E+01  0.67360578E+01
  0.19578343E+01  0.67014238E+01
  0.19678954E+01  0.66688739E+01
  0.19779566E+01  0.66383669E+01
  0.19880178E+01  0.66098564E+01
  0.19980790E+01  0.65832908E+01
  0.20081402E+01  0.65586133E+01
  0.20182013E+01  0.65357622E+01
  0.20282625E+01  0.65146714E+01
  0.20383237E+01  0.64952704E+01
  0.20483849E+01  0.64774845E+01
  0.20584460E+01  0.64612358E+01
  0.20685072E+01  0.64464427E+01
  0.20785684E+01  0.64330210E+01
  0.20886296E+01  0.64208843E+01
  0.20986908E+01  0.64099442E+01
  0.21087519E+01  0.64001111E+01
  0.21188131E+01  0.63912949E+01
  0.21288743E+01  0.63834052E+01
  0.21389355E+01  0.63763527E+01
  0.21489967E+01  0.63700491E+01
  0.21590578E+01  0.63644080E+01
  
  0.00000000E+00  0.96944828E+01
  0.10020222E-01  0.96941917E+01
  0.20040445E-01  0.96934667E+01
  0.30060667E-01  0.96923091E+01
  0.40080889E-01  0.96907204E+01
  0.50101112E-01  0.96887027E+01
  0.60121334E-01  0.96862580E+01
  0.70141556E-01  0.96833888E+01
  0.80161778E-01  0.96800980E+01
  0.90182001E-01  0.96763883E+01
  0.10020222E+00  0.96722632E+01
  0.11022245E+00  0.96677260E+01
  0.12024267E+00  0.96627805E+01
  0.13026289E+00  0.96574305E+01
  0.14028311E+00  0.96516803E+01
  0.15030333E+00  0.96455341E+01
  0.16032356E+00  0.96389967E+01
  0.17034378E+00  0.96320727E+01
  0.18036400E+00  0.96247674E+01
  0.19038422E+00  0.96170859E+01
  0.20040445E+00  0.96090337E+01
  0.21042467E+00  0.96006165E+01
  0.22044489E+00  0.95918402E+01
  0.23046511E+00  0.95827107E+01
  0.24048534E+00  0.95732341E+01
  0.25050556E+00  0.95634166E+01
  0.26052578E+00  0.95532645E+01
  0.27054600E+00  0.95427839E+01
  0.28056622E+00  0.95319810E+01
  0.29058645E+00  0.95208619E+01
  0.30060667E+00  0.95094325E+01
  0.31062689E+00  0.94976990E+01
  0.32064711E+00  0.94856676E+01
  0.33066734E+00  0.94733456E+01
  0.34068756E+00  0.94607429E+01
  0.35070778E+00  0.94478763E+01
  0.36072800E+00  0.94347858E+01
  0.37074823E+00  0.94216078E+01
  0.38076845E+00  0.94091330E+01
  0.39078867E+00  0.94004952E+01
  0.40080889E+00  0.93937859E+01
  0.41082911E+00  0.93862993E+01
  0.42084934E+00  0.93776330E+01
  0.43086956E+00  0.93677248E+01
  0.44088978E+00  0.93565754E+01
  0.45091000E+00  0.93442060E+01
  0.46093023E+00  0.93306473E+01
  0.47095045E+00  0.93159359E+01
  0.48097067E+00  0.93001122E+01
  0.49099089E+00  0.92832198E+01
  0.50101112E+00  0.92653050E+01
  0.51103134E+00  0.92464154E+01
  0.52105156E+00  0.92266004E+01
  0.53107178E+00  0.92059103E+01
  0.54109200E+00  0.91843964E+01
  0.55111223E+00  0.91621102E+01
  0.56113245E+00  0.91391037E+01
  0.57115267E+00  0.91154290E+01
  0.58117289E+00  0.90911383E+01
  0.59119312E+00  0.90662835E+01
  0.60121334E+00  0.90409165E+01
  0.61123356E+00  0.90150893E+01
  0.62125378E+00  0.89888535E+01
  0.63127401E+00  0.89622607E+01
  0.64129423E+00  0.89353627E+01
  0.65131445E+00  0.89082113E+01
  0.66133467E+00  0.88808586E+01
  0.67135489E+00  0.88544224E+01
  0.68137512E+00  0.88298951E+01
  0.69139534E+00  0.88051169E+01
  0.70141556E+00  0.87801212E+01
  0.71143578E+00  0.87549448E+01
  0.72145601E+00  0.87296286E+01
  0.73147623E+00  0.87042172E+01
  0.74149645E+00  0.86787596E+01
  0.75151667E+00  0.86533087E+01
  0.76153690E+00  0.86279218E+01
  0.77155712E+00  0.86026603E+01
  0.78157734E+00  0.85775897E+01
  0.79159756E+00  0.85527797E+01
  0.80161778E+00  0.85283040E+01
  0.81163801E+00  0.85042400E+01
  0.82165823E+00  0.84806687E+01
  0.83167845E+00  0.84576744E+01
  0.84169867E+00  0.84353440E+01
  0.85171890E+00  0.84137673E+01
  0.86173912E+00  0.83930359E+01
  0.87175934E+00  0.83732437E+01
  0.88177956E+00  0.83544866E+01
  0.89179979E+00  0.83368642E+01
  0.90182001E+00  0.83204840E+01
  0.91184023E+00  0.83054748E+01
  0.92186045E+00  0.82920237E+01
  0.93188067E+00  0.82804242E+01
  0.94190090E+00  0.82707267E+01
  0.95192112E+00  0.82621101E+01
  0.96194134E+00  0.82540343E+01
  0.97196156E+00  0.82467897E+01
  0.98198179E+00  0.82409897E+01
  0.99200201E+00  0.82372312E+01
  0.10020222E+01  0.82359270E+01
  0.10120834E+01  0.82379924E+01
  0.10221446E+01  0.82441404E+01
  0.10322058E+01  0.82543165E+01
  0.10422669E+01  0.82684255E+01
  0.10523281E+01  0.82863400E+01
  0.10623893E+01  0.83079046E+01
  0.10724505E+01  0.83329415E+01
  0.10825117E+01  0.83612557E+01
  0.10925728E+01  0.83926407E+01
  0.11026340E+01  0.84268837E+01
  0.11126952E+01  0.84637706E+01
  0.11227564E+01  0.85030896E+01
  0.11328176E+01  0.85446351E+01
  0.11428787E+01  0.85882103E+01
  0.11529399E+01  0.86336294E+01
  0.11630011E+01  0.86807191E+01
  0.11730623E+01  0.87293197E+01
  0.11831235E+01  0.87792860E+01
  0.11931846E+01  0.88304880E+01
  0.12032458E+01  0.88828118E+01
  0.12133070E+01  0.89361604E+01
  0.12233682E+01  0.89904573E+01
  0.12334294E+01  0.90456513E+01
  0.12434905E+01  0.91017282E+01
  0.12535517E+01  0.91587291E+01
  0.12636129E+01  0.92167698E+01
  0.12736741E+01  0.92760104E+01
  0.12837352E+01  0.93365268E+01
  0.12937964E+01  0.93982202E+01
  0.13038576E+01  0.94609052E+01
  0.13139188E+01  0.95244133E+01
  0.13239800E+01  0.95886181E+01
  0.13340411E+01  0.96534240E+01
  0.13441023E+01  0.97187550E+01
  0.13541635E+01  0.97845465E+01
  0.13642247E+01  0.98507419E+01
  0.13742859E+01  0.99172897E+01
  0.13843470E+01  0.99841419E+01
  0.13944082E+01  0.10050966E+02
  0.14044694E+01  0.10054741E+02
  0.14145306E+01  0.10117580E+02
  0.14245918E+01  0.10181050E+02
  0.14346529E+01  0.10244926E+02
  0.14447141E+01  0.10309212E+02
  0.14547753E+01  0.10373921E+02
  0.14648365E+01  0.10439070E+02
  0.14748977E+01  0.10504680E+02
  0.14849588E+01  0.10570773E+02
  0.14950200E+01  0.10637375E+02
  0.15050812E+01  0.10704513E+02
  0.15151424E+01  0.10772219E+02
  0.15252035E+01  0.10840526E+02
  0.15352647E+01  0.10909469E+02
  0.15453259E+01  0.10979088E+02
  0.15553871E+01  0.11049421E+02
  0.15654483E+01  0.11120512E+02
  0.15755094E+01  0.11192403E+02
  0.15855706E+01  0.11265139E+02
  0.15956318E+01  0.11338764E+02
  0.16056930E+01  0.11413324E+02
  0.16157542E+01  0.11488861E+02
  0.16258153E+01  0.11565419E+02
  0.16358765E+01  0.11643039E+02
  0.16459377E+01  0.11721756E+02
  0.16559989E+01  0.11801606E+02
  0.16660601E+01  0.11882617E+02
  0.16761212E+01  0.11964814E+02
  0.16861824E+01  0.12048214E+02
  0.16962436E+01  0.12132828E+02
  0.17063048E+01  0.12218658E+02
  0.17163660E+01  0.12305700E+02
  0.17264271E+01  0.12393938E+02
  0.17364883E+01  0.12483348E+02
  0.17465495E+01  0.12573892E+02
  0.17566107E+01  0.12665525E+02
  0.17666719E+01  0.12758188E+02
  0.17767330E+01  0.12850159E+02
  0.17867942E+01  0.12939854E+02
  0.17968554E+01  0.13030539E+02
  0.18069166E+01  0.13122131E+02
  0.18169777E+01  0.13214529E+02
  0.18270389E+01  0.13307617E+02
  0.18371001E+01  0.13401265E+02
  0.18471613E+01  0.13495328E+02
  0.18572225E+01  0.13589648E+02
  0.18672836E+01  0.13684054E+02
  0.18773448E+01  0.13778361E+02
  0.18874060E+01  0.13872374E+02
  0.18974672E+01  0.13965886E+02
  0.19075284E+01  0.14058682E+02
  0.19175895E+01  0.14150536E+02
  0.19276507E+01  0.14241217E+02
  0.19377119E+01  0.14330488E+02
  0.19477731E+01  0.14418106E+02
  0.19578343E+01  0.14503828E+02
  0.19678954E+01  0.14587406E+02
  0.19779566E+01  0.14668594E+02
  0.19880178E+01  0.14747147E+02
  0.19980790E+01  0.14822822E+02
  0.20081402E+01  0.14895383E+02
  0.20182013E+01  0.14964596E+02
  0.20282625E+01  0.15030237E+02
  0.20383237E+01  0.15092090E+02
  0.20483849E+01  0.15149949E+02
  0.20584460E+01  0.15203618E+02
  0.20685072E+01  0.15252914E+02
  0.20785684E+01  0.15297669E+02
  0.20886296E+01  0.15337727E+02
  0.20986908E+01  0.15372948E+02
  0.21087519E+01  0.15403209E+02
  0.21188131E+01  0.15428401E+02
  0.21288743E+01  0.15448436E+02
  0.21389355E+01  0.15463242E+02
  0.21489967E+01  0.15472765E+02
  0.21590578E+01  0.15476970E+02
  
  0.00000000E+00  0.13198707E+02
  0.10020222E-01  0.13199102E+02
  0.20040445E-01  0.13200375E+02
  0.30060667E-01  0.13202513E+02
  0.40080889E-01  0.13205494E+02
  0.50101112E-01  0.13209286E+02
  0.60121334E-01  0.13213850E+02
  0.70141556E-01  0.13219135E+02
  0.80161778E-01  0.13225086E+02
  0.90182001E-01  0.13231638E+02
  0.10020222E+00  0.13238717E+02
  0.11022245E+00  0.13246242E+02
  0.12024267E+00  0.13254127E+02
  0.13026289E+00  0.13262277E+02
  0.14028311E+00  0.13270592E+02
  0.15030333E+00  0.13278964E+02
  0.16032356E+00  0.13287280E+02
  0.17034378E+00  0.13295424E+02
  0.18036400E+00  0.13303272E+02
  0.19038422E+00  0.13310697E+02
  0.20040445E+00  0.13317569E+02
  0.21042467E+00  0.13323753E+02
  0.22044489E+00  0.13329111E+02
  0.23046511E+00  0.13333504E+02
  0.24048534E+00  0.13336789E+02
  0.25050556E+00  0.13338824E+02
  0.26052578E+00  0.13339465E+02
  0.27054600E+00  0.13338567E+02
  0.28056622E+00  0.13335989E+02
  0.29058645E+00  0.13331588E+02
  0.30060667E+00  0.13325224E+02
  0.31062689E+00  0.13316761E+02
  0.32064711E+00  0.13306065E+02
  0.33066734E+00  0.13293009E+02
  0.34068756E+00  0.13277469E+02
  0.35070778E+00  0.13259328E+02
  0.36072800E+00  0.13238474E+02
  0.37074823E+00  0.13214806E+02
  0.38076845E+00  0.13188229E+02
  0.39078867E+00  0.13158657E+02
  0.40080889E+00  0.13126014E+02
  0.41082911E+00  0.13090234E+02
  0.42084934E+00  0.13051263E+02
  0.43086956E+00  0.13009057E+02
  0.44088978E+00  0.12963585E+02
  0.45091000E+00  0.12914825E+02
  0.46093023E+00  0.12862772E+02
  0.47095045E+00  0.12807430E+02
  0.48097067E+00  0.12748817E+02
  0.49099089E+00  0.12686964E+02
  0.50101112E+00  0.12621916E+02
  0.51103134E+00  0.12553727E+02
  0.52105156E+00  0.12482468E+02
  0.53107178E+00  0.12408220E+02
  0.54109200E+00  0.12331075E+02
  0.55111223E+00  0.12251138E+02
  0.56113245E+00  0.12168526E+02
  0.57115267E+00  0.12083363E+02
  0.58117289E+00  0.11995787E+02
  0.59119312E+00  0.11905940E+02
  0.60121334E+00  0.11813977E+02
  0.61123356E+00  0.11720058E+02
  0.62125378E+00  0.11624349E+02
  0.63127401E+00  0.11527022E+02
  0.64129423E+00  0.11428254E+02
  0.65131445E+00  0.11328226E+02
  0.66133467E+00  0.11227120E+02
  0.67135489E+00  0.11125122E+02
  0.68137512E+00  0.11022416E+02
  0.69139534E+00  0.10919191E+02
  0.70141556E+00  0.10815633E+02
  0.71143578E+00  0.10711927E+02
  0.72145601E+00  0.10608259E+02
  0.73147623E+00  0.10504815E+02
  0.74149645E+00  0.10401779E+02
  0.75151667E+00  0.10299338E+02
  0.76153690E+00  0.10197679E+02
  0.77155712E+00  0.10096995E+02
  0.78157734E+00  0.99974812E+01
  0.79159756E+00  0.98993440E+01
  0.80161778E+00  0.98027995E+01
  0.81163801E+00  0.97080790E+01
  0.82165823E+00  0.96154331E+01
  0.83167845E+00  0.95251360E+01
  0.84169867E+00  0.94374913E+01
  0.85171890E+00  0.93528364E+01
  0.86173912E+00  0.92715474E+01
  0.87175934E+00  0.91940421E+01
  0.88177956E+00  0.91207795E+01
  0.89179979E+00  0.90522541E+01
  0.90182001E+00  0.89889795E+01
  0.91184023E+00  0.89314607E+01
  0.92186045E+00  0.88801499E+01
  0.93188067E+00  0.88353910E+01
  0.94190090E+00  0.87973638E+01
  0.95192112E+00  0.87660488E+01
  0.96194134E+00  0.87412313E+01
  0.97196156E+00  0.87225542E+01
  0.98198179E+00  0.87096041E+01
  0.99200201E+00  0.87020055E+01
  0.10020222E+01  0.86994999E+01
  0.10120834E+01  0.87021118E+01
  0.10221446E+01  0.87098776E+01
  0.10322058E+01  0.87227259E+01
  0.10422669E+01  0.87405394E+01
  0.10523281E+01  0.87631573E+01
  0.10623893E+01  0.87903783E+01
  0.10724505E+01  0.88219642E+01
  0.10825117E+01  0.88576432E+01
  0.10925728E+01  0.88971146E+01
  0.11026340E+01  0.89400525E+01
  0.11126952E+01  0.89861098E+01
  0.11227564E+01  0.90349220E+01
  0.11328176E+01  0.90861107E+01
  0.11428787E+01  0.91392870E+01
  0.11529399E+01  0.91940545E+01
  0.11630011E+01  0.92500123E+01
  0.11730623E+01  0.93067577E+01
  0.11831235E+01  0.93638885E+01
  0.11931846E+01  0.94210053E+01
  0.12032458E+01  0.94777142E+01
  0.12133070E+01  0.95336283E+01
  0.12233682E+01  0.95883702E+01
  0.12334294E+01  0.96415738E+01
  0.12434905E+01  0.96928860E+01
  0.12535517E+01  0.97419685E+01
  0.12636129E+01  0.97884996E+01
  0.12736741E+01  0.98321754E+01
  0.12837352E+01  0.98727117E+01
  0.12937964E+01  0.99098447E+01
  0.13038576E+01  0.99433325E+01
  0.13139188E+01  0.99729559E+01
  0.13239800E+01  0.99985195E+01
  0.13340411E+01  0.10019852E+02
  0.13441023E+01  0.10036806E+02
  0.13541635E+01  0.10049262E+02
  0.13642247E+01  0.10057122E+02
  0.13742859E+01  0.10060317E+02
  0.13843470E+01  0.10058804E+02
  0.13944082E+01  0.10052872E+02
  0.14044694E+01  0.10118618E+02
  0.14145306E+01  0.10186148E+02
  0.14245918E+01  0.10253840E+02
  0.14346529E+01  0.10321665E+02
  0.14447141E+01  0.10389600E+02
  0.14547753E+01  0.10457629E+02
  0.14648365E+01  0.10525740E+02
  0.14748977E+01  0.10593927E+02
  0.14849588E+01  0.10662190E+02
  0.14950200E+01  0.10730536E+02
  0.15050812E+01  0.10798975E+02
  0.15151424E+01  0.10867528E+02
  0.15252035E+01  0.10936219E+02
  0.15352647E+01  0.11005081E+02
  0.15453259E+01  0.11074150E+02
  0.15553871E+01  0.11143470E+02
  0.15654483E+01  0.11213091E+02
  0.15755094E+01  0.11283067E+02
  0.15855706E+01  0.11353456E+02
  0.15956318E+01  0.11424320E+02
  0.16056930E+01  0.11495726E+02
  0.16157542E+01  0.11567741E+02
  0.16258153E+01  0.11640434E+02
  0.16358765E+01  0.11713874E+02
  0.16459377E+01  0.11788128E+02
  0.16559989E+01  0.11863265E+02
  0.16660601E+01  0.11939346E+02
  0.16761212E+01  0.12016430E+02
  0.16861824E+01  0.12094573E+02
  0.16962436E+01  0.12173819E+02
  0.17063048E+01  0.12254209E+02
  0.17163660E+01  0.12335773E+02
  0.17264271E+01  0.12418532E+02
  0.17364883E+01  0.12502495E+02
  0.17465495E+01  0.12587661E+02
  0.17566107E+01  0.12674014E+02
  0.17666719E+01  0.12761527E+02
  0.17767330E+01  0.12851810E+02
  0.17867942E+01  0.12946308E+02
  0.17968554E+01  0.13041586E+02
  0.18069166E+01  0.13137537E+02
  0.18169777E+01  0.13234038E+02
  0.18270389E+01  0.13330958E+02
  0.18371001E+01  0.13428151E+02
  0.18471613E+01  0.13525458E+02
  0.18572225E+01  0.13622712E+02
  0.18672836E+01  0.13719733E+02
  0.18773448E+01  0.13816331E+02
  0.18874060E+01  0.13912307E+02
  0.18974672E+01  0.14007455E+02
  0.19075284E+01  0.14101560E+02
  0.19175895E+01  0.14194400E+02
  0.19276507E+01  0.14285750E+02
  0.19377119E+01  0.14375378E+02
  0.19477731E+01  0.14463052E+02
  0.19578343E+01  0.14548536E+02
  0.19678954E+01  0.14631595E+02
  0.19779566E+01  0.14711995E+02
  0.19880178E+01  0.14789504E+02
  0.19980790E+01  0.14863894E+02
  0.20081402E+01  0.14934941E+02
  0.20182013E+01  0.15002428E+02
  0.20282625E+01  0.15066146E+02
  0.20383237E+01  0.15125893E+02
  0.20483849E+01  0.15181481E+02
  0.20584460E+01  0.15232728E+02
  0.20685072E+01  0.15279468E+02
  0.20785684E+01  0.15321547E+02
  0.20886296E+01  0.15358825E+02
  0.20986908E+01  0.15391178E+02
  0.21087519E+01  0.15418496E+02
  0.21188131E+01  0.15440689E+02
  0.21288743E+01  0.15457681E+02
  0.21389355E+01  0.15469414E+02
  0.21489967E+01  0.15475851E+02
  0.21590578E+01  0.15476970E+02
  
