# energy grid [eV]  eels components [arbitrary units]
#
    0.200000000    0.000000000    0.000000000    0.000000000
    0.207178631    0.000000000    0.000000000    0.000000000
    0.214357262    0.000000000    0.000000000    0.000000000
    0.221535893    0.000000000    0.000000000    0.000000000
    0.228714524    0.000000000    0.000000000    0.000000000
    0.235893155    0.000000000    0.000000000    0.000000000
    0.243071786    0.000000000    0.000000000    0.000000000
    0.250250417    0.000000000    0.000000000    0.000000000
    0.257429048    0.000000000    0.000000000    0.000000000
    0.264607679    0.000000000    0.000000000    0.000000000
    0.271786311    0.000000000    0.000000000    0.000000000
    0.278964942    0.000000000    0.000000000    0.000000000
    0.286143573    0.000000000    0.000000000    0.000000000
    0.293322204    0.000000000    0.000000000    0.000000000
    0.300500835    0.000000000    0.000000000    0.000000000
    0.307679466    0.000000000    0.000000000    0.000000000
    0.314858097    0.000000000    0.000000000    0.000000000
    0.322036728    0.000000000    0.000000000    0.000000000
    0.329215359    0.000000000    0.000000000    0.000000000
    0.336393990    0.000000000    0.000000000    0.000000000
    0.343572621    0.000000000    0.000000000    0.000000000
    0.350751252    0.000000000    0.000000000    0.000000000
    0.357929883    0.000000000    0.000000000    0.000000000
    0.365108514    0.000000000    0.000000000    0.000000000
    0.372287145    0.000000000    0.000000000    0.000000000
    0.379465776    0.000000000    0.000000000    0.000000000
    0.386644407    0.000000000    0.000000000    0.000000000
    0.393823038    0.000000000    0.000000000    0.000000000
    0.401001669    0.000000000    0.000000000    0.000000000
    0.408180301    0.000000000    0.000000000    0.000000000
    0.415358932    0.000000000    0.000000000    0.000000000
    0.422537563    0.000000000    0.000000000    0.000000000
    0.429716194    0.000000000    0.000000000    0.000000000
    0.436894825    0.000000000    0.000000000    0.000000000
    0.444073456    0.000000000    0.000000000    0.000000000
    0.451252087    0.000000000    0.000000000    0.000000000
    0.458430718    0.000000000    0.000000000    0.000000000
    0.465609349    0.000000000    0.000000000    0.000000000
    0.472787980    0.000000000    0.000000000    0.000000000
    0.479966611    0.000000000    0.000000000    0.000000000
    0.487145242    0.000000000    0.000000000    0.000000000
    0.494323873    0.000000000    0.000000000    0.000000000
    0.501502504    0.000000000    0.000000000    0.000000000
    0.508681135    0.000000000    0.000000000    0.000000000
    0.515859766    0.000000000    0.000000000    0.000000000
    0.523038397    0.000000000    0.000000000    0.000000000
    0.530217028    0.000000000    0.000000000    0.000000000
    0.537395659    0.000000000    0.000000000    0.000000000
    0.544574290    0.000000000    0.000000000    0.000000000
    0.551752922    0.000000000    0.000000000    0.000000000
    0.558931553    0.000000000    0.000000000    0.000000000
    0.566110184    0.000000000    0.000000000    0.000000000
    0.573288815    0.000000000    0.000000000    0.000000000
    0.580467446    0.000000000    0.000000000    0.000000000
    0.587646077    0.000000000    0.000000000    0.000000000
    0.594824708    0.000000000    0.000000000    0.000000000
    0.602003339    0.000000000    0.000000000    0.000000000
    0.609181970    0.000000000    0.000000000    0.000000000
    0.616360601    0.000000000    0.000000000    0.000000000
    0.623539232    0.000000000    0.000000000    0.000000000
    0.630717863    0.000000000    0.000000000    0.000000000
    0.637896494    0.000000000    0.000000000    0.000000000
    0.645075125    0.000000000    0.000000000    0.000000000
    0.652253756    0.000000000    0.000000000    0.000000000
    0.659432387    0.000000000    0.000000000    0.000000000
    0.666611018    0.000000000    0.000000000    0.000000000
    0.673789649    0.000000000    0.000000000    0.000000000
    0.680968280    0.000000000    0.000000000    0.000000000
    0.688146912    0.000000000    0.000000000    0.000000000
    0.695325543    0.000000000    0.000000000    0.000000000
    0.702504174    0.000000000    0.000000000    0.000000000
    0.709682805    0.000000000    0.000000000    0.000000000
    0.716861436    0.000000000    0.000000000    0.000000000
    0.724040067    0.000000000    0.000000000    0.000000000
    0.731218698    0.000000000    0.000000000    0.000000000
    0.738397329    0.000000000    0.000000000    0.000000000
    0.745575960    0.000000000    0.000000000    0.000000000
    0.752754591    0.000000000    0.000000000    0.000000000
    0.759933222    0.000000000    0.000000000    0.000000000
    0.767111853    0.000000000    0.000000000    0.000000000
    0.774290484    0.000000000    0.000000000    0.000000000
    0.781469115    0.000000000    0.000000000    0.000000000
    0.788647746    0.000000000    0.000000000    0.000000000
    0.795826377    0.000000000    0.000000000    0.000000000
    0.803005008    0.000000000    0.000000000    0.000000000
    0.810183639    0.000000000    0.000000000    0.000000000
    0.817362270    0.000000000    0.000000000    0.000000000
    0.824540902    0.000000000    0.000000000    0.000000000
    0.831719533    0.000000000    0.000000000    0.000000000
    0.838898164    0.000000000    0.000000000    0.000000000
    0.846076795    0.000000000    0.000000000    0.000000000
    0.853255426    0.000000000    0.000000000    0.000000000
    0.860434057    0.000000000    0.000000000    0.000000000
    0.867612688    0.000000000    0.000000000    0.000000000
    0.874791319    0.000000000    0.000000000    0.000000000
    0.881969950    0.000000000    0.000000000    0.000000000
    0.889148581    0.000000000    0.000000000    0.000000000
    0.896327212    0.000000000    0.000000000    0.000000000
    0.903505843    0.000000000    0.000000000    0.000000000
    0.910684474    0.000000000    0.000000000    0.000000000
    0.917863105    0.000000000    0.000000000    0.000000000
    0.925041736    0.000000000    0.000000000    0.000000000
    0.932220367    0.000000000    0.000000000    0.000000000
    0.939398998    0.000000000    0.000000000    0.000000000
    0.946577629    0.000000000    0.000000000    0.000000000
    0.953756260    0.000000000    0.000000000    0.000000000
    0.960934891    0.000000000    0.000000000    0.000000000
    0.968113523    0.000000000    0.000000000    0.000000000
    0.975292154    0.000000000    0.000000000    0.000000000
    0.982470785    0.000000000    0.000000000    0.000000000
    0.989649416    0.000000000    0.000000000    0.000000000
    0.996828047    0.000000000    0.000000000    0.000000000
    1.004006678    0.000000000    0.000000000    0.000000000
    1.011185309    0.000000000    0.000000000    0.000000000
    1.018363940    0.000000000    0.000000000    0.000000000
    1.025542571    0.000000000    0.000000000    0.000000000
    1.032721202    0.000000000    0.000000001    0.000000001
    1.039899833    0.000000001    0.000000006    0.000000004
    1.047078464    0.000000007    0.000000030    0.000000019
    1.054257095    0.000000030    0.000000135    0.000000085
    1.061435726    0.000000121    0.000000547    0.000000346
    1.068614357    0.000000436    0.000001975    0.000001252
    1.075792988    0.000001406    0.000006359    0.000004032
    1.082971619    0.000004042    0.000018254    0.000011583
    1.090150250    0.000010362    0.000046717    0.000029668
    1.097328881    0.000023685    0.000106577    0.000067752
    1.104507513    0.000048277    0.000216719    0.000137942
    1.111686144    0.000087744    0.000392749    0.000250372
    1.118864775    0.000142203    0.000634338    0.000405125
    1.126043406    0.000205520    0.000913661    0.000584588
    1.133222037    0.000264997    0.001177266    0.000753485
    1.140400668    0.000305238    0.001369833    0.000871729
    1.147579299    0.000314402    0.001446476    0.000907632
    1.154757930    0.000289081    0.001351418    0.000839952
    1.161936561    0.000238299    0.001106323    0.000689109
    1.169115192    0.000179847    0.000802743    0.000508312
    1.176293823    0.000132411    0.000520172    0.000348165
    1.183472454    0.000110251    0.000303408    0.000241911
    1.190651085    0.000120764    0.000162996    0.000202167
    1.197829716    0.000163585    0.000086599    0.000223937
    1.205008347    0.000229951    0.000053249    0.000289157
    1.212186978    0.000303078    0.000043358    0.000370970
    1.219365609    0.000361853    0.000042780    0.000439829
    1.226544240    0.000387933    0.000043077    0.000471826
    1.233722871    0.000371453    0.000040392    0.000452976
    1.240901503    0.000316314    0.000034181    0.000386169
    1.248080134    0.000239844    0.000025895    0.000292811
    1.255258765    0.000162327    0.000017604    0.000197894
    1.262437396    0.000098874    0.000011053    0.000119305
    1.269616027    0.000056978    0.000007540    0.000064242
    1.276794658    0.000039652    0.000008739    0.000031136
    1.283973289    0.000052200    0.000018365    0.000014265
    1.291151920    0.000109578    0.000044231    0.000007859
    1.298330551    0.000240564    0.000099496    0.000008169
    1.305509182    0.000483672    0.000200944    0.000013618
    1.312687813    0.000870097    0.000362092    0.000023821
    1.319866444    0.001395526    0.000581615    0.000038209
    1.327045075    0.001996224    0.000833175    0.000054891
    1.334223706    0.002557609    0.001067720    0.000070387
    1.341402337    0.002972497    0.001235157    0.000080580
    1.348580968    0.003151961    0.001295031    0.000082449
    1.355759599    0.002951231    0.001202507    0.000075579
    1.362938230    0.002425414    0.000985293    0.000062872
    1.370116861    0.001809267    0.000730743    0.000049637
    1.377295492    0.001311960    0.000518416    0.000041909
    1.384474124    0.001071829    0.000400893    0.000045048
    1.391652755    0.001150298    0.000400289    0.000062612
    1.398831386    0.001531525    0.000509814    0.000095085
    1.406010017    0.002122771    0.000696204    0.000138442
    1.413188648    0.002769486    0.000905099    0.000183693
    1.420367279    0.003314609    0.001077228    0.000218929
    1.427545910    0.003656554    0.001167891    0.000233676
    1.434724541    0.003616500    0.001133157    0.000222586
    1.441903172    0.003100557    0.000965435    0.000188605
    1.449081803    0.002333252    0.000727244    0.000142316
    1.456260434    0.001560623    0.000487671    0.000095738
    1.463439065    0.000931218    0.000291698    0.000057435
    1.470617696    0.000496031    0.000155686    0.000030730
    1.477796327    0.000235855    0.000074141    0.000014663
    1.484974958    0.000100087    0.000031501    0.000006240
    1.492153589    0.000037900    0.000011939    0.000002368
    1.499332220    0.000012804    0.000004037    0.000000802
    1.506510851    0.000003859    0.000001217    0.000000242
    1.513689482    0.000001038    0.000000327    0.000000065
    1.520868114    0.000000249    0.000000079    0.000000016
    1.528046745    0.000000053    0.000000017    0.000000003
    1.535225376    0.000000010    0.000000003    0.000000001
    1.542404007    0.000000002    0.000000001    0.000000000
    1.549582638    0.000000000    0.000000000    0.000000000
    1.556761269    0.000000000    0.000000000    0.000000000
    1.563939900    0.000000000    0.000000000    0.000000000
    1.571118531    0.000000000    0.000000000    0.000000000
    1.578297162    0.000000000    0.000000000    0.000000000
    1.585475793    0.000000000    0.000000000    0.000000000
    1.592654424    0.000000000    0.000000000    0.000000000
    1.599833055    0.000000000    0.000000000    0.000000000
    1.607011686    0.000000001    0.000000001    0.000000002
    1.614190317    0.000000006    0.000000006    0.000000013
    1.621368948    0.000000026    0.000000028    0.000000057
    1.628547579    0.000000107    0.000000112    0.000000233
    1.635726210    0.000000398    0.000000405    0.000000845
    1.642904841    0.000001330    0.000001304    0.000002737
    1.650083472    0.000003992    0.000003751    0.000007936
    1.657262104    0.000010785    0.000009649    0.000020607
    1.664440735    0.000026247    0.000022202    0.000047945
    1.671619366    0.000057579    0.000045721    0.000100045
    1.678797997    0.000113928    0.000084330    0.000187384
    1.685976628    0.000203377    0.000139423    0.000315342
    1.693155259    0.000327576    0.000206835    0.000477384
    1.700333890    0.000476126    0.000275793    0.000651515
    1.707512521    0.000624983    0.000331565    0.000805214
    1.714691152    0.000741621    0.000360206    0.000904252
    1.721869783    0.000795886    0.000352703    0.000919194
    1.729048414    0.000773372    0.000311910    0.000847748
    1.736227045    0.000680270    0.000251300    0.000714784
    1.743405676    0.000551902    0.000189796    0.000569340
    1.750584307    0.000435236    0.000145294    0.000461576
    1.757762938    0.000366929    0.000130542    0.000421476
    1.764941569    0.000363143    0.000152161    0.000451590
    1.772120200    0.000417605    0.000210335    0.000528432
    1.779298831    0.000506752    0.000297903    0.000613055
    1.786477462    0.000599577    0.000399664    0.000667910
    1.793656093    0.000666686    0.000493517    0.000665426
    1.800834725    0.000690660    0.000556742    0.000596761
    1.808013356    0.000680811    0.000576423    0.000487677
    1.815191987    0.000672237    0.000549328    0.000378810
    1.822370618    0.000725250    0.000491816    0.000308299
    1.829549249    0.000913261    0.000438375    0.000305167
    1.836727880    0.001292179    0.000419739    0.000388322
    1.843906511    0.001867641    0.000450504    0.000568822
    1.851085142    0.002575316    0.000525484    0.000851050
    1.858263773    0.003299482    0.000623721    0.001229961
    1.865442404    0.003961801    0.000722178    0.001690991
    1.872621035    0.004539012    0.000809862    0.002209732
    1.879799666    0.004852841    0.000884790    0.002717967
    1.886978297    0.004901173    0.000958191    0.003131106
    1.894156928    0.004922686    0.001052616    0.003445187
    1.901335559    0.005032589    0.001178561    0.003613644
    1.908514190    0.005188220    0.001328039    0.003486288
    1.915692821    0.005351465    0.001481716    0.003150658
    1.922871452    0.005324588    0.001593056    0.002731092
    1.930050083    0.004798458    0.001622966    0.002278050
    1.937228715    0.003897100    0.001585453    0.001862030
    1.944407346    0.002880955    0.001507311    0.001515874
    1.951585977    0.001997041    0.001393818    0.001226620
    1.958764608    0.001390842    0.001259980    0.000996944
    1.965943239    0.001093722    0.001133199    0.000846921
    1.973121870    0.001056735    0.001020544    0.000781124
    1.980300501    0.001183423    0.000909619    0.000781443
    1.987479132    0.001359271    0.000774456    0.000809391
    1.994657763    0.001487674    0.000614478    0.000823640
    2.001836394    0.001505715    0.000451522    0.000793317
    2.009015025    0.001370601    0.000306704    0.000699342
    2.016193656    0.001120884    0.000195472    0.000559393
    2.023372287    0.000856172    0.000125241    0.000416618
    2.030550918    0.000671060    0.000097322    0.000312233
    2.037729549    0.000631430    0.000110790    0.000274848
    2.044908180    0.000763540    0.000163547    0.000315985
    2.052086811    0.001047832    0.000249595    0.000428050
    2.059265442    0.001419515    0.000355183    0.000584095
    2.066444073    0.001786699    0.000458754    0.000742880
    2.073622705    0.002071884    0.000537898    0.000863142
    2.080801336    0.002217587    0.000576380    0.000914498
    2.087979967    0.002157066    0.000564472    0.000874083
    2.095158598    0.001935182    0.000512169    0.000755711
    2.102337229    0.001674319    0.000444910    0.000606747
    2.109515860    0.001465733    0.000384073    0.000469676
    2.116694491    0.001348030    0.000339837    0.000368019
    2.123873122    0.001311033    0.000311638    0.000306632
    2.131051753    0.001326667    0.000295082    0.000280022
    2.138230384    0.001384002    0.000288392    0.000280306
    2.145409015    0.001482198    0.000292998    0.000299608
    2.152587646    0.001607005    0.000311904    0.000329194
    2.159766277    0.001740120    0.000348795    0.000359399
    2.166944908    0.001867846    0.000405777    0.000380896
    2.174123539    0.001965064    0.000479880    0.000385303
    2.181302170    0.001996820    0.000560874    0.000367942
    2.188480801    0.001918475    0.000629270    0.000330448
    2.195659432    0.001730005    0.000665542    0.000280679
    2.202838063    0.001473064    0.000659137    0.000229885
    2.210016694    0.001176592    0.000602819    0.000189889
    2.217195326    0.000874638    0.000501225    0.000173899
    2.224373957    0.000614368    0.000382753    0.000196531
    2.231552588    0.000432407    0.000278719    0.000271952
    2.238731219    0.000352401    0.000210862    0.000410388
    2.245909850    0.000387191    0.000188548    0.000613020
    2.253088481    0.000537546    0.000210033    0.000867768
    2.260267112    0.000787282    0.000265707    0.001148042
    2.267445743    0.001098564    0.000340915    0.001404868
    2.274624374    0.001416871    0.000419019    0.001582585
    2.281803005    0.001687587    0.000485691    0.001660708
    2.288981636    0.001851428    0.000528784    0.001607947
    2.296160267    0.001858545    0.000542799    0.001408224
    2.303338898    0.001722763    0.000537130    0.001136408
    2.310517529    0.001498907    0.000528856    0.000878224
    2.317696160    0.001256146    0.000537592    0.000688522
    2.324874791    0.001076792    0.000583158    0.000590589
    2.332053422    0.001021288    0.000674847    0.000581878
    2.339232053    0.001119238    0.000804972    0.000643701
    2.346410684    0.001371411    0.000954712    0.000749887
    2.353589316    0.001757283    0.001110440    0.000874972
    2.360767947    0.002235343    0.001254205    0.000992955
    2.367946578    0.002752026    0.001364230    0.001081219
    2.375125209    0.003244571    0.001448441    0.001127818
    2.382303840    0.003589105    0.001506272    0.001122014
    2.389482471    0.003741302    0.001535628    0.001070650
    2.396661102    0.003718471    0.001535544    0.000989397
    2.403839733    0.003398725    0.001471517    0.000880210
    2.411018364    0.002816306    0.001333005    0.000750235
    2.418196995    0.002162239    0.001139663    0.000613251
    2.425375626    0.001566908    0.000918583    0.000485349
    2.432554257    0.001121281    0.000720200    0.000393532
    2.439732888    0.000870482    0.000584707    0.000365646
    2.446911519    0.000812058    0.000523934    0.000420643
    2.454090150    0.000912519    0.000527072    0.000561193
    2.461268781    0.001116307    0.000571138    0.000767616
    2.468447412    0.001352308    0.000628908    0.000999277
    2.475626043    0.001554366    0.000678112    0.001209991
    2.482804674    0.001674996    0.000712151    0.001365923
    2.489983306    0.001671912    0.000731446    0.001430432
    2.497161937    0.001531529    0.000735423    0.001370397
    2.504340568    0.001313300    0.000727526    0.001223820
    2.511519199    0.001089780    0.000712046    0.001047485
    2.518697830    0.000916409    0.000694825    0.000877790
    2.525876461    0.000826667    0.000679802    0.000729849
    2.533055092    0.000828799    0.000675102    0.000618456
    2.540233723    0.000914245    0.000701290    0.000570778
    2.547412354    0.001064250    0.000773529    0.000611158
    2.554590985    0.001261563    0.000893859    0.000748695
    2.561769616    0.001495350    0.001050043    0.000969041
    2.568948247    0.001738068    0.001207763    0.001232735
    2.576126878    0.001971806    0.001336798    0.001487553
    2.583305509    0.002196857    0.001413894    0.001683971
    2.590484140    0.002413461    0.001419575    0.001775616
    2.597662771    0.002610756    0.001350575    0.001729400
    2.604841402    0.002728752    0.001206436    0.001551066
    2.612020033    0.002733967    0.001015603    0.001311882
    2.619198664    0.002688984    0.000833063    0.001105545
    2.626377295    0.002653774    0.000693002    0.000982224
    2.633555927    0.002608401    0.000605078    0.000945130
    2.640734558    0.002527161    0.000568313    0.000973364
    2.647913189    0.002450925    0.000570853    0.001034398
    2.655091820    0.002397261    0.000592337    0.001095766
    2.662270451    0.002355348    0.000614094    0.001122921
    2.669449082    0.002314705    0.000626694    0.001095823
    2.676627713    0.002257993    0.000622686    0.001034021
    2.683806344    0.002224579    0.000607297    0.000969613
    2.690984975    0.002289051    0.000595514    0.000943051
    2.698163606    0.002472949    0.000598761    0.000987172
    2.705342237    0.002725859    0.000621018    0.001117160
    2.712520868    0.002989489    0.000661615    0.001327113
    2.719699499    0.003249486    0.000723816    0.001594177
    2.726878130    0.003472046    0.000808535    0.001880507
    2.734056761    0.003560946    0.000911764    0.002180562
    2.741235392    0.003620174    0.001042874    0.002518816
    2.748414023    0.003854030    0.001226963    0.002840487
    2.755592654    0.004393683    0.001489305    0.003172987
    2.762771285    0.005324714    0.001852284    0.003626003
    2.769949917    0.006685936    0.002341692    0.004279549
    2.777128548    0.008410410    0.002961016    0.005199537
    2.784307179    0.010548190    0.003708036    0.006438285
    2.791485810    0.012547405    0.004421910    0.007597826
    2.798664441    0.014183351    0.005017978    0.008726116
    2.805843072    0.017648405    0.005934395    0.011798486
    2.813021703    0.022968073    0.007020257    0.017559933
    2.820200334    0.023038588    0.006857196    0.019134329
    2.827378965    0.018518088    0.005768486    0.016325868
    2.834557596    0.013842462    0.004702471    0.013758367
    2.841736227    0.010516508    0.004020742    0.012550198
    2.848914858    0.008575143    0.003756573    0.012388834
    2.856093489    0.007534341    0.003692633    0.012725417
    2.863272120    0.007069468    0.003722298    0.013685666
    2.870450751    0.007037118    0.003843881    0.015081355
    2.877629382    0.007258117    0.003966304    0.015763431
    2.884808013    0.007887769    0.004256500    0.019058743
    2.891986644    0.009084951    0.004878372    0.030429874
    2.899165275    0.010133424    0.005476521    0.040278544
    2.906343907    0.010777669    0.005864597    0.038432435
    2.913522538    0.011347457    0.006191962    0.031832156
    2.920701169    0.012305663    0.006789509    0.027523186
    2.927879800    0.015018977    0.008665352    0.030854884
    2.935058431    0.018276568    0.011260837    0.039824832
    2.942237062    0.016962705    0.010723564    0.038710396
    2.949415693    0.012978914    0.008127346    0.028059822
    2.956594324    0.009589732    0.005885270    0.018203972
    2.963772955    0.007910985    0.004728750    0.012586765
    2.970951586    0.007961826    0.004608350    0.010400783
    2.978130217    0.009189403    0.005174503    0.010334006
    2.985308848    0.010793009    0.005944098    0.010850560
    2.992487479    0.012443318    0.006724725    0.011242840
    2.999666110    0.015357893    0.008326389    0.012440696
    3.006844741    0.023251311    0.013159551    0.016741893
    3.014023372    0.035953386    0.021371349    0.024585097
    3.021202003    0.039300645    0.023954674    0.026259320
    3.028380634    0.030773880    0.019061309    0.019865049
    3.035559265    0.020432827    0.013037853    0.013275951
    3.042737896    0.013411459    0.009170176    0.009435643
    3.049916528    0.010032664    0.007519709    0.007973667
    3.057095159    0.009187694    0.007296148    0.007916011
    3.064273790    0.009690839    0.007909481    0.008499458
    3.071452421    0.010747634    0.008645715    0.009253410
    3.078631052    0.012582279    0.009767224    0.010806791
    3.085809683    0.016000740    0.012395149    0.014843526
    3.092988314    0.019016258    0.014907348    0.019375656
    3.100166945    0.019809153    0.015039965    0.019619617
    3.107345576    0.019751384    0.014181134    0.018450962
    3.114524207    0.018041708    0.012228750    0.018549326
    3.121702838    0.016003562    0.010133849    0.018875995
    3.128881469    0.014933884    0.008978633    0.018263380
    3.136060100    0.013792070    0.008430345    0.018370974
    3.143238731    0.012135307    0.007626103    0.018777129
    3.150417362    0.010644590    0.006873579    0.020465658
    3.157595993    0.009774481    0.006347584    0.024265497
    3.164774624    0.009631196    0.005733684    0.024095838
    3.171953255    0.009329001    0.004989853    0.021261782
    3.179131886    0.008011835    0.004236311    0.019138675
    3.186310518    0.006506136    0.003705691    0.017094581
    3.193489149    0.005541630    0.003495391    0.016046075
    3.200667780    0.005284670    0.003533053    0.017906036
    3.207846411    0.005684386    0.003729532    0.021601030
    3.215025042    0.006602168    0.004068523    0.024381770
    3.222203673    0.007912999    0.004670826    0.031630403
    3.229382304    0.009315755    0.005373002    0.044134077
    3.236560935    0.010512967    0.005515478    0.051980201
    3.243739566    0.012793228    0.005349120    0.054725008
    3.250918197    0.017553356    0.005195339    0.048828186
    3.258096828    0.020527095    0.005204750    0.041293957
    3.265275459    0.020076677    0.005746495    0.038825484
    3.272454090    0.018923363    0.006468005    0.035279436
    3.279632721    0.018826905    0.006571786    0.028614618
    3.286811352    0.022901465    0.006366852    0.022920749
    3.293989983    0.029504120    0.006305797    0.019965917
    3.301168614    0.030221651    0.007017030    0.021255422
    3.308347245    0.029238085    0.009930903    0.031610045
    3.315525876    0.032411813    0.014679918    0.048791988
    3.322704508    0.041971666    0.016659009    0.057270671
    3.329883139    0.047181862    0.014930507    0.057669982
    3.337061770    0.041831294    0.012525549    0.051336577
    3.344240401    0.035305878    0.011508284    0.044260893
    3.351419032    0.034629830    0.012966862    0.041168840
    3.358597663    0.047342265    0.016089764    0.040075810
    3.365776294    0.072536061    0.018386374    0.040138174
    3.372954925    0.087221127    0.022429463    0.048587215
    3.380133556    0.094746868    0.027188088    0.063544295
    3.387312187    0.096716794    0.031332767    0.072225662
    3.394490818    0.092629901    0.037678876    0.079078112
    3.401669449    0.071228529    0.048368744    0.078046013
    3.408848080    0.048817525    0.062688387    0.064954937
    3.416026711    0.037049800    0.073296960    0.050098708
    3.423205342    0.032522063    0.067234193    0.035573114
    3.430383973    0.031648249    0.044175569    0.024930805
    3.437562604    0.028428383    0.026435206    0.018244504
    3.444741235    0.023703410    0.017833967    0.014366582
    3.451919866    0.020869248    0.014215221    0.012355039
    3.459098497    0.018805606    0.011948295    0.010730373
    3.466277129    0.016197116    0.009589278    0.008712465
    3.473455760    0.013978278    0.007613091    0.006976418
    3.480634391    0.012732092    0.006269249    0.005859692
    3.487813022    0.012925298    0.005693138    0.005366658
    3.494991653    0.014176135    0.005710661    0.005318609
    3.502170284    0.014322530    0.005550481    0.005203052
    3.509348915    0.013295150    0.005126838    0.004911043
    3.516527546    0.012607443    0.004892545    0.004741979
    3.523706177    0.012648299    0.004936291    0.004758358
    3.530884808    0.012776810    0.005102428    0.004846799
    3.538063439    0.012644498    0.005501154    0.004987051
    3.545242070    0.012524715    0.005905624    0.005170821
    3.552420701    0.012584136    0.006011208    0.005350986
    3.559599332    0.013008245    0.006182819    0.005574076
    3.566777963    0.013248876    0.006311278    0.005678298
    3.573956594    0.012801914    0.005936285    0.005560077
    3.581135225    0.011534780    0.005234305    0.005270225
    3.588313856    0.009571134    0.004489705    0.004633735
    3.595492487    0.007477052    0.003929181    0.003860762
    3.602671119    0.005973122    0.003679514    0.003337113
    3.609849750    0.005126342    0.003685521    0.003126672
    3.617028381    0.004666112    0.003917627    0.003162954
    3.624207012    0.004476493    0.004616491    0.003456318
    3.631385643    0.004491183    0.005804950    0.003966738
    3.638564274    0.004619304    0.006400897    0.004503054
    3.645742905    0.004871716    0.006637479    0.004995282
    3.652921536    0.005225221    0.006949353    0.005401310
    3.660100167    0.005672179    0.007157218    0.005908771
    3.667278798    0.006206868    0.008799114    0.007890177
    3.674457429    0.006796646    0.013076241    0.012762810
    3.681636060    0.007580640    0.015289554    0.015749663
    3.688814691    0.008983454    0.013594738    0.015268438
    3.695993322    0.010568373    0.011025779    0.013909650
    3.703171953    0.011241273    0.008748620    0.012138611
    3.710350584    0.012394421    0.007083317    0.010731528
    3.717529215    0.015102365    0.006488624    0.010213985
    3.724707846    0.018746439    0.007228963    0.010536073
    3.731886477    0.020801168    0.008654114    0.011003605
    3.739065109    0.020158102    0.009652860    0.011463344
    3.746243740    0.019526066    0.010181257    0.012427737
    3.753422371    0.021144210    0.011248156    0.014020073
    3.760601002    0.024048995    0.013199361    0.014520618
    3.767779633    0.023099245    0.014698660    0.014601873
    3.774958264    0.020053103    0.015735265    0.015909669
    3.782136895    0.018505811    0.016183968    0.017991313
    3.789315526    0.017410118    0.016242193    0.020094193
    3.796494157    0.015961690    0.016816410    0.021515474
    3.803672788    0.016316671    0.017491464    0.023547873
    3.810851419    0.018513405    0.018438069    0.024888922
    3.818030050    0.020371712    0.019620896    0.024112700
    3.825208681    0.019604104    0.019919367    0.023505124
    3.832387312    0.016820705    0.018004589    0.025789751
    3.839565943    0.015270913    0.015034922    0.027735994
    3.846744574    0.016648938    0.013666840    0.027251392
    3.853923205    0.019428171    0.013206411    0.025282177
    3.861101836    0.020762701    0.012565652    0.023069342
    3.868280467    0.023165691    0.012335178    0.021644260
    3.875459098    0.027112099    0.012498766    0.020497134
    3.882637730    0.027883740    0.012699427    0.018201026
    3.889816361    0.025047729    0.012178921    0.014479714
    3.896994992    0.020692843    0.012087862    0.012511046
    3.904173623    0.016881799    0.012854499    0.011260648
    3.911352254    0.014337816    0.013458740    0.010009041
    3.918530885    0.013146791    0.013383434    0.009462168
    3.925709516    0.013953265    0.012655337    0.008662457
    3.932888147    0.015279602    0.011723049    0.007599673
    3.940066778    0.015906888    0.010388276    0.007027607
    3.947245409    0.014142696    0.008057758    0.006766459
    3.954424040    0.012180820    0.006567017    0.006552031
    3.961602671    0.012380222    0.006243455    0.006785206
    3.968781302    0.013563751    0.006353034    0.007651592
    3.975959933    0.015576125    0.006956426    0.009185749
    3.983138564    0.018568221    0.008025636    0.011114684
    3.990317195    0.022732811    0.009343531    0.012285072
    3.997495826    0.025961132    0.010190574    0.011328498
    4.004674457    0.022803221    0.008846938    0.009952889
    4.011853088    0.016579633    0.006699057    0.009736211
    4.019031720    0.013500811    0.005585832    0.009921132
    4.026210351    0.012374739    0.005051245    0.009942530
    4.033388982    0.012631134    0.004935888    0.009798846
    4.040567613    0.013843879    0.005130128    0.009564908
    4.047746244    0.016516702    0.005798578    0.009655755
    4.054924875    0.020682578    0.006862789    0.009617081
    4.062103506    0.024633916    0.007490097    0.009604217
    4.069282137    0.025618041    0.006991965    0.010303367
    4.076460768    0.025385563    0.006380623    0.012006506
    4.083639399    0.027859772    0.006402153    0.015109757
    4.090818030    0.033127802    0.007109997    0.019248219
    4.097996661    0.035548393    0.007792898    0.021002024
    4.105175292    0.029551197    0.007505025    0.017467166
    4.112353923    0.021042062    0.006698329    0.013850307
    4.119532554    0.018140015    0.006597246    0.012465877
    4.126711185    0.019057200    0.007172894    0.012059942
    4.133889816    0.021246182    0.007509824    0.011865003
    4.141068447    0.022768187    0.006869600    0.011635593
    4.148247078    0.024129391    0.006492943    0.011344176
    4.155425710    0.024766204    0.006672974    0.011355256
    4.162604341    0.024771380    0.007093649    0.012326688
    4.169782972    0.026625404    0.007989882    0.014556952
    4.176961603    0.031681958    0.009151371    0.017345624
    4.184140234    0.035373133    0.009358220    0.019229606
    4.191318865    0.032208251    0.008280455    0.020594854
    4.198497496    0.025554312    0.006898717    0.022227346
    4.205676127    0.019786260    0.005578921    0.023719022
    4.212854758    0.017697476    0.004737498    0.026515478
    4.220033389    0.018302084    0.004316419    0.032872657
    4.227212020    0.019990886    0.004010010    0.042321703
    4.234390651    0.021049932    0.003681284    0.051594285
    4.241569282    0.019879279    0.003302626    0.055913983
    4.248747913    0.018331585    0.002965921    0.057405839
    4.255926544    0.018244991    0.002697039    0.062488336
    4.263105175    0.018289938    0.002426977    0.070055614
    4.270283806    0.017495909    0.002194514    0.073332727
    4.277462437    0.016805416    0.002025919    0.078749569
    4.284641068    0.017770158    0.001936733    0.105165562
    4.291819699    0.020760683    0.001937975    0.163578611
    4.298998331    0.025919293    0.002032675    0.243606446
    4.306176962    0.033244242    0.002221352    0.312165171
    4.313355593    0.040633525    0.002506599    0.336682209
    4.320534224    0.046648845    0.002882541    0.299212301
    4.327712855    0.056069757    0.003330685    0.236767780
    4.334891486    0.071025589    0.003805869    0.187762648
    4.342070117    0.092109266    0.004326806    0.152979807
    4.349248748    0.127914088    0.004873368    0.121488107
    4.356427379    0.172392310    0.005329912    0.089751074
    4.363606010    0.195711342    0.005732060    0.066433001
    4.370784641    0.192371087    0.006407193    0.051841911
    4.377963272    0.171547098    0.007349793    0.044654129
    4.385141903    0.151995415    0.008373282    0.043854992
    4.392320534    0.138694357    0.009358001    0.050085789
    4.399499165    0.127135598    0.010441109    0.055339865
    4.406677796    0.117977877    0.011590039    0.051900621
    4.413856427    0.113704254    0.012295259    0.044969745
    4.421035058    0.101643526    0.011898355    0.040807597
    4.428213689    0.087930592    0.010361923    0.041717376
    4.435392321    0.076937056    0.008820691    0.042281359
    4.442570952    0.067446913    0.007983245    0.039940060
    4.449749583    0.059862330    0.007515399    0.038322346
    4.456928214    0.055324210    0.007204697    0.037582004
    4.464106845    0.049442730    0.007145474    0.035150630
    4.471285476    0.037398982    0.007211246    0.029255786
    4.478464107    0.032362409    0.007050935    0.026382696
    4.485642738    0.031761424    0.006791129    0.024907040
    4.492821369    0.034941488    0.006870637    0.026596511
    4.500000000    0.040742739    0.007363537    0.031503899
