# energy grid [eV]  eels components [arbitrary units]
#
    0.200000000    0.000000000    0.000000000    0.000000000
    0.207178631    0.000000000    0.000000000    0.000000000
    0.214357262    0.000000000    0.000000000    0.000000000
    0.221535893    0.000000000    0.000000000    0.000000000
    0.228714524    0.000000000    0.000000000    0.000000000
    0.235893155    0.000000000    0.000000000    0.000000000
    0.243071786    0.000000000    0.000000000    0.000000000
    0.250250417    0.000000000    0.000000000    0.000000000
    0.257429048    0.000000000    0.000000000    0.000000000
    0.264607679    0.000000000    0.000000000    0.000000000
    0.271786311    0.000000000    0.000000000    0.000000000
    0.278964942    0.000000000    0.000000000    0.000000000
    0.286143573    0.000000000    0.000000000    0.000000000
    0.293322204    0.000000000    0.000000000    0.000000000
    0.300500835    0.000000000    0.000000000    0.000000000
    0.307679466    0.000000000    0.000000000    0.000000000
    0.314858097    0.000000000    0.000000000    0.000000000
    0.322036728    0.000000000    0.000000000    0.000000000
    0.329215359    0.000000000    0.000000000    0.000000000
    0.336393990    0.000000000    0.000000000    0.000000000
    0.343572621    0.000000000    0.000000000    0.000000000
    0.350751252    0.000000000    0.000000000    0.000000000
    0.357929883    0.000000000    0.000000000    0.000000000
    0.365108514    0.000000000    0.000000000    0.000000000
    0.372287145    0.000000000    0.000000000    0.000000000
    0.379465776    0.000000000    0.000000000    0.000000000
    0.386644407    0.000000000    0.000000000    0.000000000
    0.393823038    0.000000000    0.000000000    0.000000000
    0.401001669    0.000000000    0.000000000    0.000000000
    0.408180301    0.000000000    0.000000000    0.000000000
    0.415358932    0.000000000    0.000000000    0.000000000
    0.422537563    0.000000000    0.000000000    0.000000000
    0.429716194    0.000000000    0.000000000    0.000000000
    0.436894825    0.000000000    0.000000000    0.000000000
    0.444073456    0.000000000    0.000000000    0.000000000
    0.451252087    0.000000000    0.000000000    0.000000000
    0.458430718    0.000000000    0.000000000    0.000000000
    0.465609349    0.000000000    0.000000000    0.000000000
    0.472787980    0.000000000    0.000000000    0.000000000
    0.479966611    0.000000000    0.000000000    0.000000000
    0.487145242    0.000000000    0.000000000    0.000000000
    0.494323873    0.000000000    0.000000000    0.000000000
    0.501502504    0.000000000    0.000000000    0.000000000
    0.508681135    0.000000000    0.000000000    0.000000000
    0.515859766    0.000000000    0.000000000    0.000000000
    0.523038397    0.000000000    0.000000000    0.000000000
    0.530217028    0.000000000    0.000000000    0.000000000
    0.537395659    0.000000000    0.000000000    0.000000000
    0.544574290    0.000000000    0.000000000    0.000000000
    0.551752922    0.000000000    0.000000000    0.000000000
    0.558931553    0.000000000    0.000000000    0.000000000
    0.566110184    0.000000000    0.000000000    0.000000000
    0.573288815    0.000000000    0.000000000    0.000000000
    0.580467446    0.000000000    0.000000000    0.000000000
    0.587646077    0.000000000    0.000000000    0.000000000
    0.594824708    0.000000000    0.000000000    0.000000000
    0.602003339    0.000000000    0.000000000    0.000000000
    0.609181970    0.000000000    0.000000000    0.000000000
    0.616360601    0.000000000    0.000000000    0.000000000
    0.623539232    0.000000000    0.000000000    0.000000000
    0.630717863    0.000000000    0.000000000    0.000000000
    0.637896494    0.000000000    0.000000000    0.000000000
    0.645075125    0.000000000    0.000000000    0.000000000
    0.652253756    0.000000000    0.000000000    0.000000000
    0.659432387    0.000000000    0.000000000    0.000000000
    0.666611018    0.000000000    0.000000000    0.000000000
    0.673789649    0.000000000    0.000000000    0.000000000
    0.680968280    0.000000000    0.000000000    0.000000000
    0.688146912    0.000000000    0.000000000    0.000000000
    0.695325543    0.000000000    0.000000000    0.000000000
    0.702504174    0.000000000    0.000000000    0.000000000
    0.709682805    0.000000000    0.000000000    0.000000000
    0.716861436    0.000000000    0.000000000    0.000000000
    0.724040067    0.000000000    0.000000000    0.000000000
    0.731218698    0.000000000    0.000000000    0.000000000
    0.738397329    0.000000000    0.000000000    0.000000000
    0.745575960    0.000000000    0.000000000    0.000000000
    0.752754591    0.000000000    0.000000000    0.000000000
    0.759933222    0.000000000    0.000000000    0.000000000
    0.767111853    0.000000000    0.000000000    0.000000000
    0.774290484    0.000000000    0.000000000    0.000000000
    0.781469115    0.000000000    0.000000000    0.000000000
    0.788647746    0.000000000    0.000000000    0.000000000
    0.795826377    0.000000000    0.000000000    0.000000000
    0.803005008    0.000000000    0.000000000    0.000000000
    0.810183639    0.000000000    0.000000000    0.000000000
    0.817362270    0.000000000    0.000000000    0.000000000
    0.824540902    0.000000000    0.000000000    0.000000000
    0.831719533    0.000000000    0.000000000    0.000000000
    0.838898164    0.000000000    0.000000000    0.000000000
    0.846076795    0.000000000    0.000000000    0.000000000
    0.853255426    0.000000000    0.000000000    0.000000000
    0.860434057    0.000000000    0.000000000    0.000000000
    0.867612688    0.000000000    0.000000000    0.000000000
    0.874791319    0.000000000    0.000000000    0.000000000
    0.881969950    0.000000000    0.000000000    0.000000000
    0.889148581    0.000000000    0.000000000    0.000000000
    0.896327212    0.000000000    0.000000000    0.000000000
    0.903505843    0.000000000    0.000000000    0.000000000
    0.910684474    0.000000000    0.000000000    0.000000000
    0.917863105    0.000000000    0.000000000    0.000000000
    0.925041736    0.000000000    0.000000000    0.000000000
    0.932220367    0.000000000    0.000000000    0.000000000
    0.939398998    0.000000000    0.000000000    0.000000000
    0.946577629    0.000000000    0.000000000    0.000000000
    0.953756260    0.000000000    0.000000000    0.000000000
    0.960934891    0.000000000    0.000000000    0.000000000
    0.968113523    0.000000000    0.000000000    0.000000000
    0.975292154    0.000000000    0.000000000    0.000000000
    0.982470785    0.000000000    0.000000000    0.000000000
    0.989649416    0.000000000    0.000000000    0.000000000
    0.996828047    0.000000000    0.000000000    0.000000000
    1.004006678    0.000000000    0.000000000    0.000000000
    1.011185309    0.000000000    0.000000000    0.000000000
    1.018363940    0.000000000    0.000000000    0.000000000
    1.025542571    0.000000000    0.000000000    0.000000000
    1.032721202    0.000000000    0.000000000    0.000000000
    1.039899833    0.000000000    0.000000000    0.000000000
    1.047078464    0.000000000    0.000000000    0.000000000
    1.054257095    0.000000000    0.000000000    0.000000000
    1.061435726    0.000000000    0.000000000    0.000000000
    1.068614357    0.000000000    0.000000000    0.000000000
    1.075792988    0.000000000    0.000000000    0.000000000
    1.082971619    0.000000000    0.000000000    0.000000000
    1.090150250    0.000000000    0.000000000    0.000000000
    1.097328881    0.000000000    0.000000000    0.000000000
    1.104507513    0.000000000    0.000000000    0.000000000
    1.111686144    0.000000000    0.000000000    0.000000000
    1.118864775    0.000000000    0.000000000    0.000000000
    1.126043406    0.000000000    0.000000000    0.000000000
    1.133222037    0.000000000    0.000000000    0.000000000
    1.140400668    0.000000000    0.000000000    0.000000000
    1.147579299    0.000000000    0.000000000    0.000000000
    1.154757930    0.000000000    0.000000000    0.000000000
    1.161936561    0.000000000    0.000000000    0.000000000
    1.169115192    0.000000000    0.000000000    0.000000000
    1.176293823    0.000000000    0.000000000    0.000000000
    1.183472454    0.000000000    0.000000000    0.000000000
    1.190651085    0.000000000    0.000000000    0.000000000
    1.197829716    0.000000000    0.000000000    0.000000000
    1.205008347    0.000000000    0.000000000    0.000000000
    1.212186978    0.000000000    0.000000000    0.000000000
    1.219365609    0.000000000    0.000000000    0.000000000
    1.226544240    0.000000000    0.000000000    0.000000000
    1.233722871    0.000000000    0.000000000    0.000000000
    1.240901503    0.000000000    0.000000000    0.000000000
    1.248080134    0.000000000    0.000000000    0.000000000
    1.255258765    0.000000000    0.000000000    0.000000000
    1.262437396    0.000000000    0.000000000    0.000000000
    1.269616027    0.000000003    0.000000003    0.000000003
    1.276794658    0.000000017    0.000000016    0.000000016
    1.283973289    0.000000085    0.000000082    0.000000080
    1.291151920    0.000000381    0.000000367    0.000000362
    1.298330551    0.000001530    0.000001471    0.000001450
    1.305509182    0.000005471    0.000005258    0.000005185
    1.312687813    0.000017444    0.000016755    0.000016528
    1.319866444    0.000049587    0.000047600    0.000046966
    1.327045075    0.000125656    0.000120536    0.000118947
    1.334223706    0.000283819    0.000272031    0.000268447
    1.341402337    0.000571323    0.000547056    0.000539773
    1.348580968    0.001024811    0.000980122    0.000966752
    1.355759599    0.001638078    0.001564488    0.001542333
    1.362938230    0.002335264    0.002227378    0.002194713
    1.370116861    0.002981813    0.002843677    0.002803505
    1.377295492    0.003451087    0.003305592    0.003273911
    1.384474124    0.003634441    0.003516558    0.003517401
    1.391652755    0.003372348    0.003285734    0.003309833
    1.398831386    0.002732852    0.002665611    0.002689650
    1.406010017    0.001960318    0.001910211    0.001926845
    1.413188648    0.001252702    0.001219173    0.001229047
    1.420367279    0.000714248    0.000694405    0.000699687
    1.427545910    0.000363422    0.000353047    0.000355620
    1.434724541    0.000165006    0.000160203    0.000161352
    1.441903172    0.000066872    0.000064882    0.000065386
    1.449081803    0.000024309    0.000023492    0.000023853
    1.456260434    0.000008375    0.000007764    0.000008540
    1.463439065    0.000004184    0.000002865    0.000005254
    1.470617696    0.000006277    0.000002589    0.000009542
    1.477796327    0.000015039    0.000005438    0.000023587
    1.484974958    0.000034834    0.000012414    0.000054676
    1.492153589    0.000072717    0.000025815    0.000113578
    1.499332220    0.000136419    0.000048120    0.000210653
    1.506510851    0.000231626    0.000080569    0.000349082
    1.513689482    0.000361236    0.000122063    0.000518160
    1.520868114    0.000531065    0.000169779    0.000693061
    1.528046745    0.000764083    0.000222441    0.000846613
    1.535225376    0.001114982    0.000284713    0.000965450
    1.542404007    0.001660295    0.000368010    0.001048498
    1.549582638    0.002459437    0.000485460    0.001117651
    1.556761269    0.003497761    0.000640685    0.001208893
    1.563939900    0.004639275    0.000815817    0.001330214
    1.571118531    0.005679578    0.000971906    0.001451082
    1.578297162    0.006505133    0.001065832    0.001524765
    1.585475793    0.006898825    0.001061713    0.001496506
    1.592654424    0.006330349    0.000941804    0.001318669
    1.599833055    0.005003041    0.000741506    0.001033001
    1.607011686    0.003489903    0.000520146    0.000722191
    1.614190317    0.002169406    0.000325521    0.000451072
    1.621368948    0.001204236    0.000181773    0.000251608
    1.628547579    0.000597015    0.000090559    0.000125284
    1.635726210    0.000264320    0.000040262    0.000055701
    1.642904841    0.000104716    0.000016043    0.000022254
    1.650083472    0.000038078    0.000006012    0.000008584
    1.657262104    0.000016150    0.000003125    0.000005290
    1.664440735    0.000017908    0.000004835    0.000009797
    1.671619366    0.000042738    0.000012575    0.000026300
    1.678797997    0.000107124    0.000031940    0.000066927
    1.685976628    0.000243346    0.000073053    0.000152825
    1.693155259    0.000493728    0.000149382    0.000311637
    1.700333890    0.000893566    0.000273120    0.000567462
    1.707512521    0.001442749    0.000446965    0.000923312
    1.714691152    0.002080351    0.000655993    0.001344707
    1.721869783    0.002689994    0.000866809    0.001761830
    1.729048414    0.003155406    0.001039460    0.002103532
    1.736227045    0.003380796    0.001139889    0.002309292
    1.743405676    0.003218701    0.001138989    0.002276402
    1.750584307    0.002699787    0.001044279    0.002008786
    1.757762938    0.002025761    0.000893384    0.001617952
    1.764941569    0.001372445    0.000722625    0.001204286
    1.772120200    0.000846828    0.000559106    0.000841097
    1.779298831    0.000480490    0.000414676    0.000557534
    1.786477462    0.000253505    0.000292489    0.000352256
    1.793656093    0.000125952    0.000194154    0.000212163
    1.800834725    0.000059591    0.000119837    0.000121051
    1.808013356    0.000027011    0.000068022    0.000064738
    1.815191987    0.000011744    0.000035347    0.000032176
    1.822370618    0.000005010    0.000017370    0.000015131
    1.829549249    0.000002614    0.000010387    0.000008166
    1.836727880    0.000003143    0.000013813    0.000009209
    1.843906511    0.000007357    0.000032987    0.000020677
    1.851085142    0.000018344    0.000082252    0.000050977
    1.858263773    0.000041724    0.000186683    0.000115304
    1.865442404    0.000084857    0.000378566    0.000233318
    1.872621035    0.000153940    0.000684267    0.000421037
    1.879799666    0.000249044    0.001102136    0.000677335
    1.886978297    0.000359372    0.001583092    0.000971924
    1.894156928    0.000462995    0.002036100    0.001247576
    1.901335559    0.000534113    0.002373846    0.001444851
    1.908514190    0.000553824    0.002528761    0.001516155
    1.915692821    0.000517387    0.002386440    0.001409748
    1.922871452    0.000443623    0.001976261    0.001153435
    1.930050083    0.000367916    0.001477414    0.000842465
    1.937228715    0.000323818    0.001041460    0.000559180
    1.944407346    0.000329666    0.000747800    0.000349055
    1.951585977    0.000382377    0.000604385    0.000220301
    1.958764608    0.000460392    0.000568494    0.000155902
    1.965943239    0.000535579    0.000578658    0.000129915
    1.973121870    0.000588824    0.000582934    0.000120145
    1.980300501    0.000618505    0.000550698    0.000113914
    1.987479132    0.000645013    0.000481371    0.000108206
    1.994657763    0.000700938    0.000399109    0.000105918
    2.001836394    0.000804236    0.000329642    0.000110567
    2.009015025    0.000940888    0.000286567    0.000122803
    2.016193656    0.001068604    0.000269281    0.000140316
    2.023372287    0.001139733    0.000269829    0.000160758
    2.030550918    0.001115642    0.000281643    0.000184820
    2.037729549    0.000985706    0.000304271    0.000216690
    2.044908180    0.000794029    0.000341756    0.000260997
    2.052086811    0.000601769    0.000394125    0.000316603
    2.059265442    0.000455009    0.000451566    0.000373074
    2.066444073    0.000374964    0.000497279    0.000414156
    2.073622705    0.000360815    0.000515652    0.000425730
    2.080801336    0.000397924    0.000497764    0.000401848
    2.087979967    0.000465864    0.000451608    0.000354502
    2.095158598    0.000544084    0.000399930    0.000311650
    2.102337229    0.000617311    0.000366963    0.000304025
    2.109515860    0.000679114    0.000370360    0.000354039
    2.116694491    0.000731348    0.000417254    0.000466664
    2.123873122    0.000789390    0.000504725    0.000624630
    2.131051753    0.000878226    0.000622605    0.000792164
    2.138230384    0.001029206    0.000759849    0.000930615
    2.145409015    0.001280009    0.000909024    0.001013365
    2.152587646    0.001656136    0.001056417    0.001019714
    2.159766277    0.002151886    0.001184997    0.000961219
    2.166944908    0.002713133    0.001278268    0.000878007
    2.174123539    0.003236324    0.001316916    0.000797660
    2.181302170    0.003620782    0.001277299    0.000724870
    2.188480801    0.003769045    0.001133297    0.000648176
    2.195659432    0.003496619    0.000908822    0.000552630
    2.202838063    0.002836420    0.000667107    0.000443263
    2.210016694    0.002056770    0.000472884    0.000346061
    2.217195326    0.001383482    0.000378969    0.000293573
    2.224373957    0.000949030    0.000428333    0.000315891
    2.231552588    0.000804638    0.000657961    0.000433499
    2.238731219    0.000940094    0.001092165    0.000650023
    2.245909850    0.001297244    0.001720533    0.000945033
    2.253088481    0.001774861    0.002475382    0.001272858
    2.260267112    0.002244609    0.003238149    0.001572527
    2.267445743    0.002597387    0.003885331    0.001775263
    2.274624374    0.002755674    0.004360247    0.001831349
    2.281803005    0.002607181    0.004474963    0.001709949
    2.288981636    0.002191942    0.003964298    0.001430945
    2.296160267    0.001698244    0.003069586    0.001095465
    2.303338898    0.001283699    0.002143801    0.000799825
    2.310517529    0.001029080    0.001374514    0.000595986
    2.317696160    0.000942146    0.000828633    0.000492519
    2.324874791    0.000978590    0.000491715    0.000465479
    2.332053422    0.001078506    0.000307275    0.000476743
    2.339232053    0.001203979    0.000215827    0.000492995
    2.346410684    0.001345653    0.000175075    0.000493910
    2.353589316    0.001527333    0.000165330    0.000477341
    2.360767947    0.001803726    0.000187421    0.000457921
    2.367946578    0.002211694    0.000259574    0.000451255
    2.375125209    0.002752818    0.000416056    0.000466466
    2.382303840    0.003413211    0.000702891    0.000507817
    2.389482471    0.004113024    0.001161339    0.000576945
    2.396661102    0.004685036    0.001800178    0.000674663
    2.403839733    0.005113108    0.002574919    0.000799368
    2.411018364    0.005424936    0.003396114    0.000937565
    2.418196995    0.005530991    0.004207259    0.001062245
    2.425375626    0.005403688    0.005053036    0.001143102
    2.432554257    0.005096207    0.005669206    0.001157770
    2.439732888    0.004727581    0.005696477    0.001094965
    2.446911519    0.004401215    0.005361812    0.000982982
    2.454090150    0.004148941    0.004961720    0.000874324
    2.461268781    0.003905686    0.004480239    0.000810422
    2.468447412    0.003584867    0.003785920    0.000809750
    2.475626043    0.003285764    0.003068641    0.000866589
    2.482804674    0.003085073    0.002466557    0.000950226
    2.489983306    0.002967679    0.002015295    0.001021808
    2.497161937    0.002884290    0.001707512    0.001054349
    2.504340568    0.002731576    0.001501205    0.001030491
    2.511519199    0.002408417    0.001371681    0.000943853
    2.518697830    0.002024930    0.001373432    0.000834532
    2.525876461    0.001745531    0.001566499    0.000757380
    2.533055092    0.001668806    0.001956245    0.000744477
    2.540233723    0.001809489    0.002474959    0.000796022
    2.547412354    0.002112878    0.003015290    0.000888003
    2.554590985    0.002486691    0.003501076    0.000985584
    2.561769616    0.002817207    0.003854583    0.001051692
    2.568948247    0.002987321    0.003831215    0.001072427
    2.576126878    0.002973242    0.003399843    0.001062645
    2.583305509    0.002783067    0.002769809    0.001039676
    2.590484140    0.002417799    0.002180758    0.001019397
    2.597662771    0.002000977    0.001785434    0.001013081
    2.604841402    0.001658516    0.001626178    0.001019631
    2.612020033    0.001457736    0.001687316    0.001024570
    2.619198664    0.001422745    0.001930742    0.001005739
    2.626377295    0.001553551    0.002307878    0.000963708
    2.633555927    0.001819004    0.002758612    0.000914947
    2.640734558    0.002153623    0.003233464    0.000872641
    2.647913189    0.002478554    0.003742776    0.000846589
    2.655091820    0.002713500    0.004269005    0.000835275
    2.662270451    0.002760177    0.004526260    0.000824226
    2.669449082    0.002575407    0.004564566    0.000804745
    2.676627713    0.002195719    0.004681044    0.000781026
    2.683806344    0.001765433    0.004851281    0.000770085
    2.690984975    0.001421596    0.005184252    0.000807563
    2.698163606    0.001228150    0.005854892    0.000927526
    2.705342237    0.001178283    0.006868665    0.001139450
    2.712520868    0.001222155    0.008205813    0.001420833
    2.719699499    0.001293460    0.009709803    0.001722902
    2.726878130    0.001341176    0.011925289    0.001991127
    2.734056761    0.001348488    0.015666724    0.002179716
    2.741235392    0.001342199    0.018272199    0.002272084
    2.748414023    0.001366941    0.017151723    0.002279299
    2.755592654    0.001461723    0.013970115    0.002248804
    2.762771285    0.001643242    0.011154163    0.002256615
    2.769949917    0.001881946    0.009513420    0.002330136
    2.777128548    0.002127418    0.009243958    0.002456844
    2.784307179    0.002327229    0.010410407    0.002601113
    2.791485810    0.002388987    0.010956616    0.002642404
    2.798664441    0.002307993    0.009820013    0.002545529
    2.805843072    0.002153763    0.008416018    0.002386411
    2.813021703    0.002053082    0.007422105    0.002212185
    2.820200334    0.002202808    0.007140568    0.002051005
    2.827378965    0.002784853    0.007864862    0.001927015
    2.834557596    0.003889133    0.008705424    0.001829341
    2.841736227    0.005455017    0.008868539    0.001785431
    2.848914858    0.007273220    0.009216168    0.001866327
    2.856093489    0.009061868    0.009617748    0.002096197
    2.863272120    0.011098691    0.009783058    0.002443621
    2.870450751    0.014646396    0.010094846    0.002837745
    2.877629382    0.019613342    0.012019730    0.003196213
    2.884808013    0.026707008    0.019831513    0.003481142
    2.891986644    0.036668916    0.032414936    0.003506600
    2.899165275    0.039823760    0.037333131    0.003137915
    2.906343907    0.033560980    0.034114857    0.002604327
    2.913522538    0.026989084    0.027080215    0.002137911
    2.920701169    0.023697968    0.021975970    0.001855433
    2.927879800    0.020400408    0.022770472    0.001794401
    2.935058431    0.017592490    0.034167847    0.001953045
    2.942237062    0.016044298    0.044142256    0.002273278
    2.949415693    0.015337903    0.042804070    0.002663895
    2.956594324    0.016350351    0.035782326    0.003059725
    2.963772955    0.023691634    0.028884048    0.003457233
    2.970951586    0.042091446    0.026844061    0.003763635
    2.978130217    0.050231319    0.034396392    0.003825593
    2.985308848    0.041987351    0.038282434    0.003734502
    2.992487479    0.031166710    0.035656892    0.003583646
    2.999666110    0.024075042    0.040370531    0.003510261
    3.006844741    0.021124584    0.045760397    0.003580435
    3.014023372    0.023438949    0.047478328    0.003783865
    3.021202003    0.036320629    0.048773645    0.004114690
    3.028380634    0.050545303    0.038127809    0.004388633
    3.035559265    0.050523953    0.028780828    0.004362850
    3.042737896    0.043802371    0.026672362    0.004173698
    3.049916528    0.036157735    0.028913108    0.003968516
    3.057095159    0.034180163    0.034449310    0.003847467
    3.064273790    0.047081648    0.043277074    0.003861015
    3.071452421    0.061660188    0.058421977    0.003913509
    3.078631052    0.065233272    0.090466894    0.003785886
    3.085809683    0.074854512    0.138375810    0.003524009
    3.092988314    0.071660262    0.149479786    0.003360323
    3.100166945    0.054528267    0.118875624    0.003422087
    3.107345576    0.041535122    0.111228441    0.003684274
    3.114524207    0.038678710    0.127888128    0.004122076
    3.121702838    0.046273800    0.144914001    0.004703721
    3.128881469    0.048118397    0.164196415    0.005209858
    3.136060100    0.038839666    0.183450685    0.005530612
    3.143238731    0.036463033    0.177651025    0.005619203
    3.150417362    0.043166934    0.162561551    0.005661638
    3.157595993    0.056096815    0.191383074    0.005659108
    3.164774624    0.068635886    0.254187251    0.005533916
    3.171953255    0.062242560    0.286015855    0.005476200
    3.179131886    0.042682992    0.282315468    0.005475112
    3.186310518    0.036687114    0.285202965    0.005276148
    3.193489149    0.038337947    0.288447837    0.004763780
    3.200667780    0.040553753    0.300892301    0.003915187
    3.207846411    0.043506470    0.340836160    0.003009958
    3.215025042    0.051169989    0.363093724    0.002307361
    3.222203673    0.066572361    0.359694646    0.001873778
    3.229382304    0.091929649    0.322504130    0.001678805
    3.236560935    0.129165348    0.236107535    0.001659912
    3.243739566    0.210228265    0.164514839    0.001732379
    3.250918197    0.354828842    0.132003161    0.001832036
    3.258096828    0.418902793    0.140292883    0.001947380
    3.265275459    0.377556460    0.189005545    0.002065864
    3.272454090    0.316466413    0.231893129    0.002156054
    3.279632721    0.245778734    0.242699400    0.002235337
    3.286811352    0.179108137    0.247670678    0.002338941
    3.293989983    0.138648741    0.243532002    0.002477753
    3.301168614    0.134422573    0.239212017    0.002672695
    3.308347245    0.142655744    0.242484276    0.002931582
    3.315525876    0.095412253    0.193543036    0.003143623
    3.322704508    0.080912531    0.123557049    0.003225763
    3.329883139    0.087602193    0.077810378    0.003194178
    3.337061770    0.102832744    0.053104183    0.003049954
    3.344240401    0.125924979    0.040181351    0.002727455
    3.351419032    0.162290586    0.034535339    0.002322989
    3.358597663    0.220287559    0.033410608    0.001980105
    3.365776294    0.321616861    0.033798556    0.001747406
    3.372954925    0.521944734    0.034819531    0.001657758
    3.380133556    0.815559445    0.037671892    0.001741613
    3.387312187    1.013891686    0.041724849    0.001987051
    3.394490818    1.008926976    0.041654514    0.002348952
    3.401669449    0.773026548    0.037282139    0.002775370
    3.408848080    0.590454264    0.033676915    0.003249487
    3.416026711    0.525244113    0.031821545    0.003725829
    3.423205342    0.499408473    0.030889108    0.004110739
    3.430383973    0.424655555    0.028931221    0.004156091
    3.437562604    0.317299154    0.025468463    0.003862390
    3.444741235    0.242126436    0.022089602    0.003520332
    3.451919866    0.194863053    0.020089746    0.003309888
    3.459098497    0.170075322    0.019553279    0.003206695
    3.466277129    0.155396872    0.019249773    0.003116523
    3.473455760    0.145189012    0.019008817    0.003057399
    3.480634391    0.139899305    0.018890254    0.002956648
    3.487813022    0.124287639    0.017899201    0.002737722
    3.494991653    0.104669524    0.016478289    0.002508972
    3.502170284    0.082354763    0.014634684    0.002332076
    3.509348915    0.061922222    0.012463385    0.002185288
    3.516527546    0.049032613    0.010482139    0.002062071
    3.523706177    0.043502810    0.009120036    0.002008583
    3.530884808    0.042834679    0.008453141    0.002039580
    3.538063439    0.044891605    0.008315527    0.002139351
    3.545242070    0.048039323    0.008489068    0.002285811
    3.552420701    0.051425991    0.008754142    0.002459005
    3.559599332    0.051767031    0.008896728    0.002610029
    3.566777963    0.048348733    0.008916202    0.002784022
    3.573956594    0.044817964    0.008940132    0.003066547
    3.581135225    0.040905602    0.009078356    0.003486384
    3.588313856    0.036350797    0.009410909    0.004058767
    3.595492487    0.032979556    0.009814253    0.004766278
    3.602671119    0.030928817    0.009868111    0.005448334
    3.609849750    0.030567165    0.009675894    0.006333298
    3.617028381    0.030867286    0.009442985    0.007148019
    3.624207012    0.029907410    0.009116261    0.007069723
    3.631385643    0.027322600    0.008632616    0.006418793
    3.638564274    0.024761067    0.008173823    0.005791220
    3.645742905    0.023409405    0.007897328    0.005545885
    3.652921536    0.023525787    0.007877689    0.005902892
    3.660100167    0.025174601    0.008199782    0.006574707
    3.667278798    0.026830300    0.008833369    0.006896292
    3.674457429    0.026264517    0.009140128    0.006422709
    3.681636060    0.023687227    0.008794970    0.005568209
    3.688814691    0.020901849    0.008346871    0.004858078
    3.695993322    0.019214310    0.008297948    0.004582062
    3.703171953    0.018523361    0.008736807    0.004907452
    3.710350584    0.018309043    0.009378847    0.005392770
    3.717529215    0.018468445    0.009882402    0.005418516
    3.724707846    0.018949396    0.010333545    0.005255197
    3.731886477    0.019908748    0.011070246    0.005303192
    3.739065109    0.021971008    0.012061887    0.005566208
    3.746243740    0.024823744    0.012793462    0.005871527
    3.753422371    0.026609182    0.012922593    0.006301539
    3.760601002    0.027752641    0.013287416    0.007463936
    3.767779633    0.028981744    0.013795264    0.008686482
    3.774958264    0.031198265    0.014645903    0.009305751
    3.782136895    0.036292516    0.017370535    0.010805062
    3.789315526    0.040222895    0.020855143    0.013108205
    3.796494157    0.037599608    0.022528571    0.015456489
    3.803672788    0.031546371    0.022882007    0.019150721
    3.810851419    0.026783731    0.022614542    0.023705965
    3.818030050    0.024716319    0.020585444    0.025714600
    3.825208681    0.025384276    0.018457416    0.026191523
    3.832387312    0.028669561    0.017948437    0.028936515
    3.839565943    0.031654983    0.017511166    0.031253032
    3.846744574    0.032470310    0.015890125    0.027395616
    3.853923205    0.031145184    0.013190611    0.020737354
    3.861101836    0.027501204    0.010331963    0.015922523
    3.868280467    0.023568173    0.008316651    0.013691794
    3.875459098    0.020546660    0.007168805    0.013560705
    3.882637730    0.017924983    0.006252270    0.013143809
    3.889816361    0.015790090    0.005332516    0.010688883
    3.896994992    0.013981794    0.004623727    0.007973337
    3.904173623    0.012749443    0.004254887    0.006168695
    3.911352254    0.012142848    0.004142406    0.005125086
    3.918530885    0.012137322    0.004272831    0.004718951
    3.925709516    0.012449193    0.004769641    0.004920913
    3.932888147    0.012736672    0.005666257    0.005534542
    3.940066778    0.012533593    0.006590155    0.006032343
    3.947245409    0.011641480    0.007081169    0.005943203
    3.954424040    0.010419509    0.007277404    0.005664226
    3.961602671    0.009491457    0.007468867    0.005665761
    3.968781302    0.009040387    0.008065578    0.006223227
    3.975959933    0.008968416    0.010458142    0.007916122
    3.983138564    0.009095205    0.016155111    0.011117774
    3.990317195    0.008822824    0.019082495    0.012516703
    3.997495826    0.008273343    0.019477805    0.012520265
    4.004674457    0.008097307    0.020993663    0.013793491
    4.011853088    0.008528484    0.023020979    0.015784497
    4.019031720    0.009288673    0.024501205    0.017180684
    4.026210351    0.010267811    0.026192277    0.018844033
    4.033388982    0.011829497    0.027661449    0.020961078
    4.040567613    0.013777081    0.027460373    0.023153671
    4.047746244    0.014952991    0.029034182    0.026498162
    4.054924875    0.016343422    0.032169216    0.030051565
    4.062103506    0.020020819    0.034694961    0.031769255
    4.069282137    0.025826508    0.036234198    0.030389128
    4.076460768    0.027027947    0.041051587    0.025521495
    4.083639399    0.023811570    0.046036139    0.020140873
    4.090818030    0.020974651    0.043971752    0.016418755
    4.097996661    0.020502411    0.039655506    0.014621737
    4.105175292    0.022797515    0.036224903    0.014794946
    4.112353923    0.028665630    0.032428304    0.016395793
    4.119532554    0.035419607    0.027650880    0.016021469
    4.126711185    0.041325048    0.023755174    0.015437726
    4.133889816    0.045120641    0.021780475    0.016231518
    4.141068447    0.046534293    0.021152885    0.017660951
    4.148247078    0.048652220    0.020843368    0.018523227
    4.155425710    0.056003991    0.022317988    0.017397596
    4.162604341    0.062944888    0.025589468    0.015407415
    4.169782972    0.066365548    0.029270144    0.016388123
    4.176961603    0.064563374    0.028654228    0.019924289
    4.184140234    0.060867875    0.024087947    0.023758232
    4.191318865    0.056372279    0.022248811    0.025289315
    4.198497496    0.052014266    0.023498101    0.024429481
    4.205676127    0.048392380    0.026559685    0.022256169
    4.212854758    0.044630773    0.031534675    0.020597476
    4.220033389    0.042820506    0.037817933    0.019959112
    4.227212020    0.046578674    0.039375701    0.017743326
    4.234390651    0.045893817    0.037616224    0.015613341
    4.241569282    0.045570929    0.041763511    0.015732427
    4.248747913    0.046134696    0.051208609    0.015379707
    4.255926544    0.046095748    0.059120573    0.015045223
    4.263105175    0.045126966    0.056259889    0.015523692
    4.270283806    0.043055478    0.045700313    0.015826968
    4.277462437    0.038968438    0.040495609    0.015265385
    4.284641068    0.032533484    0.043079867    0.013824437
    4.291819699    0.028854454    0.048779467    0.012663204
    4.298998331    0.024731376    0.053849790    0.010833228
    4.306176962    0.020291446    0.053922327    0.009297114
    4.313355593    0.019297678    0.049770787    0.009009060
    4.320534224    0.019802447    0.049521250    0.009110199
    4.327712855    0.018854402    0.053602232    0.008467878
    4.334891486    0.016547957    0.057757281    0.007397432
    4.342070117    0.015412529    0.059264236    0.006987982
    4.349248748    0.015451664    0.062730315    0.007041216
    4.356427379    0.016210289    0.074752520    0.007315721
    4.363606010    0.017918503    0.102169088    0.008254414
    4.370784641    0.021086883    0.145248553    0.010726839
    4.377963272    0.025652411    0.178265778    0.015551042
    4.385141903    0.030066378    0.170448103    0.022260719
    4.392320534    0.032216764    0.141366079    0.027081166
    4.399499165    0.034435111    0.127172142    0.026476189
    4.406677796    0.037148272    0.115077309    0.023613415
    4.413856427    0.039656617    0.103627050    0.023410581
    4.421035058    0.045061294    0.099274568    0.025268333
    4.428213689    0.053190949    0.098008131    0.029153660
    4.435392321    0.059119030    0.092625571    0.033703014
    4.442570952    0.059329240    0.089246259    0.034019044
    4.449749583    0.057399353    0.082273215    0.027482459
    4.456928214    0.054544659    0.070881933    0.022928934
    4.464106845    0.057312369    0.072644725    0.023825895
    4.471285476    0.064868190    0.079989576    0.027621268
    4.478464107    0.074617491    0.087657891    0.032908681
    4.485642738    0.086776956    0.091074737    0.036320662
    4.492821369    0.097884503    0.089125973    0.034945732
    4.500000000    0.111953582    0.083443638    0.031864503
