# energy grid [eV]  eels components [arbitrary units]
#
    0.200000000    0.000000000    0.000000000    0.000000000
    0.207178631    0.000000000    0.000000000    0.000000000
    0.214357262    0.000000000    0.000000000    0.000000000
    0.221535893    0.000000000    0.000000000    0.000000000
    0.228714524    0.000000000    0.000000000    0.000000000
    0.235893155    0.000000000    0.000000000    0.000000000
    0.243071786    0.000000000    0.000000000    0.000000000
    0.250250417    0.000000000    0.000000000    0.000000000
    0.257429048    0.000000000    0.000000000    0.000000000
    0.264607679    0.000000000    0.000000000    0.000000000
    0.271786311    0.000000000    0.000000000    0.000000000
    0.278964942    0.000000000    0.000000000    0.000000000
    0.286143573    0.000000000    0.000000000    0.000000000
    0.293322204    0.000000000    0.000000000    0.000000000
    0.300500835    0.000000000    0.000000000    0.000000000
    0.307679466    0.000000000    0.000000000    0.000000000
    0.314858097    0.000000000    0.000000000    0.000000000
    0.322036728    0.000000000    0.000000000    0.000000000
    0.329215359    0.000000000    0.000000000    0.000000000
    0.336393990    0.000000000    0.000000000    0.000000000
    0.343572621    0.000000000    0.000000000    0.000000000
    0.350751252    0.000000000    0.000000000    0.000000000
    0.357929883    0.000000000    0.000000000    0.000000000
    0.365108514    0.000000000    0.000000000    0.000000000
    0.372287145    0.000000000    0.000000000    0.000000000
    0.379465776    0.000000000    0.000000000    0.000000000
    0.386644407    0.000000000    0.000000000    0.000000000
    0.393823038    0.000000000    0.000000000    0.000000000
    0.401001669    0.000000000    0.000000000    0.000000000
    0.408180301    0.000000000    0.000000000    0.000000000
    0.415358932    0.000000000    0.000000000    0.000000000
    0.422537563    0.000000000    0.000000000    0.000000000
    0.429716194    0.000000000    0.000000000    0.000000000
    0.436894825    0.000000000    0.000000000    0.000000000
    0.444073456    0.000000000    0.000000000    0.000000000
    0.451252087    0.000000000    0.000000000    0.000000000
    0.458430718    0.000000000    0.000000000    0.000000000
    0.465609349    0.000000000    0.000000000    0.000000000
    0.472787980    0.000000000    0.000000000    0.000000000
    0.479966611    0.000000000    0.000000000    0.000000000
    0.487145242    0.000000000    0.000000000    0.000000000
    0.494323873    0.000000000    0.000000000    0.000000000
    0.501502504    0.000000000    0.000000000    0.000000000
    0.508681135    0.000000000    0.000000000    0.000000000
    0.515859766    0.000000000    0.000000000    0.000000000
    0.523038397    0.000000000    0.000000000    0.000000000
    0.530217028    0.000000000    0.000000000    0.000000000
    0.537395659    0.000000000    0.000000000    0.000000000
    0.544574290    0.000000000    0.000000000    0.000000000
    0.551752922    0.000000000    0.000000000    0.000000000
    0.558931553    0.000000000    0.000000000    0.000000000
    0.566110184    0.000000000    0.000000000    0.000000000
    0.573288815    0.000000000    0.000000000    0.000000000
    0.580467446    0.000000000    0.000000000    0.000000000
    0.587646077    0.000000000    0.000000000    0.000000000
    0.594824708    0.000000000    0.000000000    0.000000000
    0.602003339    0.000000000    0.000000000    0.000000000
    0.609181970    0.000000000    0.000000000    0.000000000
    0.616360601    0.000000000    0.000000000    0.000000000
    0.623539232    0.000000000    0.000000000    0.000000000
    0.630717863    0.000000000    0.000000000    0.000000000
    0.637896494    0.000000000    0.000000000    0.000000000
    0.645075125    0.000000000    0.000000000    0.000000000
    0.652253756    0.000000000    0.000000000    0.000000000
    0.659432387    0.000000000    0.000000000    0.000000000
    0.666611018    0.000000000    0.000000000    0.000000000
    0.673789649    0.000000000    0.000000000    0.000000000
    0.680968280    0.000000000    0.000000000    0.000000000
    0.688146912    0.000000000    0.000000000    0.000000000
    0.695325543    0.000000000    0.000000000    0.000000000
    0.702504174    0.000000000    0.000000000    0.000000000
    0.709682805    0.000000000    0.000000000    0.000000000
    0.716861436    0.000000000    0.000000000    0.000000000
    0.724040067    0.000000000    0.000000000    0.000000000
    0.731218698    0.000000000    0.000000000    0.000000000
    0.738397329    0.000000000    0.000000000    0.000000000
    0.745575960    0.000000000    0.000000000    0.000000000
    0.752754591    0.000000000    0.000000000    0.000000000
    0.759933222    0.000000000    0.000000000    0.000000000
    0.767111853    0.000000000    0.000000000    0.000000000
    0.774290484    0.000000000    0.000000000    0.000000000
    0.781469115    0.000000000    0.000000000    0.000000000
    0.788647746    0.000000000    0.000000000    0.000000000
    0.795826377    0.000000000    0.000000000    0.000000000
    0.803005008    0.000000000    0.000000000    0.000000000
    0.810183639    0.000000000    0.000000000    0.000000000
    0.817362270    0.000000000    0.000000000    0.000000000
    0.824540902    0.000000000    0.000000000    0.000000000
    0.831719533    0.000000000    0.000000000    0.000000000
    0.838898164    0.000000001    0.000000000    0.000000000
    0.846076795    0.000000007    0.000000001    0.000000003
    0.853255426    0.000000039    0.000000006    0.000000014
    0.860434057    0.000000188    0.000000027    0.000000069
    0.867612688    0.000000816    0.000000118    0.000000302
    0.874791319    0.000003158    0.000000456    0.000001169
    0.881969950    0.000010889    0.000001577    0.000004037
    0.889148581    0.000033468    0.000004862    0.000012430
    0.896327212    0.000091665    0.000013365    0.000034116
    0.903505843    0.000223674    0.000032753    0.000083465
    0.910684474    0.000486122    0.000071566    0.000181997
    0.917863105    0.000940676    0.000139412    0.000353633
    0.925041736    0.001620161    0.000242112    0.000612228
    0.932220367    0.002484589    0.000374872    0.000944554
    0.939398998    0.003404724    0.000517804    0.001300863
    0.946577629    0.004231542    0.000639684    0.001610598
    0.953756260    0.004925252    0.000710556    0.001819652
    0.960934891    0.005279075    0.000707326    0.001859576
    0.968113523    0.004814012    0.000622895    0.001657335
    0.975292154    0.003757778    0.000485961    0.001292833
    0.982470785    0.002586423    0.000337499    0.000894797
    0.989649416    0.001586424    0.000209008    0.000552141
    0.996828047    0.000869112    0.000115458    0.000304059
    1.004006678    0.000425342    0.000056894    0.000149440
    1.011185309    0.000185902    0.000025007    0.000065541
    1.018363940    0.000072538    0.000009803    0.000025646
    1.025542571    0.000025262    0.000003428    0.000008953
    1.032721202    0.000007853    0.000001070    0.000002789
    1.039899833    0.000002194    0.000000301    0.000000783
    1.047078464    0.000000626    0.000000094    0.000000234
    1.054257095    0.000000512    0.000000107    0.000000234
    1.061435726    0.000001596    0.000000369    0.000000776
    1.068614357    0.000005616    0.000001309    0.000002744
    1.075792988    0.000017852    0.000004174    0.000008737
    1.082971619    0.000050622    0.000011870    0.000024812
    1.090150250    0.000127950    0.000030102    0.000062818
    1.097328881    0.000288196    0.000068059    0.000141762
    1.104507513    0.000578309    0.000137184    0.000285105
    1.111686144    0.001033567    0.000246499    0.000510920
    1.118864775    0.001645242    0.000394846    0.000815853
    1.126043406    0.002336172    0.000564065    0.001162009
    1.133222037    0.002981416    0.000720166    0.001483234
    1.140400668    0.003493109    0.000826614    0.001719640
    1.147579299    0.003784621    0.000854421    0.001818498
    1.154757930    0.003580517    0.000782754    0.001691720
    1.161936561    0.002910088    0.000633015    0.001371121
    1.169115192    0.002081339    0.000454920    0.000982897
    1.176293823    0.001325158    0.000291583    0.000627786
    1.183472454    0.000753229    0.000167370    0.000358311
    1.190651085    0.000382569    0.000087861    0.000184192
    1.197829716    0.000174187    0.000047349    0.000089301
    1.205008347    0.000072595    0.000038264    0.000050848
    1.212186978    0.000031110    0.000057576    0.000052037
    1.219365609    0.000020047    0.000108032    0.000085588
    1.226544240    0.000024042    0.000194211    0.000150037
    1.233722871    0.000035896    0.000315043    0.000242342
    1.240901503    0.000051357    0.000456632    0.000350979
    1.248080134    0.000066400    0.000591317    0.000454304
    1.255258765    0.000077038    0.000687184    0.000527208
    1.262437396    0.000080820    0.000719093    0.000549856
    1.269616027    0.000078857    0.000669985    0.000510203
    1.276794658    0.000077753    0.000554979    0.000419484
    1.283973289    0.000090481    0.000417273    0.000307938
    1.291151920    0.000135757    0.000299589    0.000204439
    1.298330551    0.000234933    0.000231240    0.000127007
    1.305509182    0.000404272    0.000223820    0.000080945
    1.312687813    0.000642742    0.000271615    0.000061970
    1.319866444    0.000921151    0.000354357    0.000061007
    1.327045075    0.001184233    0.000442340    0.000068088
    1.334223706    0.001373847    0.000505552    0.000074828
    1.341402337    0.001443563    0.000521992    0.000075883
    1.348580968    0.001343714    0.000480095    0.000069572
    1.355759599    0.001098837    0.000391451    0.000057863
    1.362938230    0.000797813    0.000284170    0.000045019
    1.370116861    0.000518568    0.000184352    0.000035557
    1.377295492    0.000305308    0.000107513    0.000032652
    1.384474124    0.000168082    0.000057336    0.000037234
    1.391652755    0.000093857    0.000029364    0.000047771
    1.398831386    0.000060871    0.000016114    0.000060653
    1.406010017    0.000049060    0.000010779    0.000071275
    1.413188648    0.000044596    0.000008747    0.000075673
    1.420367279    0.000040214    0.000007609    0.000071995
    1.427545910    0.000033745    0.000006626    0.000061381
    1.434724541    0.000026232    0.000006298    0.000047695
    1.441903172    0.000020335    0.000008353    0.000036235
    1.449081803    0.000019587    0.000016296    0.000033032
    1.456260434    0.000028511    0.000036258    0.000045209
    1.463439065    0.000052866    0.000077216    0.000081482
    1.470617696    0.000098752    0.000149065    0.000150893
    1.477796327    0.000169622    0.000257523    0.000258243
    1.484974958    0.000261935    0.000397124    0.000397271
    1.492153589    0.000362621    0.000547110    0.000546333
    1.499332220    0.000452518    0.000676590    0.000673059
    1.506510851    0.000516587    0.000759294    0.000748152
    1.513689482    0.000551879    0.000778757    0.000748337
    1.520868114    0.000573041    0.000737325    0.000665553
    1.528046745    0.000615350    0.000678711    0.000533877
    1.535225376    0.000711479    0.000656726    0.000401079
    1.542404007    0.000866645    0.000704538    0.000303141
    1.549582638    0.001049511    0.000822958    0.000256328
    1.556761269    0.001206826    0.000985526    0.000258227
    1.563939900    0.001289444    0.001155017    0.000294434
    1.571118531    0.001246127    0.001285196    0.000345935
    1.578297162    0.001065047    0.001341722    0.000394991
    1.585475793    0.000808765    0.001318031    0.000427100
    1.592654424    0.000548946    0.001216194    0.000431692
    1.599833055    0.000334129    0.001062347    0.000406745
    1.607011686    0.000182983    0.000876858    0.000355446
    1.614190317    0.000090773    0.000672504    0.000285084
    1.621368948    0.000041839    0.000477195    0.000209702
    1.628547579    0.000020320    0.000316758    0.000143868
    1.635726210    0.000015762    0.000207281    0.000098599
    1.642904841    0.000024469    0.000156846    0.000080778
    1.650083472    0.000048966    0.000167954    0.000093695
    1.657262104    0.000097410    0.000238842    0.000136972
    1.664440735    0.000183503    0.000362145    0.000204887
    1.671619366    0.000326035    0.000522476    0.000284456
    1.678797997    0.000545738    0.000697581    0.000356613
    1.685976628    0.000856767    0.000865807    0.000402348
    1.693155259    0.001250117    0.001005530    0.000408013
    1.700333890    0.001674312    0.001085688    0.000368690
    1.707512521    0.002050961    0.001096502    0.000297609
    1.714691152    0.002320880    0.001049867    0.000217331
    1.721869783    0.002430280    0.000955134    0.000147413
    1.729048414    0.002259671    0.000816709    0.000099719
    1.736227045    0.001847641    0.000667647    0.000078871
    1.743405676    0.001365185    0.000548353    0.000085500
    1.750584307    0.000943501    0.000483395    0.000119522
    1.757762938    0.000646008    0.000477841    0.000181201
    1.764941569    0.000478237    0.000520702    0.000269292
    1.772120200    0.000409383    0.000590349    0.000376859
    1.779298831    0.000395794    0.000657631    0.000487129
    1.786477462    0.000398775    0.000697825    0.000576576
    1.793656093    0.000392093    0.000697160    0.000624336
    1.800834725    0.000362121    0.000647402    0.000614778
    1.808013356    0.000307247    0.000547152    0.000541163
    1.815191987    0.000240238    0.000419842    0.000427327
    1.822370618    0.000181320    0.000298528    0.000311397
    1.829549249    0.000151856    0.000211095    0.000226889
    1.836727880    0.000171936    0.000176871    0.000197312
    1.843906511    0.000258563    0.000206815    0.000235911
    1.851085142    0.000421160    0.000303866    0.000346769
    1.858263773    0.000653383    0.000460733    0.000524291
    1.865442404    0.000926132    0.000656635    0.000751874
    1.872621035    0.001191903    0.000859115    0.001004757
    1.879799666    0.001403102    0.001033479    0.001253869
    1.886978297    0.001514606    0.001143999    0.001451641
    1.894156928    0.001481111    0.001156391    0.001557737
    1.901335559    0.001322578    0.001074905    0.001571905
    1.908514190    0.001105075    0.000926606    0.001478317
    1.915692821    0.000899111    0.000748547    0.001285398
    1.922871452    0.000766580    0.000582610    0.001056350
    1.930050083    0.000743001    0.000453904    0.000838243
    1.937228715    0.000837804    0.000373244    0.000662957
    1.944407346    0.001035173    0.000341855    0.000549182
    1.951585977    0.001297423    0.000354565    0.000493712
    1.958764608    0.001583138    0.000405092    0.000480642
    1.965943239    0.001862008    0.000488268    0.000493371
    1.973121870    0.002078268    0.000599009    0.000520550
    1.980300501    0.002183632    0.000730651    0.000560657
    1.987479132    0.002206437    0.000875060    0.000620424
    1.994657763    0.002178619    0.001020367    0.000700307
    2.001836394    0.002070179    0.001138037    0.000785646
    2.009015025    0.001871416    0.001199354    0.000853796
    2.016193656    0.001614530    0.001195368    0.000881257
    2.023372287    0.001328242    0.001126200    0.000852210
    2.030550918    0.001057215    0.000994940    0.000770710
    2.037729549    0.000838136    0.000825030    0.000663425
    2.044908180    0.000686806    0.000663152    0.000570071
    2.052086811    0.000597255    0.000541000    0.000514822
    2.059265442    0.000549817    0.000466406    0.000498190
    2.066444073    0.000524871    0.000430010    0.000503679
    2.073622705    0.000507293    0.000415446    0.000509136
    2.080801336    0.000485494    0.000408305    0.000494234
    2.087979967    0.000454519    0.000405475    0.000453897
    2.095158598    0.000414927    0.000413487    0.000399502
    2.102337229    0.000371861    0.000438492    0.000348137
    2.109515860    0.000332318    0.000478267    0.000313091
    2.116694491    0.000300387    0.000520033    0.000297193
    2.123873122    0.000276879    0.000547130    0.000294336
    2.131051753    0.000262789    0.000545101    0.000295384
    2.138230384    0.000261769    0.000509426    0.000294478
    2.145409015    0.000280251    0.000457435    0.000294073
    2.152587646    0.000324283    0.000412635    0.000302819
    2.159766277    0.000394588    0.000390294    0.000329652
    2.166944908    0.000482712    0.000391703    0.000378121
    2.174123539    0.000570918    0.000404647    0.000442460
    2.181302170    0.000639269    0.000411569    0.000510842
    2.188480801    0.000675867    0.000397652    0.000572121
    2.195659432    0.000681776    0.000358517    0.000616586
    2.202838063    0.000678475    0.000306208    0.000644949
    2.210016694    0.000701572    0.000261108    0.000672448
    2.217195326    0.000771548    0.000240351    0.000708388
    2.224373957    0.000880168    0.000251826    0.000746567
    2.231552588    0.000997737    0.000292798    0.000775456
    2.238731219    0.001090353    0.000352083    0.000782568
    2.245909850    0.001115825    0.000414063    0.000749664
    2.253088481    0.001052196    0.000463882    0.000669045
    2.260267112    0.000930029    0.000495379    0.000561791
    2.267445743    0.000789308    0.000509828    0.000457724
    2.274624374    0.000664285    0.000513672    0.000380411
    2.281803005    0.000585304    0.000519640    0.000341294
    2.288981636    0.000570794    0.000537151    0.000341014
    2.296160267    0.000629540    0.000570026    0.000375547
    2.303338898    0.000762103    0.000616392    0.000440648
    2.310517529    0.000962160    0.000673019    0.000533919
    2.317696160    0.001220382    0.000742582    0.000653590
    2.324874791    0.001521174    0.000828390    0.000796455
    2.332053422    0.001842070    0.000929167    0.000957079
    2.339232053    0.002166785    0.001038886    0.001130123
    2.346410684    0.002495999    0.001152271    0.001308135
    2.353589316    0.002801533    0.001254692    0.001465964
    2.360767947    0.003080820    0.001336196    0.001591030
    2.367946578    0.003297823    0.001386828    0.001668942
    2.375125209    0.003443875    0.001410467    0.001691851
    2.382303840    0.003570903    0.001419334    0.001657880
    2.389482471    0.003592572    0.001398682    0.001544069
    2.396661102    0.003345665    0.001352500    0.001356871
    2.403839733    0.002947070    0.001320816    0.001167820
    2.411018364    0.002522546    0.001331432    0.001036905
    2.418196995    0.002087466    0.001376917    0.000980882
    2.425375626    0.001715967    0.001444584    0.000987446
    2.432554257    0.001483127    0.001518560    0.001028400
    2.439732888    0.001419367    0.001578707    0.001069983
    2.446911519    0.001524268    0.001586912    0.001083538
    2.454090150    0.001777692    0.001540340    0.001071313
    2.461268781    0.002136655    0.001479720    0.001053728
    2.468447412    0.002537333    0.001453197    0.001062501
    2.475626043    0.002939022    0.001489638    0.001122944
    2.482804674    0.003329760    0.001590286    0.001239087
    2.489983306    0.003525651    0.001723320    0.001388956
    2.497161937    0.003437396    0.001838412    0.001539040
    2.504340568    0.003230117    0.001928118    0.001677926
    2.511519199    0.003007067    0.001990603    0.001795022
    2.518697830    0.002750117    0.001974401    0.001843063
    2.525876461    0.002519375    0.001894825    0.001830359
    2.533055092    0.002382039    0.001781125    0.001771979
    2.540233723    0.002403642    0.001654826    0.001685403
    2.547412354    0.002649928    0.001547536    0.001612983
    2.554590985    0.003091039    0.001441310    0.001535273
    2.561769616    0.003620762    0.001326295    0.001438397
    2.568948247    0.004203978    0.001231127    0.001353294
    2.576126878    0.004910226    0.001180489    0.001294576
    2.583305509    0.005367291    0.001197948    0.001260273
    2.590484140    0.005159263    0.001296059    0.001251722
    2.597662771    0.004651521    0.001471289    0.001286345
    2.604841402    0.004177587    0.001701724    0.001370134
    2.612020033    0.003744283    0.001938912    0.001482534
    2.619198664    0.003367164    0.002147145    0.001606126
    2.626377295    0.003092846    0.002266748    0.001722307
    2.633555927    0.002943580    0.002306445    0.001838259
    2.640734558    0.002885166    0.002284866    0.001947285
    2.647913189    0.002873182    0.002193737    0.002024555
    2.655091820    0.002816494    0.002090409    0.002081096
    2.662270451    0.002600617    0.001992934    0.002075217
    2.669449082    0.002263069    0.001894065    0.001952725
    2.676627713    0.001882232    0.001806977    0.001784369
    2.683806344    0.001525905    0.001717327    0.001616231
    2.690984975    0.001225959    0.001568877    0.001431335
    2.698163606    0.001007282    0.001391010    0.001260061
    2.705342237    0.000873541    0.001226447    0.001129033
    2.712520868    0.000810601    0.001099165    0.001044611
    2.719699499    0.000791090    0.001005373    0.000989881
    2.726878130    0.000786971    0.000924046    0.000942478
    2.734056761    0.000779593    0.000823034    0.000870169
    2.741235392    0.000758888    0.000694721    0.000763456
    2.748414023    0.000720619    0.000559781    0.000639775
    2.755592654    0.000673081    0.000457256    0.000530278
    2.762771285    0.000641547    0.000447017    0.000495995
    2.769949917    0.000652203    0.000606640    0.000614279
    2.777128548    0.000723863    0.001031194    0.000973379
    2.784307179    0.000873305    0.001804661    0.001650505
    2.791485810    0.001111250    0.002913409    0.002634082
    2.798664441    0.001437335    0.004129181    0.003715621
    2.805843072    0.001822182    0.005097144    0.004579035
    2.813021703    0.002180071    0.005742077    0.005157343
    2.820200334    0.002454964    0.006826701    0.006127953
    2.827378965    0.002683500    0.011518242    0.010314525
    2.834557596    0.002816667    0.022370377    0.020207576
    2.841736227    0.002676516    0.026337305    0.024181646
    2.848914858    0.002420209    0.033202069    0.030574009
    2.856093489    0.002311239    0.047870522    0.043373783
    2.863272120    0.002518359    0.062689543    0.053140519
    2.870450751    0.003071619    0.046780861    0.036586614
    2.877629382    0.003875339    0.023341124    0.018226758
    2.884808013    0.004750131    0.013859947    0.011174764
    2.891986644    0.005643829    0.011246201    0.009373711
    2.899165275    0.007034071    0.011416365    0.009685478
    2.906343907    0.009280504    0.012790015    0.010688420
    2.913522538    0.010340159    0.013616047    0.011246078
    2.920701169    0.009348837    0.015235860    0.012889064
    2.927879800    0.007931933    0.018556020    0.016676067
    2.935058431    0.007101737    0.017781871    0.017036184
    2.942237062    0.007097673    0.013544101    0.013581603
    2.949415693    0.007548218    0.010160631    0.010274919
    2.956594324    0.008250358    0.008135725    0.008296409
    2.963772955    0.009408209    0.007179906    0.007631635
    2.970951586    0.010848206    0.007130752    0.007799440
    2.978130217    0.012304728    0.007577838    0.008137110
    2.985308848    0.016326090    0.008601734    0.008997333
    2.992487479    0.023443687    0.010714326    0.011062837
    2.999666110    0.024604015    0.012984718    0.013199023
    3.006844741    0.019753839    0.014561715    0.014459183
    3.014023372    0.015051660    0.018882686    0.017923260
    3.021202003    0.012365329    0.027186497    0.023582210
    3.028380634    0.011814857    0.030216083    0.025256798
    3.035559265    0.013337441    0.026100798    0.023573390
    3.042737896    0.014396879    0.019777804    0.019958976
    3.049916528    0.014239031    0.015521630    0.016920023
    3.057095159    0.015854551    0.013990798    0.016765863
    3.064273790    0.020682915    0.013106285    0.018073415
    3.071452421    0.022864464    0.012165769    0.017726002
    3.078631052    0.020253285    0.012034069    0.016903145
    3.085809683    0.016851041    0.013348882    0.017142036
    3.092988314    0.014946200    0.015129512    0.017743220
    3.100166945    0.015289426    0.015899061    0.018561513
    3.107345576    0.019139164    0.016974046    0.021763928
    3.114524207    0.022655659    0.016765431    0.024061233
    3.121702838    0.020775913    0.015525578    0.023935288
    3.128881469    0.016992838    0.014815829    0.023608257
    3.136060100    0.013084342    0.013877663    0.022201064
    3.143238731    0.009606271    0.012117896    0.019361878
    3.150417362    0.007052143    0.010213873    0.016449528
    3.157595993    0.005454507    0.008308835    0.013183949
    3.164774624    0.004569220    0.006731939    0.010104078
    3.171953255    0.003995865    0.005935381    0.008213979
    3.179131886    0.003563748    0.005680312    0.007245277
    3.186310518    0.003292043    0.005610440    0.006754014
    3.193489149    0.003161487    0.005758949    0.006667917
    3.200667780    0.003126412    0.006227318    0.007077580
    3.207846411    0.003090969    0.006917635    0.007739314
    3.215025042    0.003102811    0.007916796    0.008505914
    3.222203673    0.003274157    0.009264369    0.009519807
    3.229382304    0.003576166    0.010642537    0.010791790
    3.236560935    0.003977087    0.011415192    0.011528418
    3.243739566    0.004520637    0.011773535    0.011790974
    3.250918197    0.005237003    0.011087679    0.011433832
    3.258096828    0.006066439    0.009775713    0.010807597
    3.265275459    0.006983099    0.008890933    0.010686911
    3.272454090    0.008688731    0.008892986    0.012289227
    3.279632721    0.010919544    0.009095943    0.014652645
    3.286811352    0.012010851    0.008739820    0.014213580
    3.293989983    0.011869920    0.008383169    0.012038057
    3.301168614    0.010847688    0.008282270    0.009855261
    3.308347245    0.009847631    0.008894435    0.008720273
    3.315525876    0.008585396    0.009348113    0.008183956
    3.322704508    0.007620989    0.009144432    0.007591010
    3.329883139    0.007406660    0.009580110    0.007588238
    3.337061770    0.007362166    0.011629981    0.009076398
    3.344240401    0.007465067    0.014218154    0.011160916
    3.351419032    0.007889239    0.014387548    0.011539343
    3.358597663    0.009180385    0.012379157    0.010580037
    3.365776294    0.012321994    0.010567290    0.009855462
    3.372954925    0.014845228    0.009854583    0.009463642
    3.380133556    0.015686855    0.011491513    0.010311170
    3.387312187    0.017774285    0.015430951    0.012736287
    3.394490818    0.022068056    0.016735686    0.013472071
    3.401669449    0.026803881    0.015418090    0.011841167
    3.408848080    0.031626543    0.013658737    0.010356696
    3.416026711    0.034073172    0.011585130    0.008955578
    3.423205342    0.031425386    0.009072332    0.007081434
    3.430383973    0.026837311    0.007182359    0.005649502
    3.437562604    0.022195060    0.005987138    0.004983625
    3.444741235    0.019599251    0.005338658    0.004848592
    3.451919866    0.022077172    0.005159381    0.005128077
    3.459098497    0.028940528    0.005203317    0.005583632
    3.466277129    0.032351058    0.005243602    0.005654276
    3.473455760    0.032757087    0.005790453    0.005926748
    3.480634391    0.032523598    0.006849001    0.006657824
    3.487813022    0.033515088    0.007088394    0.006887819
    3.494991653    0.038535887    0.006545499    0.006434161
    3.502170284    0.043513146    0.006184892    0.006004522
    3.509348915    0.048681633    0.006194958    0.005866718
    3.516527546    0.056093733    0.006651623    0.006187118
    3.523706177    0.065772540    0.007711695    0.007093770
    3.530884808    0.075123707    0.010257277    0.009384226
    3.538063439    0.067285017    0.014040195    0.013085650
    3.545242070    0.048704562    0.015482693    0.014381954
    3.552420701    0.038523656    0.014805217    0.013249131
    3.559599332    0.039368959    0.013364432    0.011631355
    3.566777963    0.046993699    0.012221058    0.010664566
    3.573956594    0.054810677    0.012787601    0.011253848
    3.581135225    0.065760549    0.015198455    0.013754822
    3.588313856    0.076026570    0.016320889    0.015165653
    3.595492487    0.079734183    0.015733984    0.014708911
    3.602671119    0.068164363    0.015227649    0.014154883
    3.609849750    0.051960035    0.015104874    0.013946115
    3.617028381    0.041667935    0.014035443    0.012775038
    3.624207012    0.035969847    0.012421067    0.011082830
    3.631385643    0.028947652    0.012263275    0.010984198
    3.638564274    0.022573761    0.012982202    0.011997459
    3.645742905    0.018897491    0.012576039    0.011784326
    3.652921536    0.017219705    0.012125830    0.011380818
    3.660100167    0.016799067    0.011796186    0.011117387
    3.667278798    0.017864265    0.011725473    0.011106400
    3.674457429    0.017653380    0.011011761    0.010594065
    3.681636060    0.015277857    0.008594167    0.008317480
    3.688814691    0.012903684    0.007634076    0.007339371
    3.695993322    0.011661899    0.007976753    0.007679480
    3.703171953    0.011607748    0.008217542    0.008001293
    3.710350584    0.012021643    0.008294604    0.008169404
    3.717529215    0.012333696    0.009049599    0.008975957
    3.724707846    0.012835128    0.010446061    0.010828832
    3.731886477    0.014902039    0.010749080    0.012530810
    3.739065109    0.019444942    0.009582911    0.012469576
    3.746243740    0.023711347    0.009194094    0.011673730
    3.753422371    0.028248257    0.009605282    0.010571799
    3.760601002    0.030784690    0.010945814    0.010467350
    3.767779633    0.027662402    0.013238750    0.012162548
    3.774958264    0.023268245    0.014810244    0.014914981
    3.782136895    0.020185294    0.014139522    0.016841262
    3.789315526    0.018281044    0.013154332    0.017654075
    3.796494157    0.016402000    0.012568175    0.018604447
    3.803672788    0.014081269    0.011395586    0.018577492
    3.810851419    0.012119035    0.009504964    0.016416106
    3.818030050    0.010448328    0.008484253    0.015671750
    3.825208681    0.009233456    0.008421176    0.017919739
    3.832387312    0.008510398    0.008764865    0.022979906
    3.839565943    0.008613240    0.009195581    0.030406459
    3.846744574    0.009950894    0.009257047    0.035029012
    3.853923205    0.012202324    0.009283443    0.031706926
    3.861101836    0.013464292    0.009694824    0.029101248
    3.868280467    0.012365235    0.011018707    0.033767723
    3.875459098    0.011166924    0.013089689    0.040842461
    3.882637730    0.011391277    0.015375445    0.044457391
    3.889816361    0.014144056    0.018087712    0.043104880
    3.896994992    0.018071113    0.021653058    0.040836557
    3.904173623    0.018977896    0.025671257    0.041322685
    3.911352254    0.017602078    0.027799376    0.040661747
    3.918530885    0.015019828    0.030526658    0.037544786
    3.925709516    0.013065326    0.037041521    0.034095800
    3.932888147    0.012838900    0.046868410    0.030748758
    3.940066778    0.011890676    0.062034602    0.027400434
    3.947245409    0.010398164    0.078633349    0.024761504
    3.954424040    0.009389215    0.091359788    0.022229858
    3.961602671    0.009011699    0.089131499    0.020373508
    3.968781302    0.010680621    0.075865251    0.018850460
    3.975959933    0.014229257    0.062273669    0.014686905
    3.983138564    0.014903136    0.048987165    0.011489613
    3.990317195    0.014807091    0.038237906    0.011224590
    3.997495826    0.014485740    0.033421040    0.012612127
    4.004674457    0.014510070    0.033073641    0.014583648
    4.011853088    0.014569403    0.029707653    0.015544329
    4.019031720    0.014288448    0.027789309    0.014143886
    4.026210351    0.013878629    0.026646468    0.012081119
    4.033388982    0.013135771    0.025036593    0.010035901
    4.040567613    0.012241978    0.025372193    0.008682665
    4.047746244    0.011032088    0.026014836    0.007739778
    4.054924875    0.010943196    0.027357145    0.007232774
    4.062103506    0.012739968    0.029111912    0.006991923
    4.069282137    0.014737326    0.028425405    0.006519812
    4.076460768    0.014423356    0.024086593    0.005611294
    4.083639399    0.011744190    0.016262341    0.004853118
    4.090818030    0.010334708    0.012205238    0.004385812
    4.097996661    0.011062476    0.012132356    0.004025152
    4.105175292    0.012561558    0.013423929    0.003856489
    4.112353923    0.013025273    0.014562768    0.003938245
    4.119532554    0.011319522    0.015225487    0.004186257
    4.126711185    0.009241698    0.015451202    0.004535714
    4.133889816    0.008863371    0.016008455    0.005079151
    4.141068447    0.009738726    0.016926599    0.005643477
    4.148247078    0.010701971    0.017789923    0.005930816
    4.155425710    0.010749523    0.017420918    0.006308424
    4.162604341    0.010329391    0.016370883    0.006668579
    4.169782972    0.010173917    0.016143183    0.006722124
    4.176961603    0.009479802    0.015408886    0.006350413
    4.184140234    0.008221765    0.013332135    0.005607995
    4.191318865    0.007286053    0.011615423    0.005175789
    4.198497496    0.007217024    0.011369145    0.005122620
    4.205676127    0.007698005    0.011942146    0.005385990
    4.212854758    0.008440609    0.012378615    0.005976656
    4.220033389    0.008888964    0.012740599    0.006650751
    4.227212020    0.008753438    0.013699133    0.007006149
    4.234390651    0.007791261    0.014525021    0.006738953
    4.241569282    0.007072110    0.014307629    0.006550516
    4.248747913    0.006679114    0.012011362    0.006414005
    4.255926544    0.006347499    0.009233298    0.005931541
    4.263105175    0.006295107    0.007773158    0.005307228
    4.270283806    0.006634125    0.007341812    0.004928997
    4.277462437    0.007350751    0.007342050    0.004747011
    4.284641068    0.008586566    0.007681938    0.004735076
    4.291819699    0.010559704    0.008527467    0.004961244
    4.298998331    0.012338693    0.009356972    0.005279350
    4.306176962    0.012632398    0.009262345    0.005435851
    4.313355593    0.012839713    0.009100273    0.005423149
    4.320534224    0.013766549    0.009576533    0.005401193
    4.327712855    0.013819919    0.009570065    0.005425273
    4.334891486    0.011024150    0.007960433    0.005311823
    4.342070117    0.008371093    0.006217634    0.005165226
    4.349248748    0.007149129    0.005242915    0.005309971
    4.356427379    0.006190877    0.004522748    0.005711680
    4.363606010    0.005307290    0.003831462    0.006243575
    4.370784641    0.004567723    0.003206409    0.006587596
    4.377963272    0.004071350    0.002699377    0.006214672
    4.385141903    0.003936847    0.002329461    0.005362475
    4.392320534    0.004170374    0.002084425    0.004716496
    4.399499165    0.004739858    0.001914077    0.004175604
    4.406677796    0.005416302    0.001776075    0.003695969
    4.413856427    0.005770708    0.001658843    0.003445854
    4.421035058    0.005907607    0.001600801    0.003602882
    4.428213689    0.006316710    0.001665121    0.004264272
    4.435392321    0.006958270    0.001906121    0.005366885
    4.442570952    0.007525985    0.002373031    0.006519291
    4.449749583    0.007792262    0.003065759    0.007212085
    4.456928214    0.008257482    0.003884513    0.007734851
    4.464106845    0.009173413    0.004600995    0.008270259
    4.471285476    0.010209290    0.004993388    0.008653489
    4.478464107    0.010800272    0.005144829    0.008512793
    4.485642738    0.010681990    0.005232129    0.007900498
    4.492821369    0.010614580    0.005361339    0.007398798
    4.500000000    0.011272205    0.005461781    0.006991966
