# energy grid [eV]  eels components [arbitrary units]
#
    0.200000000    0.000000000    0.000000000    0.000000000
    0.207178631    0.000000000    0.000000000    0.000000000
    0.214357262    0.000000000    0.000000000    0.000000000
    0.221535893    0.000000000    0.000000000    0.000000000
    0.228714524    0.000000000    0.000000000    0.000000000
    0.235893155    0.000000000    0.000000000    0.000000000
    0.243071786    0.000000000    0.000000000    0.000000000
    0.250250417    0.000000000    0.000000000    0.000000000
    0.257429048    0.000000000    0.000000000    0.000000000
    0.264607679    0.000000000    0.000000000    0.000000000
    0.271786311    0.000000000    0.000000000    0.000000000
    0.278964942    0.000000000    0.000000000    0.000000000
    0.286143573    0.000000000    0.000000000    0.000000000
    0.293322204    0.000000000    0.000000000    0.000000000
    0.300500835    0.000000000    0.000000000    0.000000000
    0.307679466    0.000000000    0.000000000    0.000000000
    0.314858097    0.000000000    0.000000000    0.000000000
    0.322036728    0.000000000    0.000000000    0.000000000
    0.329215359    0.000000000    0.000000000    0.000000000
    0.336393990    0.000000000    0.000000000    0.000000000
    0.343572621    0.000000000    0.000000000    0.000000000
    0.350751252    0.000000000    0.000000000    0.000000000
    0.357929883    0.000000000    0.000000000    0.000000000
    0.365108514    0.000000000    0.000000000    0.000000000
    0.372287145    0.000000000    0.000000000    0.000000000
    0.379465776    0.000000000    0.000000000    0.000000000
    0.386644407    0.000000000    0.000000000    0.000000000
    0.393823038    0.000000000    0.000000000    0.000000000
    0.401001669    0.000000000    0.000000000    0.000000000
    0.408180301    0.000000000    0.000000000    0.000000000
    0.415358932    0.000000000    0.000000000    0.000000000
    0.422537563    0.000000000    0.000000000    0.000000000
    0.429716194    0.000000000    0.000000000    0.000000000
    0.436894825    0.000000000    0.000000000    0.000000000
    0.444073456    0.000000000    0.000000000    0.000000000
    0.451252087    0.000000000    0.000000000    0.000000000
    0.458430718    0.000000000    0.000000000    0.000000000
    0.465609349    0.000000000    0.000000000    0.000000000
    0.472787980    0.000000000    0.000000000    0.000000000
    0.479966611    0.000000000    0.000000000    0.000000000
    0.487145242    0.000000000    0.000000000    0.000000000
    0.494323873    0.000000000    0.000000000    0.000000000
    0.501502504    0.000000000    0.000000000    0.000000000
    0.508681135    0.000000000    0.000000000    0.000000000
    0.515859766    0.000000000    0.000000000    0.000000000
    0.523038397    0.000000000    0.000000000    0.000000000
    0.530217028    0.000000000    0.000000000    0.000000000
    0.537395659    0.000000000    0.000000000    0.000000000
    0.544574290    0.000000000    0.000000000    0.000000000
    0.551752922    0.000000000    0.000000000    0.000000000
    0.558931553    0.000000000    0.000000000    0.000000000
    0.566110184    0.000000000    0.000000000    0.000000000
    0.573288815    0.000000000    0.000000000    0.000000000
    0.580467446    0.000000000    0.000000000    0.000000000
    0.587646077    0.000000000    0.000000000    0.000000000
    0.594824708    0.000000000    0.000000000    0.000000000
    0.602003339    0.000000000    0.000000000    0.000000000
    0.609181970    0.000000000    0.000000000    0.000000000
    0.616360601    0.000000000    0.000000000    0.000000000
    0.623539232    0.000000000    0.000000000    0.000000000
    0.630717863    0.000000000    0.000000000    0.000000000
    0.637896494    0.000000000    0.000000000    0.000000000
    0.645075125    0.000000000    0.000000000    0.000000000
    0.652253756    0.000000000    0.000000000    0.000000000
    0.659432387    0.000000000    0.000000000    0.000000000
    0.666611018    0.000000000    0.000000000    0.000000000
    0.673789649    0.000000000    0.000000000    0.000000000
    0.680968280    0.000000001    0.000000000    0.000000001
    0.688146912    0.000000005    0.000000001    0.000000008
    0.695325543    0.000000024    0.000000005    0.000000038
    0.702504174    0.000000107    0.000000021    0.000000169
    0.709682805    0.000000423    0.000000081    0.000000666
    0.716861436    0.000001486    0.000000284    0.000002338
    0.724040067    0.000004655    0.000000890    0.000007316
    0.731218698    0.000013004    0.000002486    0.000020408
    0.738397329    0.000032388    0.000006202    0.000050751
    0.745575960    0.000071919    0.000013829    0.000112501
    0.752754591    0.000142397    0.000027650    0.000222331
    0.759933222    0.000251468    0.000049910    0.000391890
    0.767111853    0.000396424    0.000082507    0.000616958
    0.774290484    0.000559249    0.000128331    0.000870979
    0.781469115    0.000710897    0.000195953    0.001114852
    0.788647746    0.000827078    0.000307462    0.001326204
    0.795826377    0.000895036    0.000503871    0.001501237
    0.803005008    0.000913231    0.000837168    0.001636263
    0.810183639    0.000918411    0.001345592    0.001794100
    0.817362270    0.000953926    0.002015292    0.002041865
    0.824540902    0.001030865    0.002756577    0.002372428
    0.831719533    0.001123435    0.003449365    0.002718151
    0.838898164    0.001190611    0.004067026    0.003029817
    0.846076795    0.001184762    0.004509762    0.003204095
    0.853255426    0.001057814    0.004278153    0.002959554
    0.860434057    0.000837161    0.003427773    0.002353857
    0.867612688    0.000590464    0.002406828    0.001652345
    0.874791319    0.000371909    0.001504239    0.001034227
    0.881969950    0.000209181    0.000839814    0.000578368
    0.889148581    0.000105025    0.000419009    0.000288976
    0.896327212    0.000047057    0.000186773    0.000128952
    0.903505843    0.000018811    0.000074351    0.000051375
    0.910684474    0.000006708    0.000026424    0.000018268
    0.917863105    0.000002134    0.000008382    0.000005798
    0.925041736    0.000000607    0.000002373    0.000001649
    0.932220367    0.000000161    0.000000599    0.000000453
    0.939398998    0.000000071    0.000000135    0.000000265
    0.946577629    0.000000150    0.000000028    0.000000692
    0.953756260    0.000000505    0.000000008    0.000002364
    0.960934891    0.000001579    0.000000014    0.000007382
    0.968113523    0.000004410    0.000000059    0.000020588
    0.975292154    0.000010985    0.000000231    0.000051207
    0.982470785    0.000024401    0.000000817    0.000113584
    0.989649416    0.000048331    0.000002599    0.000224717
    0.996828047    0.000085367    0.000007398    0.000396647
    1.004006678    0.000134471    0.000018825    0.000625102
    1.011185309    0.000188973    0.000042773    0.000881461
    1.018363940    0.000237210    0.000086732    0.001119272
    1.025542571    0.000266713    0.000156877    0.001298151
    1.032721202    0.000268665    0.000253055    0.001378622
    1.039899833    0.000241184    0.000364086    0.001309145
    1.047078464    0.000193257    0.000467866    0.001119539
    1.054257095    0.000139140    0.000539315    0.000882973
    1.061435726    0.000091360    0.000558926    0.000653144
    1.068614357    0.000058185    0.000515234    0.000456502
    1.075792988    0.000045509    0.000422471    0.000306710
    1.082971619    0.000062177    0.000314914    0.000210495
    1.090150250    0.000126245    0.000227383    0.000173942
    1.097328881    0.000268041    0.000187861    0.000208295
    1.104507513    0.000524487    0.000216431    0.000328480
    1.111686144    0.000920642    0.000325495    0.000543690
    1.118864775    0.001442695    0.000516526    0.000842741
    1.126043406    0.002021971    0.000773547    0.001184015
    1.133222037    0.002563786    0.001061599    0.001506530
    1.140400668    0.003025866    0.001340868    0.001766613
    1.147579299    0.003327276    0.001583888    0.001922707
    1.154757930    0.003211605    0.001774724    0.001905651
    1.161936561    0.002725279    0.001902011    0.001762805
    1.169115192    0.002128443    0.001989806    0.001605257
    1.176293823    0.001614389    0.002079580    0.001501911
    1.183472454    0.001255567    0.002170715    0.001455935
    1.190651085    0.001037928    0.002243098    0.001433125
    1.197829716    0.000903717    0.002231065    0.001374007
    1.205008347    0.000795002    0.002008967    0.001211119
    1.212186978    0.000695053    0.001627011    0.000971559
    1.219365609    0.000617528    0.001224973    0.000728568
    1.226544240    0.000582389    0.000902124    0.000536633
    1.233722871    0.000592979    0.000695891    0.000416423
    1.240901503    0.000629610    0.000590165    0.000356957
    1.248080134    0.000660556    0.000540481    0.000330003
    1.255258765    0.000655307    0.000500372    0.000306801
    1.262437396    0.000590395    0.000437070    0.000268627
    1.269616027    0.000474798    0.000347318    0.000214051
    1.276794658    0.000340939    0.000248312    0.000153418
    1.283973289    0.000218702    0.000159031    0.000098452
    1.291151920    0.000125311    0.000091134    0.000056476
    1.298330551    0.000064261    0.000047057    0.000029037
    1.305509182    0.000030025    0.000023196    0.000013746
    1.312687813    0.000014446    0.000014869    0.000007126
    1.319866444    0.000011439    0.000020491    0.000006840
    1.327045075    0.000019054    0.000044014    0.000012773
    1.334223706    0.000039418    0.000095248    0.000027081
    1.341402337    0.000076967    0.000187069    0.000053252
    1.348580968    0.000135048    0.000328488    0.000094043
    1.355759599    0.000211517    0.000514969    0.000148690
    1.362938230    0.000295612    0.000721811    0.000210859
    1.370116861    0.000369366    0.000909430    0.000269453
    1.377295492    0.000414707    0.001042444    0.000313028
    1.384474124    0.000419115    0.001089749    0.000333786
    1.391652755    0.000380099    0.001022235    0.000330162
    1.398831386    0.000315422    0.000874243    0.000312113
    1.406010017    0.000252284    0.000710797    0.000295634
    1.413188648    0.000213176    0.000581702    0.000294309
    1.420367279    0.000208913    0.000510611    0.000313589
    1.427545910    0.000237524    0.000499613    0.000349159
    1.434724541    0.000288907    0.000537282    0.000388235
    1.441903172    0.000353382    0.000611564    0.000415254
    1.449081803    0.000428572    0.000718979    0.000418830
    1.456260434    0.000518060    0.000857624    0.000395247
    1.463439065    0.000630008    0.001026472    0.000358310
    1.470617696    0.000769778    0.001216105    0.000332964
    1.477796327    0.000931895    0.001399907    0.000338937
    1.484974958    0.001104004    0.001548160    0.000381224
    1.492153589    0.001260523    0.001607898    0.000448752
    1.499332220    0.001366879    0.001520539    0.000522525
    1.506510851    0.001419851    0.001323650    0.000586879
    1.513689482    0.001417786    0.001084270    0.000632754
    1.520868114    0.001376615    0.000878001    0.000670107
    1.528046745    0.001321806    0.000768080    0.000723388
    1.535225376    0.001252908    0.000778007    0.000807120
    1.542404007    0.001182845    0.000893827    0.000918929
    1.549582638    0.001124038    0.001078706    0.001043599
    1.556761269    0.001075335    0.001293612    0.001169191
    1.563939900    0.001019888    0.001489968    0.001282350
    1.571118531    0.000939102    0.001609372    0.001371923
    1.578297162    0.000849881    0.001647486    0.001472668
    1.585475793    0.000775236    0.001624575    0.001614163
    1.592654424    0.000724363    0.001532840    0.001779546
    1.599833055    0.000692495    0.001388564    0.001927553
    1.607011686    0.000665851    0.001242127    0.002030972
    1.614190317    0.000626769    0.001116516    0.002010561
    1.621368948    0.000574373    0.001013430    0.001778489
    1.628547579    0.000524601    0.000933628    0.001428714
    1.635726210    0.000493208    0.000872723    0.001088667
    1.642904841    0.000488323    0.000820382    0.000831403
    1.650083472    0.000514209    0.000786065    0.000682292
    1.657262104    0.000575980    0.000802388    0.000635580
    1.664440735    0.000674207    0.000893675    0.000668036
    1.671619366    0.000799171    0.001057022    0.000751297
    1.678797997    0.000931591    0.001258408    0.000858968
    1.685976628    0.001043470    0.001445134    0.000963652
    1.693155259    0.001110120    0.001574493    0.001043085
    1.700333890    0.001099549    0.001585363    0.001070670
    1.707512521    0.000987719    0.001416821    0.001017419
    1.714691152    0.000818768    0.001132376    0.000905695
    1.721869783    0.000657671    0.000833406    0.000780473
    1.729048414    0.000549453    0.000587811    0.000674194
    1.736227045    0.000512208    0.000426935    0.000605574
    1.743405676    0.000540424    0.000354910    0.000587930
    1.750584307    0.000611789    0.000358142    0.000621832
    1.757762938    0.000699760    0.000415607    0.000694152
    1.764941569    0.000781358    0.000505513    0.000782297
    1.772120200    0.000836131    0.000609597    0.000860789
    1.779298831    0.000862621    0.000715282    0.000911831
    1.786477462    0.000873220    0.000810399    0.000921956
    1.793656093    0.000889450    0.000893220    0.000907026
    1.800834725    0.000929372    0.000969396    0.000902822
    1.808013356    0.001007211    0.001031384    0.000936685
    1.815191987    0.001131069    0.001067139    0.001014147
    1.822370618    0.001293032    0.001066619    0.001114933
    1.829549249    0.001467000    0.001022241    0.001204789
    1.836727880    0.001611930    0.000923418    0.001241282
    1.843906511    0.001686714    0.000783370    0.001184535
    1.851085142    0.001675298    0.000638590    0.001039617
    1.858263773    0.001570942    0.000517194    0.000857827
    1.865442404    0.001370706    0.000430906    0.000692201
    1.872621035    0.001128964    0.000379487    0.000585041
    1.879799666    0.000922426    0.000358623    0.000562094
    1.886978297    0.000796168    0.000364446    0.000623352
    1.894156928    0.000757501    0.000396532    0.000743651
    1.901335559    0.000790639    0.000462133    0.000884094
    1.908514190    0.000874245    0.000576798    0.001011628
    1.915692821    0.000988416    0.000756663    0.001096675
    1.922871452    0.001114582    0.001006492    0.001110051
    1.930050083    0.001254504    0.001311926    0.001078044
    1.937228715    0.001408291    0.001636470    0.001047034
    1.944407346    0.001562597    0.001938253    0.001051601
    1.951585977    0.001699760    0.002179591    0.001113654
    1.958764608    0.001792641    0.002301758    0.001238982
    1.965943239    0.001805789    0.002261438    0.001409781
    1.973121870    0.001717878    0.002077807    0.001584742
    1.980300501    0.001569004    0.001859418    0.001744072
    1.987479132    0.001428854    0.001705212    0.001878992
    1.994657763    0.001356718    0.001657420    0.001943768
    2.001836394    0.001368301    0.001708517    0.001917542
    2.009015025    0.001449472    0.001830793    0.001808424
    2.016193656    0.001570557    0.001985621    0.001664051
    2.023372287    0.001699803    0.002135313    0.001536136
    2.030550918    0.001812770    0.002268736    0.001458801
    2.037729549    0.001836661    0.002322405    0.001434284
    2.044908180    0.001741655    0.002267488    0.001451993
    2.052086811    0.001572684    0.002135534    0.001491448
    2.059265442    0.001363451    0.001942097    0.001523914
    2.066444073    0.001147322    0.001714663    0.001524800
    2.073622705    0.000938618    0.001456242    0.001452343
    2.080801336    0.000749663    0.001199144    0.001310648
    2.087979967    0.000589526    0.000980229    0.001133459
    2.095158598    0.000462785    0.000810594    0.000962558
    2.102337229    0.000373043    0.000682771    0.000854296
    2.109515860    0.000321851    0.000583606    0.000847133
    2.116694491    0.000310068    0.000512147    0.000947097
    2.123873122    0.000339773    0.000473676    0.001128456
    2.131051753    0.000418025    0.000472138    0.001351733
    2.138230384    0.000561327    0.000508966    0.001595736
    2.145409015    0.000791893    0.000583378    0.001830071
    2.152587646    0.001124533    0.000694478    0.001985759
    2.159766277    0.001550470    0.000838750    0.002074154
    2.166944908    0.002022617    0.000999843    0.002132359
    2.174123539    0.002486135    0.001156899    0.002194710
    2.181302170    0.002933206    0.001297256    0.002266253
    2.188480801    0.003358627    0.001408408    0.002303770
    2.195659432    0.003511639    0.001445800    0.002300590
    2.202838063    0.003293581    0.001406787    0.002296635
    2.210016694    0.002937411    0.001336871    0.002343039
    2.217195326    0.002626226    0.001269294    0.002465812
    2.224373957    0.002391953    0.001205507    0.002650350
    2.231552588    0.002166862    0.001121802    0.002815399
    2.238731219    0.001904210    0.001027424    0.002895491
    2.245909850    0.001623906    0.000954559    0.002859089
    2.253088481    0.001385162    0.000926463    0.002728237
    2.260267112    0.001234706    0.000954069    0.002608423
    2.267445743    0.001186800    0.001032708    0.002558813
    2.274624374    0.001224560    0.001144978    0.002587070
    2.281803005    0.001314539    0.001258789    0.002603305
    2.288981636    0.001409144    0.001339489    0.002469968
    2.296160267    0.001473684    0.001373913    0.002234480
    2.303338898    0.001496911    0.001356931    0.002008305
    2.310517529    0.001485408    0.001296347    0.001895320
    2.317696160    0.001457232    0.001213485    0.001959270
    2.324874791    0.001400069    0.001114695    0.002176628
    2.332053422    0.001317912    0.001015921    0.002480520
    2.339232053    0.001252187    0.000952985    0.002824944
    2.346410684    0.001226104    0.000944773    0.003201057
    2.353589316    0.001255452    0.000993121    0.003640828
    2.360767947    0.001335101    0.001082264    0.003917150
    2.367946578    0.001451095    0.001191538    0.003832885
    2.375125209    0.001589399    0.001307325    0.003613408
    2.382303840    0.001759118    0.001440265    0.003517937
    2.389482471    0.001965777    0.001598169    0.003639873
    2.396661102    0.002154735    0.001748782    0.003847254
    2.403839733    0.002306055    0.001879302    0.004045298
    2.411018364    0.002446569    0.002004125    0.004252231
    2.418196995    0.002592530    0.002125929    0.004571101
    2.425375626    0.002659522    0.002181514    0.004786546
    2.432554257    0.002531197    0.002106882    0.004395683
    2.439732888    0.002245476    0.001935578    0.003522579
    2.446911519    0.001903967    0.001742222    0.002595409
    2.454090150    0.001609255    0.001603173    0.001875396
    2.461268781    0.001426871    0.001572573    0.001434763
    2.468447412    0.001368709    0.001646099    0.001255097
    2.475626043    0.001395923    0.001757562    0.001264423
    2.482804674    0.001459539    0.001857660    0.001373211
    2.489983306    0.001523774    0.001944290    0.001506557
    2.497161937    0.001527541    0.001969955    0.001611205
    2.504340568    0.001410583    0.001832549    0.001627880
    2.511519199    0.001207378    0.001576150    0.001515003
    2.518697830    0.000986580    0.001299298    0.001315174
    2.525876461    0.000798413    0.001066021    0.001107562
    2.533055092    0.000665096    0.000904339    0.000954437
    2.540233723    0.000592178    0.000822232    0.000877739
    2.547412354    0.000581312    0.000824685    0.000870657
    2.554590985    0.000631079    0.000905551    0.000910916
    2.561769616    0.000737493    0.001047164    0.000974246
    2.568948247    0.000893151    0.001222463    0.001037407
    2.576126878    0.001097508    0.001413349    0.001085267
    2.583305509    0.001357799    0.001611557    0.001119217
    2.590484140    0.001659659    0.001758324    0.001139040
    2.597662771    0.002002505    0.001831221    0.001152444
    2.604841402    0.002372843    0.001868868    0.001165659
    2.612020033    0.002700364    0.001877109    0.001179492
    2.619198664    0.003006258    0.001880762    0.001199195
    2.626377295    0.003419123    0.001913711    0.001220610
    2.633555927    0.003726724    0.001916504    0.001221851
    2.640734558    0.003527201    0.001823047    0.001179461
    2.647913189    0.003063139    0.001708517    0.001108510
    2.655091820    0.002569312    0.001618205    0.001025095
    2.662270451    0.002151967    0.001566104    0.000956998
    2.669449082    0.001888094    0.001577128    0.000925899
    2.676627713    0.001764454    0.001656870    0.000930707
    2.683806344    0.001720180    0.001779104    0.000955114
    2.690984975    0.001681552    0.001897362    0.000984648
    2.698163606    0.001611851    0.001995083    0.001010932
    2.705342237    0.001530646    0.002088628    0.001040178
    2.712520868    0.001471855    0.002179792    0.001091191
    2.719699499    0.001454922    0.002279245    0.001175737
    2.726878130    0.001468244    0.002407624    0.001289669
    2.734056761    0.001487045    0.002563890    0.001419844
    2.741235392    0.001488637    0.002667904    0.001562457
    2.748414023    0.001440236    0.002572067    0.001690534
    2.755592654    0.001343293    0.002339520    0.001774513
    2.762771285    0.001253957    0.002123098    0.001841319
    2.769949917    0.001200015    0.001966660    0.001916103
    2.777128548    0.001177290    0.001807800    0.001972820
    2.784307179    0.001187351    0.001622992    0.001957765
    2.791485810    0.001230830    0.001465538    0.001864706
    2.798664441    0.001283341    0.001358945    0.001753026
    2.805843072    0.001327094    0.001307501    0.001647145
    2.813021703    0.001399675    0.001343334    0.001560088
    2.820200334    0.001562882    0.001514944    0.001494880
    2.827378965    0.001808282    0.001827658    0.001445451
    2.834557596    0.002127916    0.002258992    0.001387812
    2.841736227    0.002560215    0.002801665    0.001328735
    2.848914858    0.003111706    0.003444274    0.001307096
    2.856093489    0.003723458    0.004128438    0.001329806
    2.863272120    0.004346537    0.004827144    0.001366544
    2.870450751    0.005564140    0.006269341    0.001396136
    2.877629382    0.008084039    0.009373977    0.001403686
    2.884808013    0.010468115    0.012193961    0.001353341
    2.891986644    0.011112784    0.012785539    0.001266627
    2.899165275    0.010870032    0.012508422    0.001197963
    2.906343907    0.010405006    0.012215592    0.001192270
    2.913522538    0.008540336    0.010212538    0.001281573
    2.920701169    0.006626869    0.007953966    0.001473462
    2.927879800    0.005728405    0.006840155    0.001778243
    2.935058431    0.005894086    0.007070104    0.002199808
    2.942237062    0.006440128    0.007801075    0.002631155
    2.949415693    0.006545200    0.007851955    0.002992800
    2.956594324    0.006981411    0.008236666    0.003455551
    2.963772955    0.009385760    0.010877438    0.004509133
    2.970951586    0.013993402    0.015885507    0.005794266
    2.978130217    0.016955443    0.019140038    0.005852377
    2.985308848    0.018285597    0.021041819    0.005212777
    2.992487479    0.021702037    0.025981976    0.004757457
    2.999666110    0.024844070    0.031050945    0.004654548
    3.006844741    0.023939520    0.030561201    0.004796214
    3.014023372    0.022001005    0.026777194    0.005318774
    3.021202003    0.022758182    0.024581490    0.007092716
    3.028380634    0.023997599    0.021304085    0.011011964
    3.035559265    0.020203754    0.016037056    0.013263030
    3.042737896    0.015295836    0.012367429    0.012710162
    3.049916528    0.012398064    0.010590381    0.011526993
    3.057095159    0.011169103    0.009835118    0.009562500
    3.064273790    0.012220684    0.010477680    0.007619621
    3.071452421    0.017193950    0.013549969    0.006492443
    3.078631052    0.024210343    0.018082219    0.005746253
    3.085809683    0.029983352    0.021622966    0.005324387
    3.092988314    0.029717278    0.019627123    0.005185129
    3.100166945    0.022815509    0.014547624    0.005042139
    3.107345576    0.014813970    0.010384907    0.004823966
    3.114524207    0.009860626    0.007979735    0.004470926
    3.121702838    0.007821984    0.006881832    0.003928595
    3.128881469    0.007442123    0.006801230    0.003539066
    3.136060100    0.007575736    0.007183781    0.003385579
    3.143238731    0.007566032    0.007332207    0.003343768
    3.150417362    0.007691789    0.007557475    0.003433860
    3.157595993    0.009064889    0.009139457    0.003671203
    3.164774624    0.013811669    0.014764799    0.004029325
    3.171953255    0.019279021    0.021235225    0.004637773
    3.179131886    0.022210329    0.023459475    0.005417911
    3.186310518    0.024982226    0.024855792    0.005653474
    3.193489149    0.026297999    0.025088539    0.005307977
    3.200667780    0.024467084    0.022699545    0.005162562
    3.207846411    0.022293957    0.020555342    0.005680013
    3.215025042    0.023084362    0.020958551    0.006958180
    3.222203673    0.024998440    0.021509870    0.009834106
    3.229382304    0.021794200    0.018076691    0.012775518
    3.236560935    0.016522407    0.013752768    0.011967633
    3.243739566    0.013317458    0.011248544    0.009516164
    3.250918197    0.012340838    0.010300262    0.007743118
    3.258096828    0.012969152    0.010708313    0.007031095
    3.265275459    0.015760410    0.013617256    0.007985461
    3.272454090    0.020867197    0.020020839    0.012175952
    3.279632721    0.023709064    0.025151566    0.016219184
    3.286811352    0.021301466    0.024391516    0.016725771
    3.293989983    0.017981628    0.020823058    0.015322162
    3.301168614    0.016827432    0.018260180    0.013510183
    3.308347245    0.016285356    0.016509155    0.011955252
    3.315525876    0.014341820    0.014019890    0.012109921
    3.322704508    0.011981630    0.011389282    0.014887318
    3.329883139    0.010064902    0.009297794    0.016523907
    3.337061770    0.008683354    0.008326187    0.017244701
    3.344240401    0.007845741    0.008807460    0.018918661
    3.351419032    0.007366453    0.009709009    0.020887528
    3.358597663    0.007163605    0.009768122    0.023210833
    3.365776294    0.007066263    0.009062205    0.025631302
    3.372954925    0.006713725    0.008079956    0.027451043
    3.380133556    0.006369172    0.007645709    0.027918427
    3.387312187    0.006235583    0.007928440    0.025833202
    3.394490818    0.006237103    0.008058069    0.022602000
    3.401669449    0.006378521    0.007788075    0.021697094
    3.408848080    0.006860995    0.007903148    0.023746790
    3.416026711    0.007122290    0.008269471    0.024494006
    3.423205342    0.007260366    0.008558553    0.024215437
    3.430383973    0.008961815    0.010266448    0.023568426
    3.437562604    0.012253690    0.013690886    0.023130721
    3.444741235    0.013832432    0.015264446    0.023381268
    3.451919866    0.014655268    0.015473483    0.023265831
    3.459098497    0.015131781    0.014894751    0.024056160
    3.466277129    0.014469694    0.013359582    0.023702079
    3.473455760    0.012927106    0.011815064    0.021015739
    3.480634391    0.012796292    0.012212302    0.018929565
    3.487813022    0.014729666    0.014509639    0.018380374
    3.494991653    0.014780135    0.014140814    0.017299003
    3.502170284    0.014934989    0.014335123    0.015058939
    3.509348915    0.015862209    0.016052407    0.013855251
    3.516527546    0.017737239    0.018886931    0.014047796
    3.523706177    0.020973066    0.022276624    0.014159036
    3.530884808    0.023174571    0.024598686    0.014146272
    3.538063439    0.022611770    0.025529526    0.014417622
    3.545242070    0.021481734    0.024701357    0.013539439
    3.552420701    0.020408775    0.023238595    0.012252667
    3.559599332    0.018825251    0.022101261    0.013258066
    3.566777963    0.017855078    0.020262747    0.016116422
    3.573956594    0.017502128    0.019257804    0.018345596
    3.581135225    0.017396233    0.019194711    0.017636330
    3.588313856    0.017403849    0.018972637    0.017185898
    3.595492487    0.015454978    0.017940286    0.018756733
    3.602671119    0.011692548    0.014860607    0.020709738
    3.609849750    0.010880423    0.012909441    0.021299735
    3.617028381    0.012504373    0.012883733    0.020877346
    3.624207012    0.015163510    0.014161178    0.018119036
    3.631385643    0.017657495    0.015664119    0.012988042
    3.638564274    0.021456910    0.017955743    0.011002702
    3.645742905    0.028541386    0.021593685    0.011787371
    3.652921536    0.034743275    0.023602502    0.012220154
    3.660100167    0.036482281    0.023822831    0.010290862
    3.667278798    0.033383711    0.026278181    0.008781895
    3.674457429    0.028359712    0.029148588    0.008485979
    3.681636060    0.025716001    0.028615140    0.008478573
    3.688814691    0.021275056    0.023617850    0.008490169
    3.695993322    0.017126753    0.020737267    0.009061432
    3.703171953    0.016641182    0.021127810    0.011186269
    3.710350584    0.016795909    0.021603729    0.015612416
    3.717529215    0.018500210    0.024485834    0.022924798
    3.724707846    0.021973428    0.030160486    0.032709607
    3.731886477    0.025388308    0.034455203    0.041539113
    3.739065109    0.025430462    0.033026727    0.042874709
    3.746243740    0.021705110    0.028958748    0.044053341
    3.753422371    0.018033840    0.027255294    0.051796202
    3.760601002    0.016400556    0.026744777    0.064371848
    3.767779633    0.015622652    0.025442394    0.084912429
    3.774958264    0.016583150    0.025226749    0.120879109
    3.782136895    0.019384121    0.025945933    0.146960128
    3.789315526    0.022538716    0.025817225    0.123408652
    3.796494157    0.022327100    0.022251546    0.091559374
    3.803672788    0.017203034    0.015386540    0.069908248
    3.810851419    0.013579969    0.011636577    0.054898836
    3.818030050    0.013779149    0.011361712    0.044706093
    3.825208681    0.016623916    0.012599307    0.034610088
    3.832387312    0.022234169    0.014794846    0.025589199
    3.839565943    0.030697495    0.016985187    0.020238207
    3.846744574    0.038768177    0.017630014    0.017577187
    3.853923205    0.041385507    0.017995659    0.016221015
    3.861101836    0.038814795    0.019338650    0.017315690
    3.868280467    0.031506121    0.022114513    0.025044087
    3.875459098    0.026070543    0.027117402    0.032171285
    3.882637730    0.029084231    0.038847922    0.033870086
    3.889816361    0.037071639    0.057773265    0.033867467
    3.896994992    0.042313125    0.069805480    0.029082208
    3.904173623    0.040859011    0.066660055    0.025180034
    3.911352254    0.035670759    0.056437665    0.025614965
    3.918530885    0.027899342    0.048013931    0.026528524
    3.925709516    0.024512763    0.049064871    0.025009317
    3.932888147    0.024503518    0.054126932    0.023590730
    3.940066778    0.026080076    0.053515348    0.021887184
    3.947245409    0.029225912    0.045591343    0.019896908
    3.954424040    0.030901315    0.038040661    0.019760185
    3.961602671    0.029677571    0.034072431    0.020428553
    3.968781302    0.028782329    0.030967739    0.019704389
    3.975959933    0.027230557    0.027962625    0.019129397
    3.983138564    0.022012275    0.025318499    0.019052859
    3.990317195    0.018685603    0.023026584    0.019747496
    3.997495826    0.020125081    0.021799116    0.021527863
    4.004674457    0.024872221    0.019777448    0.022532761
    4.011853088    0.030311806    0.018133650    0.024010775
    4.019031720    0.031737116    0.016576788    0.025511526
    4.026210351    0.028076622    0.015679097    0.026420864
    4.033388982    0.023114691    0.016237972    0.026380441
    4.040567613    0.019878327    0.017165895    0.026198220
    4.047746244    0.018048255    0.017767735    0.028093688
    4.054924875    0.018760869    0.018632574    0.031838492
    4.062103506    0.021464760    0.020237240    0.035096717
    4.069282137    0.024063782    0.021603051    0.037240318
    4.076460768    0.023917146    0.020811562    0.036443525
    4.083639399    0.020764284    0.018778172    0.033742057
    4.090818030    0.018006924    0.017641976    0.030881077
    4.097996661    0.016529410    0.017309839    0.027207383
    4.105175292    0.017416610    0.018149349    0.025600276
    4.112353923    0.020402559    0.021218567    0.026097448
    4.119532554    0.022987195    0.024946402    0.025804168
    4.126711185    0.022870369    0.027814685    0.023427721
    4.133889816    0.022041046    0.029740394    0.020329491
    4.141068447    0.023358455    0.030777762    0.020337315
    4.148247078    0.025296783    0.031862149    0.022630240
    4.155425710    0.024853848    0.032410424    0.024313909
    4.162604341    0.023121320    0.032312249    0.025378206
    4.169782972    0.020607519    0.030191989    0.026250548
    4.176961603    0.017996218    0.024743226    0.025266141
    4.184140234    0.017698485    0.022067629    0.023409064
    4.191318865    0.018262195    0.022270513    0.020742144
    4.198497496    0.018017206    0.023512507    0.017789956
    4.205676127    0.017214713    0.026087792    0.015934492
    4.212854758    0.015127774    0.027676641    0.013968948
    4.220033389    0.013858033    0.028240470    0.012724777
    4.227212020    0.012322441    0.024643000    0.011101377
    4.234390651    0.009755673    0.018632956    0.008285263
    4.241569282    0.008609214    0.017112119    0.007087939
    4.248747913    0.008738411    0.018770523    0.007106749
    4.255926544    0.008923230    0.019858531    0.007285672
    4.263105175    0.008633099    0.017482354    0.006965467
    4.270283806    0.008069602    0.013547289    0.006042999
    4.277462437    0.007619477    0.011481820    0.005409654
    4.284641068    0.007837885    0.010959697    0.005274346
    4.291819699    0.008441837    0.010414759    0.005214367
    4.298998331    0.009303052    0.009980600    0.005174070
    4.306176962    0.009944164    0.009644001    0.005188753
    4.313355593    0.010695016    0.009680288    0.005439438
    4.320534224    0.012484149    0.010070569    0.005785769
    4.327712855    0.014323732    0.010284169    0.005682774
    4.334891486    0.015183142    0.010598351    0.005352278
    4.342070117    0.013603374    0.011509718    0.005225731
    4.349248748    0.009980143    0.011790742    0.005287950
    4.356427379    0.007820368    0.010086774    0.005728305
    4.363606010    0.006786609    0.008108254    0.006418825
    4.370784641    0.006169950    0.007323220    0.007118736
    4.377963272    0.005654697    0.007075876    0.007575898
    4.385141903    0.005156122    0.007135831    0.007557748
    4.392320534    0.004642344    0.007488060    0.007807132
    4.399499165    0.004196474    0.008024297    0.008407618
    4.406677796    0.004058835    0.008698426    0.008935285
    4.413856427    0.004240096    0.009257825    0.010246570
    4.421035058    0.004655878    0.008726056    0.012911886
    4.428213689    0.005327391    0.007115870    0.017135588
    4.435392321    0.006241611    0.006087924    0.022653897
    4.442570952    0.006917397    0.005379906    0.025993848
    4.449749583    0.007035309    0.004690604    0.023987687
    4.456928214    0.006732589    0.004189434    0.017204150
    4.464106845    0.006436807    0.004017735    0.013084865
    4.471285476    0.006347755    0.004314900    0.012319194
    4.478464107    0.006036561    0.005081172    0.011997424
    4.485642738    0.005393833    0.006099061    0.011470583
    4.492821369    0.004864100    0.007029246    0.011587876
    4.500000000    0.004484952    0.007251148    0.011521906
