# energy grid [eV]     epsr_x  epsr_y  epsr_z
#
    0.200000000   14.928949589   13.831060034   13.961963348
    0.207178631   14.932653663   13.834362249   13.965406805
    0.214357262   14.936490960   13.837783684   13.968974183
    0.221535893   14.940461759   13.841324638   13.972665750
    0.228714524   14.944566347   13.844985423   13.976481781
    0.235893155   14.948805023   13.848766363   13.980422562
    0.243071786   14.953178094   13.852667795   13.984488389
    0.250250417   14.957685881   13.856690067   13.988679569
    0.257429048   14.962328713   13.860833542   13.992996419
    0.264607679   14.967106932   13.865098595   13.997439267
    0.271786311   14.972020890   13.869485616   14.002008451
    0.278964942   14.977070949   13.873995007   14.006704321
    0.286143573   14.982257486   13.878627185   14.011527237
    0.293322204   14.987580886   13.883382583   14.016477572
    0.300500835   14.993041546   13.888261647   14.021555707
    0.307679466   14.998639876   13.893264837   14.026762038
    0.314858097   15.004376298   13.898392633   14.032096970
    0.322036728   15.010251246   13.903645526   14.037560923
    0.329215359   15.016265165   13.909024028   14.043154326
    0.336393990   15.022418513   13.914528665   14.048877622
    0.343572621   15.028711762   13.920159981   14.054731267
    0.350751252   15.035145396   13.925918539   14.060715727
    0.357929883   15.041719912   13.931804919   14.066831485
    0.365108514   15.048435821   13.937819721   14.073079034
    0.372287145   15.055293646   13.943963566   14.079458881
    0.379465776   15.062293926   13.950237092   14.085971550
    0.386644407   15.069437212   13.956640963   14.092617574
    0.393823038   15.076724071   13.963175859   14.099397503
    0.401001669   15.084155085   13.969842489   14.106311903
    0.408180301   15.091730849   13.976641579   14.113361354
    0.415358932   15.099451975   13.983573885   14.120546449
    0.422537563   15.107319090   13.990640185   14.127867800
    0.429716194   15.115332837   13.997841285   14.135326033
    0.436894825   15.123493876   14.005178017   14.142921793
    0.444073456   15.131802883   14.012651244   14.150655740
    0.451252087   15.140260553   14.020261856   14.158528551
    0.458430718   15.148867595   14.028010776   14.166540924
    0.465609349   15.157624740   14.035898960   14.174693571
    0.472787980   15.166532736   14.043927397   14.182987227
    0.479966611   15.175592349   14.052097113   14.191422645
    0.487145242   15.184804368   14.060409170   14.200000597
    0.494323873   15.194169598   14.068864672   14.208721879
    0.501502504   15.203688870   14.077464763   14.217587306
    0.508681135   15.213363032   14.086210631   14.226597716
    0.515859766   15.223192956   14.095103510   14.235753971
    0.523038397   15.233179539   14.104144683   14.245056955
    0.530217028   15.243323700   14.113335484   14.254507579
    0.537395659   15.253626383   14.122677304   14.264106779
    0.544574290   15.264088557   14.132171588   14.273855518
    0.551752922   15.274711221   14.141819845   14.283754786
    0.558931553   15.285495398   14.151623650   14.293805603
    0.566110184   15.296442142   14.161584644   14.304009021
    0.573288815   15.307552537   14.171704546   14.314366120
    0.580467446   15.318827699   14.181985151   14.324878017
    0.587646077   15.330268777   14.192428341   14.335545862
    0.594824708   15.341876954   14.203036086   14.346370843
    0.602003339   15.353653451   14.213810454   14.357354184
    0.609181970   15.365599525   14.224753619   14.368497152
    0.616360601   15.377716475   14.235867865   14.379801057
    0.623539232   15.390005643   14.247155597   14.391267251
    0.630717863   15.402468415   14.258619352   14.402897137
    0.637896494   15.415106226   14.270261807   14.414692167
    0.645075125   15.427920559   14.282085793   14.426653848
    0.652253756   15.440912955   14.294094306   14.438783742
    0.659432387   15.454085009   14.306290523   14.451083475
    0.666611018   15.467438381   14.318677820   14.463554735
    0.673789649   15.480974792   14.331259786   14.476199282
    0.680968280   15.494696040   14.344040245   14.489018950
    0.688146912   15.508603994   14.357023283   14.502015652
    0.695325543   15.522700608   14.370213267   14.515191390
    0.702504174   15.536987927   14.383614880   14.528548259
    0.709682805   15.551468089   14.397233148   14.542088453
    0.716861436   15.566143341   14.411073483   14.555814280
    0.724040067   15.581016045   14.425141723   14.569728164
    0.731218698   15.596088691   14.439444179   14.583832663
    0.738397329   15.611363907   14.453987693   14.598130475
    0.745575960   15.626844477   14.468779701   14.612624460
    0.752754591   15.642533356   14.483828304   14.627317646
    0.759933222   15.658433693   14.499142356   14.642213257
    0.767111853   15.674548847   14.514731562   14.657314730
    0.774290484   15.690882419   14.530606592   14.672625735
    0.781469115   15.707438283   14.546779216   14.688150212
    0.788647746   15.724220618   14.563262461   14.703892394
    0.795826377   15.741233956   14.580070800   14.719856854
    0.803005008   15.758483230   14.597220373   14.736048540
    0.810183639   15.775973834   14.614729251   14.752472833
    0.817362270   15.793711700   14.632617753   14.769135609
    0.824540902   15.811703385   14.650908832   14.786043307
    0.831719533   15.829956175   14.669628535   14.803203022
    0.838898164   15.848478223   14.688806577   14.820622608
    0.846076795   15.867278709   14.708477039   14.838310804
    0.853255426   15.886368042   14.728679231   14.856277394
    0.860434057   15.905758117   14.749458784   14.874533398
    0.867612688   15.925462633   14.770869006   14.893091305
    0.874791319   15.945497509   14.792972628   14.911965379
    0.881969950   15.965881409   14.815844026   14.931172027
    0.889148581   15.986636440   14.839572116   14.950730283
    0.896327212   16.007789056   14.864264142   14.970662423
    0.903505843   16.029371275   14.890050701   14.990994770
    0.910684474   16.051422319   14.917092487   15.011758756
    0.917863105   16.073990849   14.945589445   15.032992339
    0.925041736   16.097138062   14.975793358   15.054741911
    0.932220367   16.120942006   15.008025342   15.077064926
    0.939398998   16.145503666   15.042700345   15.100033504
    0.946577629   16.170955530   15.080361533   15.123739446
    0.953756260   16.197473460   15.121727864   15.148301124
    0.960934891   16.225292235   15.167756530   15.173872576
    0.968113523   16.254722203   15.219711228   15.200653942
    0.975292154   16.286152154   15.279181284   15.228897082
    0.982470785   16.319974502   15.347813709   15.258878863
    0.989649416   16.356174274   15.425793107   15.290729459
    0.996828047   16.392561813   15.505257071   15.323669153
    1.004006678   16.418263451   15.545989090   15.353169224
    1.011185309   16.401202347   15.428645474   15.365479318
    1.018363940   16.327026943   15.100324595   15.354711310
    1.025542571   16.282551252   14.886446130   15.359388288
    1.032721202   16.297330890   14.897787649   15.392652339
    1.039899833   16.334292558   14.992688902   15.436790430
    1.047078464   16.373703788   15.080372242   15.474798650
    1.054257095   16.407401633   15.072899728   15.474749259
    1.061435726   16.431126827   14.894771647   15.405384845
    1.068614357   16.454378470   14.730286445   15.344709919
    1.075792988   16.484767535   14.724466197   15.353987135
    1.082971619   16.518245734   14.791098227   15.396463664
    1.090150250   16.551991143   14.869635969   15.446300308
    1.097328881   16.585352255   14.943728047   15.495966904
    1.104507513   16.618289326   15.009706569   15.541032320
    1.111686144   16.650712424   15.062567432   15.568599835
    1.118864775   16.682335203   15.092811347   15.555185335
    1.126043406   16.713736165   15.112726241   15.525553478
    1.133222037   16.746027854   15.148100861   15.534594812
    1.140400668   16.779076962   15.194043329   15.570044990
    1.147579299   16.812600459   15.242051099   15.611912491
    1.154757930   16.846561974   15.289758989   15.653810862
    1.161936561   16.881023237   15.337194685   15.694619971
    1.169115192   16.916075509   15.385018270   15.734518733
    1.176293823   16.951823700   15.434073930   15.773929185
    1.183472454   16.988381282   15.485252908   15.813270111
    1.190651085   17.025850059   15.539182095   15.852874520
    1.197829716   17.064222767   15.594840904   15.892797591
    1.205008347   17.102985497   15.643985642   15.932034505
    1.212186978   17.139916843   15.654358754   15.966139119
    1.219365609   17.171154650   15.570570717   15.987359525
    1.226544240   17.201472634   15.457405786   16.005071054
    1.233722871   17.239887594   15.438448785   16.037036929
    1.240901503   17.284188728   15.480129530   16.078637351
    1.248080134   17.331333330   15.536590677   16.123525781
    1.255258765   17.380598151   15.593423920   16.169873549
    1.262437396   17.432194442   15.648027603   16.217584759
    1.269616027   17.486663322   15.700723456   16.267049492
    1.276794658   17.544751870   15.752414941   16.318835938
    1.283973289   17.607431940   15.804068752   16.373649864
    1.291151920   17.675949730   15.856644476   16.432360869
    1.298330551   17.751809551   15.911100003   16.496014273
    1.305509182   17.836383216   15.968273639   16.565677593
    1.312687813   17.928922979   16.028163507   16.641552448
    1.319866444   18.018285693   16.086830869   16.719164271
    1.327045075   18.055597629   16.126042202   16.776592397
    1.334223706   17.932686801   16.104064206   16.763219704
    1.341402337   17.691735859   16.030985205   16.693216847
    1.348580968   17.583864571   16.001135646   16.684359762
    1.355759599   17.635369732   16.037808158   16.763381895
    1.362938230   17.746823978   16.104288053   16.874346873
    1.370116861   17.833775429   16.165195007   16.927144519
    1.377295492   17.795025219   16.178857064   16.751991724
    1.384474124   17.623430554   16.125584970   16.336814114
    1.391652755   17.551445174   16.099195889   16.107635081
    1.398831386   17.617194406   16.140294556   16.132198719
    1.406010017   17.730100562   16.209062833   16.241309624
    1.413188648   17.849483582   16.282849726   16.360415838
    1.420367279   17.958646329   16.351220879   16.470413619
    1.427545910   18.026710705   16.394452080   16.561538829
    1.434724541   18.005187212   16.382271057   16.617482148
    1.441903172   17.947240915   16.349061969   16.641837172
    1.449081803   17.966817763   16.364222773   16.681016972
    1.456260434   18.054752354   16.420035259   16.749424322
    1.463439065   18.158902011   16.485474334   16.827518761
    1.470617696   18.234155355   16.537053265   16.901269328
    1.477796327   18.225577934   16.548765973   16.960085038
    1.484974958   18.179104042   16.541339385   17.012417178
    1.492153589   18.216810247   16.570424627   17.080308052
    1.499332220   18.318462796   16.626249975   17.161300803
    1.506510851   18.441847737   16.688914360   17.249083930
    1.513689482   18.572773888   16.751906926   17.341433127
    1.520868114   18.700985899   16.813565939   17.432980492
    1.528046745   18.787126856   16.871411102   17.498200467
    1.535225376   18.707768982   16.918341868   17.460117863
    1.542404007   18.376128213   16.952729773   17.276648824
    1.549582638   18.126277054   16.995099283   17.154782724
    1.556761269   18.127730667   17.051289121   17.181894795
    1.563939900   18.231740837   17.113367008   17.268278083
    1.571118531   18.352626031   17.177714615   17.365156609
    1.578297162   18.468534753   17.243856716   17.460518818
    1.585475793   18.576718331   17.312297580   17.553261941
    1.592654424   18.678735907   17.383859537   17.644790005
    1.599833055   18.776775100   17.459460883   17.736823384
    1.607011686   18.872776525   17.539674355   17.830335817
    1.614190317   18.967881103   17.622888057   17.922843579
    1.621368948   19.060634728   17.698687550   17.999081706
    1.628547579   19.142061186   17.737087728   18.017647683
    1.635726210   19.194903193   17.722380588   17.968144627
    1.642904841   19.227114967   17.711941178   17.939907512
    1.650083472   19.281217528   17.757286534   17.986483197
    1.657262104   19.333140802   17.812678200   18.074718944
    1.664440735   19.327549367   17.803633089   18.159468876
    1.671619366   19.315593634   17.774442100   18.226920269
    1.678797997   19.368182651   17.803211952   18.295062717
    1.685976628   19.459606863   17.884878366   18.383137574
    1.693155259   19.555778383   17.971435845   18.473024761
    1.700333890   19.628219981   17.980301180   18.510093899
    1.707512521   19.677497122   17.919403206   18.499771434
    1.714691152   19.740176644   17.936196992   18.541294736
    1.721869783   19.796154547   18.020034216   18.608339493
    1.729048414   19.819813969   18.090684040   18.607916828
    1.736227045   19.808962587   18.104883559   18.473970902
    1.743405676   19.815489557   18.128965818   18.355836795
    1.750584307   19.882408515   18.221012943   18.389261932
    1.757762938   19.972798356   18.325945223   18.493330986
    1.764941569   20.061324470   18.402103080   18.607952317
    1.772120200   20.150214890   18.465760018   18.720703592
    1.779298831   20.239113395   18.468007651   18.829200480
    1.786477462   20.324142275   18.398829268   18.932165235
    1.793656093   20.408264762   18.409418404   19.031115298
    1.800834725   20.485991879   18.484081449   19.120845037
    1.808013356   20.561848749   18.569839353   19.204962327
    1.815191987   20.647584452   18.636517073   19.284682681
    1.822370618   20.737662429   18.555904420   19.329745859
    1.829549249   20.823532898   18.352207174   19.347970791
    1.836727880   20.900990652   18.278036869   19.404560843
    1.843906511   20.980791068   18.341592884   19.496076029
    1.851085142   21.071255485   18.462254999   19.598106817
    1.858263773   21.167258274   18.593029094   19.701712961
    1.865442404   21.265351787   18.718946329   19.805203948
    1.872621035   21.364805094   18.838091901   19.908816876
    1.879799666   21.465756903   18.951751696   20.013192387
    1.886978297   21.568569883   19.061641497   20.119026246
    1.894156928   21.673683162   19.169320540   20.227022242
    1.901335559   21.781599645   19.276147621   20.337920683
    1.908514190   21.892909083   19.383354115   20.452547253
    1.915692821   22.008314850   19.492120597   20.571865325
    1.922871452   22.128620878   19.603584227   20.697003571
    1.930050083   22.254517668   19.718561696   20.829142004
    1.937228715   22.385533629   19.836143751   20.968781793
    1.944407346   22.516196924   19.948374715   21.112862462
    1.951585977   22.630322680   20.029646574   21.249478371
    1.958764608   22.725244487   20.060837097   21.372126292
    1.965943239   22.833850274   20.102482849   21.502574421
    1.973121870   22.928838619   20.192963397   21.610675756
    1.980300501   22.934305010   20.277219668   21.590012214
    1.987479132   22.907412395   20.314877167   21.446745668
    1.994657763   22.953155241   20.324473470   21.321820665
    2.001836394   23.046430522   20.336254320   21.263529187
    2.009015025   23.150274391   20.400382268   21.320280361
    2.016193656   23.265025500   20.515821645   21.481540029
    2.023372287   23.425967062   20.662228762   21.690622866
    2.030550918   23.610811613   20.821388468   21.914319932
    2.037729549   23.765458191   20.975721152   22.132103936
    2.044908180   23.858127755   21.109828479   22.326830351
    2.052086811   23.959027719   21.212959072   22.482398988
    2.059265442   24.101999525   21.251321982   22.570324730
    2.066444073   24.286257657   21.265951443   22.681334387
    2.073622705   24.517994976   21.354704077   22.889273285
    2.080801336   24.774184621   21.496763228   23.103413054
    2.087979967   25.010728639   21.630527630   23.238412761
    2.095158598   25.148778632   21.759422602   23.304978892
    2.102337229   24.981527540   21.839851356   23.127284674
    2.109515860   24.578436676   21.863856848   22.713708206
    2.116694491   24.477863486   21.970482217   22.600808635
    2.123873122   24.703843395   22.168798217   22.835200757
    2.131051753   25.004152741   22.356821323   23.159653968
    2.138230384   25.152662489   22.379145327   23.368842131
    2.145409015   24.981416706   22.201899236   23.347716431
    2.152587646   24.799903816   22.124304388   23.336751626
    2.159766277   24.859560303   22.175623599   23.430469764
    2.166944908   24.971885067   22.249786153   23.328648371
    2.174123539   25.056298730   22.360594991   23.073431146
    2.181302170   25.145693872   22.535415195   23.042382334
    2.188480801   25.269877628   22.732148939   23.202975425
    2.195659432   25.487553740   22.870828988   23.439946198
    2.202838063   25.720789109   22.862620055   23.619920265
    2.210016694   25.959805016   22.874274235   23.786858056
    2.217195326   26.246414231   23.030865477   24.029497009
    2.224373957   26.559847268   23.258209385   24.285170936
    2.231552588   26.853683124   23.480229742   24.505412694
    2.238731219   27.046259540   23.601731615   24.685868329
    2.245909850   27.094304616   23.566095837   24.775470188
    2.253088481   27.211130408   23.609872215   24.904030678
    2.260267112   27.456390204   23.830778404   25.157267084
    2.267445743   27.665939978   24.115512433   25.455634928
    2.274624374   27.769453466   24.366612611   25.684316381
    2.281803005   27.816176272   24.516986240   25.744833701
    2.288981636   27.930925622   24.628493281   25.764440451
    2.296160267   28.130836565   24.775216982   25.951827848
    2.303338898   28.290499945   24.914705700   26.249085215
    2.310517529   28.480742135   25.125607521   26.590967497
    2.317696160   28.733638828   25.382927465   26.936394139
    2.324874791   28.958151708   25.504025436   27.223843455
    2.332053422   29.097760877   25.399536170   27.417894383
    2.339232053   29.277912962   25.244748459   27.525091374
    2.346410684   29.567013556   25.278473800   27.690956507
    2.353589316   29.954769105   25.567174557   28.035905973
    2.360767947   30.394550884   25.926570277   28.459021374
    2.367946578   30.829937457   26.229703328   28.811267926
    2.375125209   31.219137258   26.472631857   29.006526400
    2.382303840   31.534258650   26.612460441   29.034298064
    2.389482471   31.738898523   26.679532981   28.929789743
    2.396661102   31.808538547   26.845494458   28.958122359
    2.403839733   31.665127691   27.130431276   29.131679800
    2.411018364   31.668360877   27.536199874   29.447006596
    2.418196995   31.983019399   27.977772543   29.913442148
    2.425375626   32.306832437   28.209646265   30.404721908
    2.432554257   32.431821230   27.895569037   30.496069817
    2.439732888   32.344959470   26.913474490   29.897308926
    2.446911519   32.196349857   26.154727583   29.460183631
    2.454090150   32.419192079   26.211937009   29.754941402
    2.461268781   32.958025746   26.698816886   30.423562807
    2.468447412   33.597779749   27.307477499   31.185394631
    2.475626043   34.251165898   27.917194238   31.896270637
    2.482804674   34.881210541   28.461333759   32.411600709
    2.489983306   35.439844904   28.836178719   32.468047206
    2.497161937   35.920734143   29.014852634   31.984259019
    2.504340568   36.464845863   29.272410870   31.885448434
    2.511519199   37.086575631   29.625893417   32.389773496
    2.518697830   37.637060632   29.820772235   33.056054920
    2.525876461   37.903241432   29.603003710   33.522645058
    2.533055092   38.000437781   29.424969005   33.712357782
    2.540233723   38.373245074   29.701324326   34.076737774
    2.547412354   39.037506851   30.182388900   34.746568474
    2.554590985   39.800151646   30.622900248   35.528861382
    2.561769616   40.624792296   30.981516627   36.363629496
    2.568948247   41.565867813   31.428035475   37.277255221
    2.576126878   42.605925828   32.001002761   38.270520936
    2.583305509   43.715614167   32.577189372   39.306519536
    2.590484140   44.822311272   33.084875101   40.311710039
    2.597662771   45.723772752   33.586094883   41.138356293
    2.604841402   46.062140006   34.158355754   41.402637659
    2.612020033   45.904972212   34.804903564   41.130389569
    2.619198664   46.406325775   35.528639163   41.481868957
    2.626377295   47.793982541   36.342182374   42.710927838
    2.633555927   49.578010800   37.226057348   44.311900854
    2.640734558   51.452048488   38.099867382   45.912602658
    2.647913189   53.130854973   38.816948195   47.176677867
    2.655091820   54.329756359   39.372100596   48.216327378
    2.662270451   54.836801570   39.880733106   49.426034895
    2.669449082   55.710851474   40.585406416   51.143671712
    2.676627713   57.977230842   41.674691567   53.622911187
    2.683806344   61.192341657   42.996908018   56.641174414
    2.690984975   64.992922152   44.322033910   59.965234384
    2.698163606   69.194435748   45.610067003   63.444955259
    2.705342237   73.444913387   46.814010972   66.826050376
    2.712520868   77.011657379   47.579602928   69.748672587
    2.719699499   78.357140276   46.808971144   70.890146825
    2.726878130   77.556562628   44.381269984   69.309121555
    2.734056761   77.753431588   43.776260508   67.749160842
    2.741235392   75.953722163   45.501667334   63.263467448
    2.748414023   69.089310149   47.544907327   53.314956605
    2.755592654   60.766544338   48.147432268   45.207672973
    2.762771285   43.561342438   46.569968406   33.352159954
    2.769949917   26.722440163   45.783281821   22.028818835
    2.777128548   24.196973137   47.521305748   20.883250063
    2.784307179   27.960606673   50.387689480   23.940099333
    2.791485810   28.949826123   52.931107396   22.778399618
    2.798664441   28.715539233   55.177387861   18.656756286
    2.805843072   31.790506806   55.985199171   15.973444506
    2.813021703   30.571668462   52.310348026   12.091753606
    2.820200334   16.450605878   41.480249284    5.608677968
    2.827378965    1.687194749   30.629285616    0.758484471
    2.834557596    0.525319005   29.071534885    2.584796130
    2.841736227    6.449169779   32.374871862    7.668351107
    2.848914858   12.362462204   34.156167734   13.032473966
    2.856093489   13.880877206   28.910588580   17.362536247
    2.863272120   11.236035510   20.267254868   19.273079954
    2.870450751    5.917875190   18.153341448   15.600195817
    2.877629382   -1.947196254   21.211550257    7.120739731
    2.884808013   -4.197468158   24.682765332    3.732928085
    2.891986644   -0.855886080   27.070946785    5.593202360
    2.899165275    4.067407479   29.692862692    9.206375029
    2.906343907    7.948193041   30.514576092   12.855454987
    2.913522538    9.034629990   25.530273960   15.588503585
    2.920701169    9.536920171   20.354348423   18.101039319
    2.927879800   11.708925390   20.514532711   21.182477717
    2.935058431   14.547192713   23.185991089   24.465005346
    2.942237062   17.560648581   26.950274388   27.619866094
    2.949415693   20.513284961   30.886145666   30.539901653
    2.956594324   23.793893225   35.261349494   33.902269585
    2.963772955   27.462622514   40.430727864   38.046769066
    2.970951586   30.919893030   45.484151633   42.376056413
    2.978130217   33.703798587   48.289661436   45.410887024
    2.985308848   36.055682291   43.823694240   44.137489344
    2.992487479   37.862737144   28.077017834   36.704148599
    2.999666110   39.625303905   15.410830156   30.822051140
    3.006844741   40.420580001   13.604690131   29.948109004
    3.014023372   35.898583683   14.026742913   27.178805041
    3.021202003   26.840018709   14.017041035   19.672466688
    3.028380634   24.299481249   16.997595513   17.277163534
    3.035559265   28.041594696   21.786769996   20.719971014
    3.042737896   31.750668475   25.856999759   23.719402711
    3.049916528   29.345838008   27.889771768   19.725003030
    3.057095159   20.317234154   28.126569390    8.099783493
    3.064273790   13.724465440   25.053367152    0.109265691
    3.071452421   13.080433114   21.294699017   -0.244452285
    3.078631052   14.301907300   19.001646678    3.409128504
    3.085809683   12.701320867   14.517214328    7.715665937
    3.092988314   11.266369512   12.002621872   11.994685543
    3.100166945   12.170368965   13.416977224   15.047836223
    3.107345576    9.732452904   13.479054763   13.491269334
    3.114524207    2.286156534    8.936598008    8.128695327
    3.121702838   -0.737670074    6.326617209    6.509156900
    3.128881469    1.749256169    8.262907962    8.086404068
    3.136060100    5.065813989   10.530640804    8.036039586
    3.143238731    6.898850766   10.772266800    5.490454405
    3.150417362    8.009656707   10.551382633    4.547847899
    3.157595993    9.474343831   10.984040076    5.863115512
    3.164774624   10.621238001   11.543834922    7.598651863
    3.171953255   11.467504946   12.932467816    9.038011409
    3.179131886   12.122850528   14.725733494   10.182140625
    3.186310518   13.281692875   15.780387154   11.702715839
    3.193489149   15.428000701   16.953861877   13.753791572
    3.200667780   17.701732953   18.838948373   15.913915678
    3.207846411   18.937336503   20.250837056   17.660012518
    3.215025042   19.347817359   20.955376030   19.014070577
    3.222203673   20.518294204   22.132542443   20.616255369
    3.229382304   22.503089651   24.006813070   22.470750535
    3.236560935   24.892088090   26.235159367   24.373282604
    3.243739566   27.300786232   28.182615987   26.055082536
    3.250918197   29.630907496   29.583038347   27.503550365
    3.258096828   31.968714701   30.982517252   29.110342783
    3.265275459   34.105783007   32.476113056   30.871378828
    3.272454090   36.001894780   33.984788300   32.625331646
    3.279632721   37.702386552   35.480393151   34.329949273
    3.286811352   38.874937157   37.098087809   35.740319655
    3.293989983   40.180578314   39.305802134   37.142613692
    3.301168614   42.625539772   42.103934430   39.119490526
    3.308347245   45.103618372   44.802615176   41.006202382
    3.315525876   45.766172127   46.738875630   41.880016970
    3.322704508   43.429066009   47.816869687   41.519190428
    3.329883139   40.613137670   49.545161411   41.094295668
    3.337061770   41.232721064   52.912568606   42.174868876
    3.344240401   43.772142706   57.139874278   43.856406905
    3.351419032   46.985694283   62.223336517   45.716744879
    3.358597663   50.045996599   67.509079493   47.425404180
    3.365776294   50.621071298   69.435004539   47.823304441
    3.372954925   47.889716030   58.376597981   47.165250996
    3.380133556   44.304641447   32.127870094   47.785618759
    3.387312187   43.676543742   16.081638220   50.083666765
    3.394490818   45.558480305   15.807953949   52.979944596
    3.401669449   48.173164818   21.173191542   55.770284265
    3.408848080   52.221138774   27.272521562   59.143730923
    3.416026711   57.028304924   32.791336897   62.196755859
    3.423205342   60.419363092   37.285684392   62.956033702
    3.430383973   60.154612255   40.012305550   61.123448360
    3.437562604   57.280091838   39.299082237   58.842547696
    3.444741235   55.017451468   37.269462250   58.401571477
    3.451919866   53.453938156   36.483413861   58.196703815
    3.459098497   54.249637818   39.488459369   59.707679876
    3.466277129   58.205895863   45.196626920   63.777449832
    3.473455760   61.524304289   50.040810599   66.390211603
    3.480634391   64.527799678   52.946812811   67.991557816
    3.487813022   69.794309345   56.701382842   72.313433298
    3.494991653   76.027549155   59.465112796   77.059464293
    3.502170284   83.145450700   51.989014721   80.038287892
    3.509348915   89.847758870   28.129381348   81.540615070
    3.516527546   91.390361708    9.123086470   82.559893503
    3.523706177   89.962635671    7.541499408   84.912223262
    3.530884808   91.765824254   13.710630001   88.571342327
    3.538063439   90.938078302   20.922205689   86.188764254
    3.545242070   82.260947561   27.312455198   72.924510997
    3.552420701   64.356455944   32.540100623   50.634507380
    3.559599332   47.596254115   37.110659403   30.274392933
    3.566777963   44.970102807   41.100803606   22.616329509
    3.573956594   53.630974459   45.819216921   28.085513682
    3.581135225   63.343045506   52.244945257   37.509640361
    3.588313856   71.828441409   59.109615294   46.815712098
    3.595492487   73.824324613   64.625872041   50.089659538
    3.602671119   55.331411263   68.213704351   33.441247354
    3.609849750   15.470081326   68.751592724   -0.654081433
    3.617028381  -11.507358627   65.951854320  -17.394278096
    3.624207012  -12.882770710   67.236247034  -13.157026224
    3.631385643   -7.410584032   72.199596128  -10.409217363
    3.638564274   -9.724402171   72.771407971  -17.709766114
    3.645742905  -14.024475991   70.697445174  -23.536434825
    3.652921536  -13.231717003   73.683555330  -21.911088697
    3.660100167  -13.459144247   76.170746230  -20.492203724
    3.667278798  -13.466821590   76.793523787  -19.047742096
    3.674457429   -7.630441770   77.821454946  -12.563306846
    3.681636060   -3.187030038   77.259392907   -4.348387749
    3.688814691   -5.265486998   74.213966275    3.609264769
    3.695993322   -8.823120107   70.880227096   12.529434540
    3.703171953  -17.246830942   57.170525337   17.807386851
    3.710350584  -26.109184217   35.629228101   15.195017685
    3.717529215  -33.832051183   14.121045860    3.646217594
    3.724707846  -39.466119199   -4.671357734  -12.116357633
    3.731886477  -39.678153069  -15.583191803  -18.813003997
    3.739065109  -33.348182307  -19.055531540  -17.917547211
    3.746243740  -26.651393191  -25.239704314  -23.076675515
    3.753422371  -24.291388783  -33.844842718  -33.364628444
    3.760601002  -30.528039974  -43.634929709  -37.666250438
    3.767779633  -46.235194293  -55.342130591  -37.541358395
    3.774958264  -63.776305991  -61.342961535  -45.082304064
    3.782136895  -78.464023804  -65.193938448  -60.228324271
    3.789315526  -88.551247906  -69.343810342  -69.795246498
    3.796494157  -90.047870250  -71.026705087  -69.204064537
    3.803672788  -84.997774428  -67.183290937  -63.215817388
    3.810851419  -77.078319977  -59.127401133  -56.226913767
    3.818030050  -71.338259368  -54.431621346  -53.367786794
    3.825208681  -70.273643881  -58.542152636  -56.573932848
    3.832387312  -69.825075480  -64.808882281  -58.771310943
    3.839565943  -67.725292383  -67.526548785  -57.543737102
    3.846744574  -65.721532037  -70.313412639  -57.229154521
    3.853923205  -62.229490174  -73.117429115  -56.791103168
    3.861101836  -60.081202502  -72.804506147  -55.317319992
    3.868280467  -60.865130310  -70.591921045  -56.982671719
    3.875459098  -63.665661392  -67.981950374  -59.593703628
    3.882637730  -70.682314690  -67.489819687  -59.204277671
    3.889816361  -76.611861274  -67.924114622  -56.482696040
    3.896994992  -78.335733226  -69.489043667  -55.352408200
    3.904173623  -79.753540834  -74.194308056  -56.613998377
    3.911352254  -79.181854596  -76.073636177  -56.300283138
    3.918530885  -75.776156532  -74.350415384  -54.628886322
    3.925709516  -71.544344053  -71.735156807  -54.216047961
    3.932888147  -68.346212635  -70.215023226  -58.471216367
    3.940066778  -66.041576670  -67.928686714  -61.832339493
    3.947245409  -63.600203628  -64.078197459  -60.364508854
    3.954424040  -61.652164637  -59.918691851  -57.958146312
    3.961602671  -60.874246042  -56.782621957  -57.740488064
    3.968781302  -59.682026410  -54.681293272  -58.327294931
    3.975959933  -57.461873531  -52.542688506  -57.551375364
    3.983138564  -55.218917818  -51.034019771  -55.522853676
    3.990317195  -53.935060692  -51.070527490  -53.592705975
    3.997495826  -53.007673647  -50.911409158  -51.588949362
    4.004674457  -51.187328563  -48.818247855  -48.612598583
    4.011853088  -48.937974852  -46.387381526  -45.674012837
    4.019031720  -47.085274332  -45.564230883  -44.755535066
    4.026210351  -46.224277061  -46.632534473  -46.054861240
    4.033388982  -45.574882808  -46.901622067  -46.391027971
    4.040567613  -44.625677334  -46.101732690  -45.620349891
    4.047746244  -43.605370072  -44.747420245  -44.580287806
    4.054924875  -42.608729125  -43.207625297  -43.573244153
    4.062103506  -41.587748843  -41.763631916  -42.348341516
    4.069282137  -40.313443680  -39.875819445  -40.482534528
    4.076460768  -39.225275274  -38.084971613  -38.799720416
    4.083639399  -38.229206196  -36.933183990  -38.066281141
    4.090818030  -37.330593442  -36.445189946  -38.196545622
    4.097996661  -36.895603589  -35.817951487  -38.130380842
    4.105175292  -36.784504657  -35.239529997  -37.794196205
    4.112353923  -36.538142924  -34.813789513  -37.731750757
    4.119532554  -35.539463558  -33.679657982  -37.170024859
    4.126711185  -34.052680118  -32.317039416  -35.917572896
    4.133889816  -32.523486005  -31.024335861  -34.550874769
    4.141068447  -31.198319882  -29.517731831  -33.443007312
    4.148247078  -30.349991900  -28.071308487  -32.753996287
    4.155425710  -30.395645381  -27.197636084  -32.381129117
    4.162604341  -30.915398560  -26.773324829  -31.855105540
    4.169782972  -30.695266900  -25.884832282  -30.958956695
    4.176961603  -29.757543844  -24.106459732  -29.922994597
    4.184140234  -28.601998037  -21.904187269  -28.945529026
    4.191318865  -27.766067911  -20.291853398  -28.206655830
    4.198497496  -27.534341564  -20.512554010  -27.911157124
    4.205676127  -27.750177854  -22.666919369  -27.953330566
    4.212854758  -28.799516740  -25.737072818  -28.089366955
    4.220033389  -29.582546799  -27.914041121  -28.187807188
    4.227212020  -29.103285672  -28.541144859  -27.778277792
    4.234390651  -28.186051157  -28.708433869  -26.963632283
    4.241569282  -27.619630450  -28.352153721  -25.949996643
    4.248747913  -27.354469369  -27.343152326  -25.253902507
    4.255926544  -27.571438409  -26.367781793  -25.516799647
    4.263105175  -28.407055818  -27.646750820  -26.397707915
    4.270283806  -29.370388281  -31.778826684  -27.142720916
    4.277462437  -29.532469328  -34.482083311  -27.217986220
    4.284641068  -29.127790108  -34.720440957  -27.154298774
    4.291819699  -28.796309752  -34.198749313  -27.317626116
    4.298998331  -28.649642791  -33.145687114  -27.496681015
    4.306176962  -28.421952972  -31.706719502  -27.380549271
    4.313355593  -27.899833119  -30.477787066  -27.100057431
    4.320534224  -27.523065320  -29.976319291  -27.555886582
    4.327712855  -27.308871532  -29.605317871  -28.235262453
    4.334891486  -26.800684038  -28.686943659  -27.921833145
    4.342070117  -26.163009805  -27.536169858  -27.019771323
    4.349248748  -25.592273847  -26.418904873  -26.264064291
    4.356427379  -25.131821444  -25.462820483  -26.088256880
    4.363606010  -24.696182882  -24.755379828  -26.024776673
    4.370784641  -24.154305176  -24.414751120  -25.589442124
    4.377963272  -23.583007159  -24.568541487  -25.108963797
    4.385141903  -23.053596134  -24.487461215  -24.636188118
    4.392320534  -22.598709097  -23.904027377  -24.105342026
    4.399499165  -22.244614425  -23.196232285  -23.525908751
    4.406677796  -21.958530342  -22.621626186  -22.934082536
    4.413856427  -21.723708840  -22.459640693  -22.532991631
    4.421035058  -21.516312274  -22.640381831  -22.444219339
    4.428213689  -21.254836691  -22.528856219  -22.267086233
    4.435392321  -21.061718973  -22.073409441  -21.853864535
    4.442570952  -20.933586690  -21.639460528  -21.395199501
    4.449749583  -20.706631556  -21.360406077  -21.064458209
    4.456928214  -20.415721885  -21.292930825  -20.904441547
    4.464106845  -20.044376133  -21.104629988  -20.683259651
    4.471285476  -19.605246116  -20.617234869  -20.369738496
    4.478464107  -19.177355421  -20.088899589  -20.047871656
    4.485642738  -18.817067227  -19.687927977  -19.747470876
    4.492821369  -18.486356998  -19.335404937  -19.432406522
    4.500000000  -18.108254959  -19.001719059  -19.059055551
