# energy grid [eV]     epsr_x  epsr_y  epsr_z
#
    0.200000000   12.833669371    2.906437180   12.894878059
    0.207178631   12.836294672    2.906702478   12.897595519
    0.214357262   12.839013858    2.906977221   12.900410224
    0.221535893   12.841827067    2.907261421   12.903322322
    0.228714524   12.844734442    2.907555085   12.906331968
    0.235893155   12.847736130    2.907858226   12.909439322
    0.243071786   12.850832284    2.908170853   12.912644551
    0.250250417   12.854023062    2.908492977   12.915947824
    0.257429048   12.857308626    2.908824609   12.919349318
    0.264607679   12.860689143    2.909165762   12.922849215
    0.271786311   12.864164787    2.909516447   12.926447702
    0.278964942   12.867735734    2.909876677   12.930144971
    0.286143573   12.871402167    2.910246463   12.933941220
    0.293322204   12.875164275    2.910625819   12.937836654
    0.300500835   12.879022249    2.911014759   12.941831480
    0.307679466   12.882976289    2.911413296   12.945925915
    0.314858097   12.887026596    2.911821444   12.950120178
    0.322036728   12.891173380    2.912239217   12.954414496
    0.329215359   12.895416853    2.912666630   12.958809101
    0.336393990   12.899757235    2.913103699   12.963304229
    0.343572621   12.904194750    2.913550438   12.967900125
    0.350751252   12.908729627    2.914006864   12.972597037
    0.357929883   12.913362101    2.914472992   12.977395221
    0.365108514   12.918092412    2.914948840   12.982294936
    0.372287145   12.922920806    2.915434423   12.987296451
    0.379465776   12.927847533    2.915929760   12.992400037
    0.386644407   12.932872850    2.916434867   12.997605974
    0.393823038   12.937997019    2.916949763   13.002914545
    0.401001669   12.943220308    2.917474467   13.008326043
    0.408180301   12.948542989    2.918008996   13.013840763
    0.415358932   12.953965342    2.918553370   13.019459009
    0.422537563   12.959487651    2.919107609   13.025181090
    0.429716194   12.965110205    2.919671731   13.031007322
    0.436894825   12.970833302    2.920245759   13.036938027
    0.444073456   12.976657243    2.920829711   13.042973532
    0.451252087   12.982582334    2.921423609   13.049114174
    0.458430718   12.988608891    2.922027474   13.055360292
    0.465609349   12.994737231    2.922641329   13.061712235
    0.472787980   13.000967681    2.923265195   13.068170357
    0.479966611   13.007300571    2.923899095   13.074735018
    0.487145242   13.013736240    2.924543051   13.081406586
    0.494323873   13.020275030    2.925197087   13.088185435
    0.501502504   13.026917292    2.925861227   13.095071948
    0.508681135   13.033663381    2.926535495   13.102066510
    0.515859766   13.040513660    2.927219915   13.109169518
    0.523038397   13.047468496    2.927914512   13.116381373
    0.530217028   13.054528266    2.928619312   13.123702484
    0.537395659   13.061693351    2.929334341   13.131133267
    0.544574290   13.068964138    2.930059624   13.138674145
    0.551752922   13.076341021    2.930795188   13.146325549
    0.558931553   13.083824403    2.931541060   13.154087917
    0.566110184   13.091414690    2.932297267   13.161961692
    0.573288815   13.099112296    2.933063838   13.169947329
    0.580467446   13.106917645    2.933840800   13.178045287
    0.587646077   13.114831162    2.934628183   13.186256034
    0.594824708   13.122853284    2.935426016   13.194580045
    0.602003339   13.130984452    2.936234327   13.203017804
    0.609181970   13.139225116    2.937053147   13.211569801
    0.616360601   13.147575732    2.937882507   13.220236536
    0.623539232   13.156036763    2.938722438   13.229018515
    0.630717863   13.164608679    2.939572970   13.237916253
    0.637896494   13.173291960    2.940434135   13.246930274
    0.645075125   13.182087090    2.941305967   13.256061109
    0.652253756   13.190994563    2.942188497   13.265309297
    0.659432387   13.200014878    2.943081759   13.274675388
    0.666611018   13.209148545    2.943985787   13.284159938
    0.673789649   13.218396079    2.944900614   13.293763512
    0.680968280   13.227758003    2.945826275   13.303486685
    0.688146912   13.237234851    2.946762806   13.313330039
    0.695325543   13.246827160    2.947710241   13.323294167
    0.702504174   13.256535480    2.948668618   13.333379669
    0.709682805   13.266360365    2.949637972   13.343587156
    0.716861436   13.276302380    2.950618340   13.353917247
    0.724040067   13.286362098    2.951609761   13.364370571
    0.731218698   13.296540100    2.952612272   13.374947765
    0.738397329   13.306836974    2.953625911   13.385649479
    0.745575960   13.317253319    2.954650719   13.396476368
    0.752754591   13.327789743    2.955686733   13.407429101
    0.759933222   13.338446860    2.956733996   13.418508355
    0.767111853   13.349225295    2.957792546   13.429714816
    0.774290484   13.360125682    2.958862426   13.441049183
    0.781469115   13.371148663    2.959943677   13.452512163
    0.788647746   13.382294892    2.961036341   13.464104475
    0.795826377   13.393565028    2.962140461   13.475826847
    0.803005008   13.404959744    2.963256080   13.487680019
    0.810183639   13.416479719    2.964383243   13.499664741
    0.817362270   13.428125644    2.965521994   13.511781774
    0.824540902   13.439898220    2.966672377   13.524031892
    0.831719533   13.451798155    2.967834439   13.536415877
    0.838898164   13.463826170    2.969008225   13.548934526
    0.846076795   13.475982996    2.970193783   13.561588644
    0.853255426   13.488269373    2.971391160   13.574379050
    0.860434057   13.500686052    2.972600403   13.587306576
    0.867612688   13.513233796    2.973821561   13.600372063
    0.874791319   13.525913376    2.975054683   13.613576365
    0.881969950   13.538725576    2.976299820   13.626920351
    0.889148581   13.551671190    2.977557021   13.640404899
    0.896327212   13.564751024    2.978826337   13.654030903
    0.903505843   13.577965895    2.980107821   13.667799267
    0.910684474   13.591316631    2.981401523   13.681710910
    0.917863105   13.604804072    2.982707498   13.695766764
    0.925041736   13.618429071    2.984025799   13.709967774
    0.932220367   13.632192489    2.985356479   13.724314898
    0.939398998   13.646095205    2.986699595   13.738809109
    0.946577629   13.660138105    2.988055200   13.753451395
    0.953756260   13.674322090    2.989423353   13.768242756
    0.960934891   13.688648073    2.990804108   13.783184208
    0.968113523   13.703116980    2.992197525   13.798276781
    0.975292154   13.717729750    2.993603661   13.813521521
    0.982470785   13.732487335    2.995022576   13.828919486
    0.989649416   13.747390700    2.996454328   13.844471755
    0.996828047   13.762440825    2.997898979   13.860179416
    1.004006678   13.777638701    2.999356589   13.876043578
    1.011185309   13.792985335    3.000827221   13.892065365
    1.018363940   13.808481749    3.002310937   13.908245914
    1.025542571   13.824128976    3.003807801   13.924586383
    1.032721202   13.839928066    3.005317876   13.941087945
    1.039899833   13.855880084    3.006841228   13.957751789
    1.047078464   13.871986108    3.008377922   13.974579122
    1.054257095   13.888247234    3.009928025   13.991571171
    1.061435726   13.904664570    3.011491604   14.008729178
    1.068614357   13.921239243    3.013068727   14.026054405
    1.075792988   13.937972393    3.014659463   14.043548130
    1.082971619   13.954865178    3.016263881   14.061211652
    1.090150250   13.971918772    3.017882053   14.079046290
    1.097328881   13.989134365    3.019514050   14.097053380
    1.104507513   14.006513165    3.021159944   14.115234279
    1.111686144   14.024056396    3.022819807   14.133590364
    1.118864775   14.041765299    3.024493715   14.152123033
    1.126043406   14.059641134    3.026181742   14.170833702
    1.133222037   14.077685180    3.027883963   14.189723812
    1.140400668   14.095898731    3.029600455   14.208794822
    1.147579299   14.114283101    3.031331297   14.228048217
    1.154757930   14.132839625    3.033076566   14.247485498
    1.161936561   14.151569653    3.034836342   14.267108195
    1.169115192   14.170474559    3.036610705   14.286917857
    1.176293823   14.189555732    3.038399737   14.306916058
    1.183472454   14.208814585    3.040203520   14.327104394
    1.190651085   14.228252549    3.042022137   14.347484488
    1.197829716   14.247871078    3.043855673   14.368057984
    1.205008347   14.267671644    3.045704213   14.388826554
    1.212186978   14.287655744    3.047567843   14.409791895
    1.219365609   14.307824893    3.049446651   14.430955729
    1.226544240   14.328180631    3.051340725   14.452319805
    1.233722871   14.348724521    3.053250155   14.473885897
    1.240901503   14.369458145    3.055175030   14.495655811
    1.248080134   14.390383113    3.057115444   14.517631375
    1.255258765   14.411501056    3.059071489   14.539814450
    1.262437396   14.432813629    3.061043257   14.562206924
    1.269616027   14.454322513    3.063030846   14.584810715
    1.276794658   14.476029413    3.065034350   14.607627769
    1.283973289   14.497936060    3.067053867   14.630660065
    1.291151920   14.520044210    3.069089496   14.653909613
    1.298330551   14.542355646    3.071141336   14.677378453
    1.305509182   14.564872177    3.073209488   14.701068658
    1.312687813   14.587595640    3.075294054   14.724982335
    1.319866444   14.610527901    3.077395138   14.749121624
    1.327045075   14.633670851    3.079512844   14.773488698
    1.334223706   14.657026412    3.081647278   14.798085766
    1.341402337   14.680596535    3.083798548   14.822915074
    1.348580968   14.704383200    3.085966762   14.847978900
    1.355759599   14.728388419    3.088152029   14.873279564
    1.362938230   14.752614233    3.090354461   14.898819419
    1.370116861   14.777062716    3.092574171   14.924600861
    1.377295492   14.801735972    3.094811272   14.950626322
    1.384474124   14.826636142    3.097065880   14.976898276
    1.391652755   14.851765394    3.099338112   15.003419235
    1.398831386   14.877125936    3.101628085   15.030191756
    1.406010017   14.902720006    3.103935919   15.057218437
    1.413188648   14.928549881    3.106261736   15.084501919
    1.420367279   14.954617871    3.108605659   15.112044888
    1.427545910   14.980926323    3.110967810   15.139850074
    1.434724541   15.007477623    3.113348317   15.167920256
    1.441903172   15.034274194    3.115747306   15.196258258
    1.449081803   15.061318497    3.118164907   15.224866951
    1.456260434   15.088613034    3.120601250   15.253749257
    1.463439065   15.116160347    3.123056466   15.282908149
    1.470617696   15.143963019    3.125530691   15.312346650
    1.477796327   15.172023673    3.128024059   15.342067834
    1.484974958   15.200344979    3.130536707   15.372074832
    1.492153589   15.228929647    3.133068776   15.402370827
    1.499332220   15.257780434    3.135620405   15.432959059
    1.506510851   15.286900140    3.138191736   15.463842824
    1.513689482   15.316291614    3.140782915   15.495025479
    1.520868114   15.345957751    3.143394088   15.526510439
    1.528046745   15.375901495    3.146025402   15.558301180
    1.535225376   15.406125839    3.148677008   15.590401240
    1.542404007   15.436633826    3.151349057   15.622814224
    1.549582638   15.467428551    3.154041704   15.655543800
    1.556761269   15.498513163    3.156755105   15.688593702
    1.563939900   15.529890863    3.159489417   15.721967735
    1.571118531   15.561564905    3.162244800   15.755669771
    1.578297162   15.593538594    3.165021415   15.789703745
    1.585475793   15.625815270    3.167819428   15.824073649
    1.592654424   15.658398331    3.170639001   15.858783542
    1.599833055   15.691291333    3.173480306   15.893837668
    1.607011686   15.724497887    3.176343518   15.929240342
    1.614190317   15.758021571    3.179228806   15.964995859
    1.621368948   15.791866033    3.182136347   16.001108605
    1.628547579   15.826035007    3.185066316   16.037583068
    1.635726210   15.860532298    3.188018894   16.074423832
    1.642904841   15.895361782    3.190994264   16.111635570
    1.650083472   15.930527404    3.193992610   16.149223046
    1.657262104   15.966033181    3.197014120   16.187191119
    1.664440735   16.001883203    3.200058983   16.225544743
    1.671619366   16.038081635    3.203127393   16.264288969
    1.678797997   16.074632717    3.206219543   16.303428950
    1.685976628   16.111540769    3.209335633   16.342969942
    1.693155259   16.148810191    3.212475862   16.382917307
    1.700333890   16.186445463    3.215640433   16.423276514
    1.707512521   16.224451153    3.218829553   16.464053146
    1.714691152   16.262831910    3.222043430   16.505252890
    1.721869783   16.301592476    3.225282276   16.546881544
    1.729048414   16.340737679    3.228546306   16.588945050
    1.736227045   16.380272444    3.231835738   16.631449510
    1.743405676   16.420201787    3.235150792   16.674401107
    1.750584307   16.460530824    3.238491692   16.717806145
    1.757762938   16.501264768    3.241858664   16.761671068
    1.764941569   16.542408935    3.245251940   16.806002465
    1.772120200   16.583968746    3.248671753   16.850807069
    1.779298831   16.625949730    3.252118338   16.896091758
    1.786477462   16.668357525    3.255591937   16.941863561
    1.793656093   16.711197882    3.259092793   16.988129661
    1.800834725   16.754476669    3.262621153   17.034897400
    1.808013356   16.798199870    3.266177267   17.082174283
    1.815191987   16.842373594    3.269761391   17.129967984
    1.822370618   16.887004074    3.273373781   17.178286350
    1.829549249   16.932097670    3.277014700   17.227137399
    1.836727880   16.977660869    3.280684412   17.276529329
    1.843906511   17.023700297    3.284383187   17.326470523
    1.851085142   17.070222736    3.288111299   17.376969613
    1.858263773   17.117235105    3.291869027   17.428035413
    1.865442404   17.164744457    3.295656651   17.479676906
    1.872621035   17.212757995    3.299474456   17.531903295
    1.879799666   17.261283085    3.303322734   17.584724011
    1.886978297   17.310327249    3.307201778   17.638148713
    1.894156928   17.359898177    3.311111887   17.692187295
    1.901335559   17.410003725    3.315053364   17.746849893
    1.908514190   17.460651924    3.319026519   17.802146891
    1.915692821   17.511850986    3.323031662   17.858088932
    1.922871452   17.563609302    3.327069113   17.914686922
    1.930050083   17.615935455    3.331139193   17.971952043
    1.937228715   17.668838219    3.335242230   18.029895761
    1.944407346   17.722326551    3.339378555   18.088529827
    1.951585977   17.776409583    3.343548505   18.147866292
    1.958764608   17.831096689    3.347752423   18.207917515
    1.965943239   17.886397597    3.351990659   18.268696190
    1.973121870   17.942322124    3.356263571   18.330215291
    1.980300501   17.998880330    3.360571516   18.392488231
    1.987479132   18.056082643    3.364914857   18.455528893
    1.994657763   18.113939599    3.369293966   18.519351360
    2.001836394   18.172461961    3.373709220   18.583970067
    2.009015025   18.231660793    3.378161002   18.649399884
    2.016193656   18.291547447    3.382649701   18.715656109
    2.023372287   18.352133557    3.387175713   18.782754470
    2.030550918   18.413431049    3.391739440   18.850711131
    2.037729549   18.475452146    3.396341291   18.919542687
    2.044908180   18.538209381    3.400981680   18.989266191
    2.052086811   18.601715611    3.405661031   19.059899329
    2.059265442   18.665984019    3.410379774   19.131460349
    2.066444073   18.731028131    3.415138346   19.203967866
    2.073622705   18.796861826    3.419937189   19.277441037
    2.080801336   18.863499349    3.424776756   19.351899627
    2.087979967   18.930955321    3.429657505   19.427364019
    2.095158598   18.999244758    3.434579904   19.503855240
    2.102337229   19.068383077    3.439544428   19.581394952
    2.109515860   19.138386114    3.444551561   19.660005478
    2.116694491   19.209270140    3.449601794   19.739709853
    2.123873122   19.281051896    3.454695627   19.820531860
    2.131051753   19.353748581    3.459833569   19.902496040
    2.138230384   19.427377867    3.465016138   19.985627720
    2.145409015   19.501957932    3.470243862   20.069953061
    2.152587646   19.577507478    3.475517277   20.155499091
    2.159766277   19.654045751    3.480836929   20.242293746
    2.166944908   19.731592557    3.486203375   20.330365906
    2.174123539   19.810168289    3.491617179   20.419745437
    2.181302170   19.889793946    3.497078920   20.510463237
    2.188480801   19.970491158    3.502589184   20.602551275
    2.195659432   20.052282212    3.508148568   20.696042618
    2.202838063   20.135190070    3.513757681   20.790971452
    2.210016694   20.219238394    3.519417145   20.887373286
    2.217195326   20.304451541    3.525127589   20.985285120
    2.224373957   20.390854640    3.530889659   21.084745086
    2.231552588   20.478473851    3.536704011   21.185792886
    2.238731219   20.567336122    3.542571314   21.288469721
    2.245909850   20.657469077    3.548492249   21.392818165
    2.253088481   20.748901276    3.554467510   21.498882483
    2.260267112   20.841662266    3.560497804   21.606708721
    2.267445743   20.935782591    3.566583842   21.716344763
    2.274624374   21.031293813    3.572726331   21.827840413
    2.281803005   21.128228572    3.578926002   21.941247496
    2.288981636   21.226620682    3.585183700   22.056619979
    2.296160267   21.326505081    3.591500244   22.174014060
    2.303338898   21.427918136    3.597876393   22.293488371
    2.310517529   21.530897533    3.604312942   22.415104050
    2.317696160   21.635482052    3.610810714   22.538924790
    2.324874791   21.741711904    3.617370556   22.665017065
    2.332053422   21.849628785    3.623993332   22.793450243
    2.339232053   21.959276127    3.630679924   22.924296932
    2.346410684   22.070699226    3.637431234   23.057633361
    2.353589316   22.183944896    3.644248182   23.193539260
    2.360767947   22.299061641    3.651131708   23.332097785
    2.367946578   22.416099915    3.658082772   23.473396016
    2.375125209   22.535112233    3.665102356   23.617525346
    2.382303840   22.656153253    3.672191461   23.764581705
    2.389482471   22.779279868    3.679351105   23.914665796
    2.396661102   22.904551307    3.686582319   24.067883349
    2.403839733   23.032029282    3.693886165   24.224345406
    2.411018364   23.161778222    3.701263776   24.384168922
    2.418196995   23.293865456    3.708716291   24.547477866
    2.425375626   23.428361195    3.716244837   24.714402728
    2.432554257   23.565338620    3.723850543   24.885080303
    2.439732888   23.704874251    3.731534604   25.059655162
    2.446911519   23.847048157    3.739298303   25.238280332
    2.454090150   23.991944108    3.747142889   25.421117644
    2.461268781   24.139649864    3.755069671   25.608338419
    2.468447412   24.290257177    3.763079971   25.800124099
    2.475626043   24.443862399    3.771175121   25.996667308
    2.482804674   24.600567384    3.779356508   26.198173174
    2.489983306   24.760478458    3.787625554   26.404859181
    2.497161937   24.923706981    3.795983716   26.616956537
    2.504340568   25.090370747    3.804432487   26.834712564
    2.511519199   25.260593715    3.812973407   27.058390951
    2.518697830   25.434506130    3.821608052   27.288272765
    2.525876461   25.612245431    3.830338046   27.524658787
    2.533055092   25.793956861    3.839165055   27.767871410
    2.540233723   25.979793974    3.848090793   28.018256554
    2.547412354   26.169919103    3.857117022   28.276185750
    2.554590985   26.364504088    3.866245555   28.542058696
    2.561769616   26.563731010    3.875478260   28.816306052
    2.568948247   26.767793178    3.884817059   29.099392789
    2.576126878   26.976896516    3.894263936   29.391822250
    2.583305509   27.191259784    3.903820930   29.694139437
    2.590484140   27.411115634    3.913490147   30.006935438
    2.597662771   27.636712484    3.923273766   30.330853248
    2.604841402   27.868315915    3.933174017   30.666593987
    2.612020033   28.106209916    3.943193268   31.014923300
    2.619198664   28.350698597    3.953333999   31.376679049
    2.626377295   28.602108326    3.963598697   31.752780546
    2.633555927   28.860790123    3.973989938   32.144239867
    2.640734558   29.127122217    3.984510414   32.552174359
    2.647913189   29.401512576    3.995162936   32.977818840
    2.655091820   29.684402160    4.005950467   33.422542600
    2.662270451   29.976268414    4.016876099   33.887868238
    2.669449082   30.277630185    4.027943043   34.375497143
    2.676627713   30.589055489    4.039154676   34.887346818
    2.683806344   30.911163611    4.050514555   35.425571123
    2.690984975   31.244630307    4.062026424   35.992594709
    2.698163606   31.590198444    4.073694246   36.591170572
    2.705342237   31.948687376    4.085522240   37.224438849
    2.712520868   32.321003494    4.097514935   37.895997092
    2.719699499   32.708152884    4.109677165   38.609987223
    2.726878130   33.111257094    4.122014126   39.371204613
    2.734056761   33.531576818    4.134531467   40.185246232
    2.741235392   33.970538989    4.147235377   41.058692773
    2.748414023   34.429753089    4.160132655   41.999302173
    2.755592654   34.911053298    4.173230846   43.016311930
    2.762771285   35.416554093    4.186538414   44.120839973
    2.769949917   35.948705643    4.200064952   45.326360169
    2.777128548   36.510371141    4.213821502   46.649364952
    2.784307179   37.104934259    4.227821050   48.110278544
    2.791485810   37.736440086    4.242078923   49.734690399
    2.798664441   38.409785439    4.256613495   51.555063081
    2.805843072   39.130980737    4.271447327   53.613123559
    2.813021703   39.907512958    4.286608627   55.963228735
    2.820200334   40.748847997    4.302133280   58.677082496
    2.827378965   41.667109755    4.318067667   61.850168923
    2.834557596   42.677923116    4.334472111   65.609755288
    2.841736227   43.801159809    4.351423628   70.121803018
    2.848914858   45.060314124    4.369013082   75.583879004
    2.856093489   46.475245842    4.387314307   82.150776249
    2.863272120   48.027246395    4.406229598   89.579774514
    2.870450751   49.515739209    4.424861198   95.778827276
    2.877629382   50.094140905    4.439481150   92.107993601
    2.884808013   48.007947939    4.442384598   60.726731579
    2.891986644   44.474300959    4.438860856   13.850916648
    2.899165275   43.735898274    4.447427709   -5.705402206
    2.906343907   45.264789369    4.465722660   -3.430533669
    2.913522538   47.514253423    4.486913930    4.846351763
    2.920701169   49.965408348    4.508650449   13.657632080
    2.927879800   52.540613446    4.530490885   21.949118312
    2.935058431   55.281931294    4.552490213   29.809461914
    2.942237062   58.265747248    4.574816364   37.581375107
    2.949415693   61.586715458    4.597664009   45.658746570
    2.956594324   65.360067361    4.621229292   54.432086565
    2.963772955   69.728353114    4.645650396   64.167761438
    2.970951586   74.863483734    4.670738928   74.455394212
    2.978130217   80.938493812    4.694895264   81.980926075
    2.985308848   88.001867850    4.711969555   74.097213774
    2.992487479   95.820026114    4.712510613   31.397327145
    2.999666110  103.810778058    4.710229065  -17.995803494
    3.006844741  107.359708421    4.724658641  -33.807091301
    3.014023372   90.109951196    4.746325602  -34.658558944
    3.021202003   41.775100368    4.766105060  -38.789727491
    3.028380634    6.169683207    4.788064105  -40.256578153
    3.035559265    3.138383603    4.814693362  -35.098176025
    3.042737896   13.639354154    4.843302512  -27.941752706
    3.049916528   27.254524443    4.872529265  -21.143946833
    3.057095159   41.200637087    4.902077431  -15.164615205
    3.064273790   53.586501337    4.931583626  -10.063570330
    3.071452421   57.454949330    4.959250119   -6.303411266
    3.078631052   33.717269266    4.980019570   -5.429186655
    3.085809683  -20.380365097    4.993188843   -7.584043979
    3.092988314  -53.291729969    5.012546351   -8.182281898
    3.100166945  -55.285427688    5.040718072   -6.315124901
    3.107345576  -47.039471647    5.072213218   -3.748035628
    3.114524207  -37.792196086    5.104595047   -1.254952237
    3.121702838  -29.689994905    5.137320054    1.003710976
    3.128881469  -22.930588550    5.170365852    3.032681815
    3.136060100  -17.306306167    5.203819517    4.868046951
    3.143238731  -12.575279238    5.237778566    6.545753325
    3.150417362   -8.537111438    5.272331048    8.095706599
    3.157595993   -5.038245522    5.307554147    9.541786130
    3.164774624   -1.963043006    5.343516820   10.903030810
    3.171953255    0.775859443    5.380282725   12.194814721
    3.179131886    3.245203796    5.417912538   13.429760771
    3.186310518    5.496712915    5.456465711   14.618424338
    3.193489149    7.571097879    5.496001882   15.769801907
    3.200667780    9.500919801    5.536582030   16.891712309
    3.207846411   11.312649600    5.578269440   17.991087081
    3.215025042   13.028169035    5.621130597   19.074196062
    3.222203673   14.665882426    5.665236041   20.146830708
    3.229382304   16.241558631    5.710661244   21.214471878
    3.236560935   17.768973077    5.757487571   22.282414916
    3.243739566   19.260410084    5.805803446   23.355868439
    3.250918197   20.727079161    5.855705457   24.440084676
    3.258096828   22.179461485    5.907299630   25.540479304
    3.265275459   23.627609441    5.960703240   26.662748325
    3.272454090   25.081435151    6.016047013   27.813012317
    3.279632721   26.551038443    6.073477678   28.998006604
    3.286811352   28.046959940    6.133160824   30.225232854
    3.293989983   29.580447658    6.195284956   31.503170062
    3.301168614   31.163881060    6.260066697   32.841599842
    3.308347245   32.811237262    6.327757356   34.251988046
    3.315525876   34.538670094    6.398651575   35.747982001
    3.322704508   36.365249649    6.473098803   37.346063305
    3.329883139   38.313940737    6.551518762   39.066425839
    3.337061770   40.412958305    6.634422591   40.934197217
    3.344240401   42.697624827    6.722442349   42.981124974
    3.351419032   45.212957352    6.816372126   45.247935201
    3.358597663   48.017310604    6.917225411   47.787653832
    3.365776294   51.187461727    7.026315437   50.670244919
    3.372954925   54.825454434    7.145363188   53.988889577
    3.380133556   59.066885365    7.276627951   57.867562802
    3.387312187   64.086738149    7.423000310   62.466379058
    3.394490818   70.085642969    7.587785643   67.969024344
    3.401669449   77.185977172    7.773064260   74.487693743
    3.408848080   84.955180550    7.972170149   81.626964035
    3.416026711   90.505155281    8.139705380   86.744872034
    3.423205342   82.948233914    8.104073717   79.880454819
    3.430383973   45.042085268    7.593427720   45.258793468
    3.437562604    0.343455185    6.979581106    4.434260278
    3.444741235  -13.820377353    6.851589027   -8.439091546
    3.451919866   -9.669874137    7.016799459   -4.540334114
    3.459098497   -1.241285739    7.253874634    3.290708440
    3.466277129    7.185796452    7.495337721   11.141874060
    3.473455760   14.858021295    7.729240115   18.328458151
    3.480634391   21.886880849    7.957116773   24.958595471
    3.487813022   28.554953956    8.182961011   31.299086682
    3.494991653   35.163909738    8.410727267   37.637056992
    3.502170284   42.013964431    8.643933770   44.261754580
    3.509348915   49.398853555    8.885747756   51.459144616
    3.516527546   57.536056717    9.139156132   59.440765937
    3.523706177   66.205839153    9.407132250   67.978972741
    3.530884808   73.259134322    9.692786323   74.901455891
    3.538063439   69.884921390    9.999503407   71.317512120
    3.545242070   38.840352974   10.331095394   39.832682271
    3.552420701   -5.512170360   10.692067623   -5.069889086
    3.559599332  -22.715156514   11.087822815  -22.587204635
    3.566777963  -19.825224264   11.524773307  -19.839167434
    3.573956594  -11.788173934   12.010792080  -11.902820203
    3.581135225   -3.634774279   12.555742361   -3.855080367
    3.588313856    3.633684786   13.172138707    3.290880711
    3.595492487   10.025433270   13.876079978    9.539484233
    3.602671119   15.740297499   14.688567094   15.087497670
    3.609849750   20.980219565   15.637350358   20.132521708
    3.617028381   25.915749689   16.759470036   24.838664768
    3.624207012   30.688864643   18.104590731   29.338705273
    3.631385643   35.422336777   19.738204772   33.742884005
    3.638564274   40.227653998   21.740176815   38.147148041
    3.645742905   45.205934308   24.181440885   42.638742424
    3.652921536   50.423703203   27.007072011   47.295255272
    3.660100167   55.792469421   29.547490610   52.161329381
    3.667278798   60.639847402   28.831125847   57.155080415
    3.674457429   63.190539740   17.543903284   61.954550670
    3.681636060   63.905860095   -3.031288353   66.766014346
    3.688814691   67.805096611  -14.037342739   72.861478111
    3.695993322   75.332086720  -14.559963997   80.502958126
    3.703171953   84.876917749  -11.867596008   89.525276236
    3.710350584   95.989454543   -8.867729392  100.059196203
    3.717529215  108.705458049   -6.223871118  112.286570445
    3.724707846  122.626711306   -4.044486914  125.877243644
    3.731886477  135.992556739   -2.337971789  139.107524543
    3.739065109  144.338922469   -0.863354469  147.177755221
    3.746243740  133.522379280    0.639452993  135.357764797
    3.753422371  102.079950049    2.162358890  102.348608675
    3.760601002   85.502434882    3.700753144   85.120281780
    3.767779633   72.300061324    5.295904674   73.362240603
    3.774958264   39.756738235    7.009501257   44.058735101
    3.782136895    6.424880003    8.916809238   12.961225684
    3.789315526  -24.212584082   11.095146633  -16.796317195
    3.796494157  -32.152707505   13.577939850  -24.162421086
    3.803672788  -24.578453149   16.112630357  -15.952447650
    3.810851419  -31.802884820   17.270340764  -22.653671725
    3.818030050  -58.385777246   12.318461855  -50.260182822
    3.825208681  -71.682022827   -3.119894842  -68.221091375
    3.832387312  -82.227427249  -16.573447414  -83.219287973
    3.839565943 -108.789685490  -19.591184977 -111.101851993
    3.846744574 -123.239499763  -17.989712091 -125.408832543
    3.853923205 -116.342179217  -15.572073064 -118.056070523
    3.861101836 -102.676901383  -13.365469331 -103.948213977
    3.868280467  -89.164567628  -11.529929764  -90.064372772
    3.875459098  -77.274195312  -10.026815222  -77.867129616
    3.882637730  -66.974623177   -8.788473501  -67.307231706
    3.889816361  -57.946990398   -7.755543045  -58.047990390
    3.896994992  -49.869991834   -6.882070114  -49.752528581
    3.904173623  -42.472009870   -6.133583463  -42.136771231
    3.911352254  -35.535543575   -5.484311962  -34.979324160
    3.918530885  -28.919279965   -4.914906050  -28.168775582
    3.925709516  -22.673925221   -4.410913954  -21.910800023
    3.932888147  -17.223411210   -3.961873642  -17.045255345
    3.940066778  -12.417809290   -3.558781201  -13.442568247
    3.947245409   -6.494335499   -3.191632311   -8.231496622
    3.954424040    0.869279558   -2.854254766   -0.930593557
    3.961602671    8.671702512   -2.543415842    7.014984020
    3.968781302   14.313206039   -2.257668634   12.793094123
    3.975959933    9.720489807   -2.000482125    8.210857995
    3.983138564  -13.567144343   -1.776075701  -15.276801921
    3.990317195  -34.674922383   -1.565013856  -36.599585880
    3.997495826  -36.855422782   -1.351535374  -38.852887566
    4.004674457  -30.008181602   -1.141913689  -32.028198646
    4.011853088  -21.135679182   -0.940198643  -23.195355485
    4.019031720  -12.055332505   -0.746279037  -14.193610104
    4.026210351   -2.904684407   -0.558686374   -5.169758997
    4.033388982    6.607533393   -0.375551621    4.159031163
    4.040567613   16.882128444   -0.194813490   14.184501216
    4.047746244   28.301082666   -0.014366295   25.286835975
    4.054924875   40.907395196    0.167202895   37.552072904
    4.062103506   53.097678403    0.347288988   49.613994759
    4.069282137   57.201857443    0.507128897   54.675175430
    4.076460768   34.816936282    0.590233423   35.624133194
    4.083639399  -12.453938123    0.565433389   -8.960428281
    4.090818030  -39.329828295    0.578011150  -36.647307513
    4.097996661  -36.987700098    0.696794114  -35.396576483
    4.105175292  -32.213071076    0.791267891  -31.279246093
    4.112353923  -51.043259463    0.693148207  -50.504066565
    4.119532554  -92.970510193    0.438237199  -92.084764829
    4.126711185 -124.737430545    0.286575245 -122.969035543
    4.133889816 -128.994380254    0.335424659 -126.872323979
    4.141068447 -119.803189835    0.476573496 -117.736987919
    4.148247078 -108.547073256    0.630878611 -106.628945907
    4.155425710  -98.458194665    0.776242045  -96.674013410
    4.162604341  -89.964491436    0.909816141  -88.277585652
    4.169782972  -82.858469956    1.033109231  -81.230338231
    4.176961603  -76.857708733    1.148129256  -75.253994627
    4.184140234  -71.737152817    1.256393424  -70.139743137
    4.191318865  -67.392737694    1.358177398  -65.849062976
    4.198497496  -63.943825224    1.451118044  -62.700100287
    4.205676127  -61.475379625    1.533519045  -60.924207060
    4.212854758  -59.207133648    1.615170262  -59.216330559
    4.220033389  -56.708383016    1.701403143  -56.869992869
    4.227212020  -54.244238021    1.788528581  -54.388092874
    4.234390651  -51.959400110    1.874498980  -52.054554073
    4.241569282  -49.870133284    1.958998346  -49.922168690
    4.248747913  -47.957763067    2.042207815  -47.977920331
    4.255926544  -46.199072893    2.124399261  -46.197303538
    4.263105175  -44.573190911    2.205840316  -44.557161046
    4.270283806  -43.062550452    2.286778876  -43.037941147
    4.277462437  -41.652536655    2.367442839  -41.623518470
    4.284641068  -40.330941315    2.448045257  -40.300577072
    4.291819699  -39.087476255    2.528790374  -39.058020954
    4.298998331  -37.913383311    2.609878179  -37.886497854
    4.306176962  -36.801136174    2.691508466  -36.778038643
    4.313355593  -35.744206955    2.773884122  -35.725780884
    4.320534224  -34.736878592    2.857214423  -34.723749825
    4.327712855  -33.774096921    2.941718696  -33.766687638
    4.334891486  -32.851353509    3.027629584  -32.849919538
    4.342070117  -31.964589955    3.115196078  -31.969246111
    4.349248748  -31.110115743    3.204688508  -31.120851055
    4.356427379  -30.284540228    3.296403711  -30.301226592
    4.363606010  -29.484704339    3.390670748  -29.507105668
    4.370784641  -28.707626162    3.487858687  -28.735400901
    4.377963272  -27.950461777    3.588381948  -27.983148937
    4.385141903  -27.210454623    3.692709210  -27.247455365
    4.392320534  -26.484880021    3.801377940  -26.525438082
    4.399499165  -25.770992887    3.915009998  -25.814167181
    4.406677796  -25.065972290    4.034330335  -25.110597781
    4.413856427  -24.366856166    4.160191426  -24.411491182
    4.421035058  -23.670463790    4.293604833  -23.713319392
    4.428213689  -22.973301039    4.435782261  -23.012145633
    4.435392321  -22.271440336    4.588189923  -22.303469971
    4.442570952  -21.560362600    4.752621699  -21.582026587
    4.449749583  -20.834751467    4.931296379  -20.841516059
    4.456928214  -20.088220072    5.126990912  -20.074235407
    4.464106845  -19.312939988    5.343226570  -19.270557704
    4.471285476  -18.499125966    5.584516502  -18.418281316
    4.478464107  -17.634338403    5.856695409  -17.501832443
    4.485642738  -16.702585676    6.167324411  -16.501553341
    4.492821369  -15.683391465    6.525977891  -15.394542939
    4.500000000  -14.551821777    6.943538907  -14.162966876
