# energy grid [eV]     epsi_x  epsi_y  epsi_z
#
    0.200000000    0.000000000    0.000000000    0.000000000
    0.207178631    0.000000000    0.000000000    0.000000000
    0.214357262    0.000000000    0.000000000    0.000000000
    0.221535893    0.000000000    0.000000000    0.000000000
    0.228714524    0.000000000    0.000000000    0.000000000
    0.235893155    0.000000000    0.000000000    0.000000000
    0.243071786    0.000000000    0.000000000    0.000000000
    0.250250417    0.000000000    0.000000000    0.000000000
    0.257429048    0.000000000    0.000000000    0.000000000
    0.264607679    0.000000000    0.000000000    0.000000000
    0.271786311    0.000000000    0.000000000    0.000000000
    0.278964942    0.000000000    0.000000000    0.000000000
    0.286143573    0.000000000    0.000000000    0.000000000
    0.293322204    0.000000000    0.000000000    0.000000000
    0.300500835    0.000000000    0.000000000    0.000000000
    0.307679466    0.000000000    0.000000000    0.000000000
    0.314858097    0.000000000    0.000000000    0.000000000
    0.322036728    0.000000000    0.000000000    0.000000000
    0.329215359    0.000000000    0.000000000    0.000000000
    0.336393990    0.000000000    0.000000000    0.000000000
    0.343572621    0.000000000    0.000000000    0.000000000
    0.350751252    0.000000000    0.000000000    0.000000000
    0.357929883    0.000000000    0.000000000    0.000000000
    0.365108514    0.000000000    0.000000000    0.000000000
    0.372287145    0.000000000    0.000000000    0.000000000
    0.379465776    0.000000000    0.000000000    0.000000000
    0.386644407    0.000000000    0.000000000    0.000000000
    0.393823038    0.000000000    0.000000000    0.000000000
    0.401001669    0.000000000    0.000000000    0.000000000
    0.408180301    0.000000000    0.000000000    0.000000000
    0.415358932    0.000000000    0.000000000    0.000000000
    0.422537563    0.000000000    0.000000000    0.000000000
    0.429716194    0.000000000    0.000000000    0.000000000
    0.436894825    0.000000000    0.000000000    0.000000000
    0.444073456    0.000000000    0.000000000    0.000000000
    0.451252087    0.000000000    0.000000000    0.000000000
    0.458430718    0.000000000    0.000000000    0.000000000
    0.465609349    0.000000000    0.000000000    0.000000000
    0.472787980    0.000000000    0.000000000    0.000000000
    0.479966611    0.000000000    0.000000000    0.000000000
    0.487145242    0.000000000    0.000000000    0.000000000
    0.494323873    0.000000000    0.000000000    0.000000000
    0.501502504    0.000000000    0.000000000    0.000000000
    0.508681135    0.000000000    0.000000000    0.000000000
    0.515859766    0.000000000    0.000000000    0.000000000
    0.523038397    0.000000000    0.000000000    0.000000000
    0.530217028    0.000000000    0.000000000    0.000000000
    0.537395659    0.000000000    0.000000000    0.000000000
    0.544574290    0.000000000    0.000000000    0.000000000
    0.551752922    0.000000000    0.000000000    0.000000000
    0.558931553    0.000000000    0.000000000    0.000000000
    0.566110184    0.000000000    0.000000000    0.000000000
    0.573288815    0.000000000    0.000000000    0.000000000
    0.580467446    0.000000000    0.000000000    0.000000000
    0.587646077    0.000000000    0.000000000    0.000000000
    0.594824708    0.000000000    0.000000000    0.000000000
    0.602003339    0.000000000    0.000000000    0.000000000
    0.609181970    0.000000000    0.000000000    0.000000000
    0.616360601    0.000000000    0.000000000    0.000000000
    0.623539232    0.000000000    0.000000000    0.000000000
    0.630717863    0.000000000    0.000000000    0.000000000
    0.637896494    0.000000000    0.000000000    0.000000000
    0.645075125    0.000000000    0.000000000    0.000000000
    0.652253756    0.000000000    0.000000000    0.000000000
    0.659432387    0.000000000    0.000000000    0.000000000
    0.666611018    0.000000000    0.000000000    0.000000000
    0.673789649    0.000000000    0.000000000    0.000000000
    0.680968280    0.000000000    0.000000000    0.000000000
    0.688146912    0.000000000    0.000000000    0.000000000
    0.695325543    0.000000000    0.000000000    0.000000000
    0.702504174    0.000000000    0.000000000    0.000000000
    0.709682805    0.000000000    0.000000000    0.000000000
    0.716861436    0.000000000    0.000000000    0.000000000
    0.724040067    0.000000000    0.000000000    0.000000000
    0.731218698    0.000000000    0.000000000    0.000000000
    0.738397329    0.000000000    0.000000000    0.000000000
    0.745575960    0.000000000    0.000000000    0.000000000
    0.752754591    0.000000000    0.000000000    0.000000000
    0.759933222    0.000000000    0.000000000    0.000000000
    0.767111853    0.000000000    0.000000000    0.000000000
    0.774290484    0.000000000    0.000000000    0.000000000
    0.781469115    0.000000000    0.000000000    0.000000000
    0.788647746    0.000000000    0.000000000    0.000000000
    0.795826377    0.000000000    0.000000000    0.000000000
    0.803005008    0.000000000    0.000000000    0.000000000
    0.810183639    0.000000000    0.000000000    0.000000000
    0.817362270    0.000000000    0.000000000    0.000000000
    0.824540902    0.000000000    0.000000000    0.000000000
    0.831719533    0.000000000    0.000000000    0.000000000
    0.838898164    0.000000000    0.000000000    0.000000000
    0.846076795    0.000000000    0.000000000    0.000000000
    0.853255426    0.000000000    0.000000000    0.000000000
    0.860434057    0.000000000    0.000000000    0.000000000
    0.867612688    0.000000000    0.000000000    0.000000000
    0.874791319    0.000000000    0.000000000    0.000000000
    0.881969950    0.000000000    0.000000000    0.000000000
    0.889148581    0.000000000    0.000000000    0.000000000
    0.896327212    0.000000000    0.000000000    0.000000000
    0.903505843    0.000000000    0.000000000    0.000000000
    0.910684474    0.000000000    0.000000000    0.000000000
    0.917863105    0.000000000    0.000000000    0.000000000
    0.925041736    0.000000000    0.000000000    0.000000000
    0.932220367    0.000000000    0.000000000    0.000000000
    0.939398998    0.000000000    0.000000000    0.000000000
    0.946577629    0.000000000    0.000000000    0.000000000
    0.953756260    0.000000000    0.000000000    0.000000000
    0.960934891    0.000000000    0.000000000    0.000000000
    0.968113523    0.000000000    0.000000000    0.000000000
    0.975292154    0.000000000    0.000000000    0.000000000
    0.982470785    0.000000000    0.000000000    0.000000000
    0.989649416    0.000000000    0.000000000    0.000000000
    0.996828047    0.000000000    0.000000000    0.000000000
    1.004006678    0.000000000    0.000000000    0.000000000
    1.011185309    0.000000000    0.000000000    0.000000000
    1.018363940    0.000000000    0.000000000    0.000000000
    1.025542571    0.000000000    0.000000000    0.000000000
    1.032721202    0.000000000    0.000000000    0.000000000
    1.039899833    0.000000000    0.000000000    0.000000000
    1.047078464    0.000000000    0.000000000    0.000000000
    1.054257095    0.000000001    0.000000000    0.000000000
    1.061435726    0.000000002    0.000000000    0.000000001
    1.068614357    0.000000005    0.000000000    0.000000002
    1.075792988    0.000000011    0.000000001    0.000000005
    1.082971619    0.000000022    0.000000002    0.000000010
    1.090150250    0.000000039    0.000000004    0.000000018
    1.097328881    0.000000060    0.000000006    0.000000029
    1.104507513    0.000000084    0.000000008    0.000000040
    1.111686144    0.000000105    0.000000010    0.000000050
    1.118864775    0.000000116    0.000000011    0.000000055
    1.126043406    0.000000115    0.000000011    0.000000055
    1.133222037    0.000000102    0.000000010    0.000000049
    1.140400668    0.000000082    0.000000008    0.000000041
    1.147579299    0.000000060    0.000000006    0.000000034
    1.154757930    0.000000045    0.000000005    0.000000032
    1.161936561    0.000000038    0.000000004    0.000000039
    1.169115192    0.000000042    0.000000005    0.000000057
    1.176293823    0.000000055    0.000000006    0.000000083
    1.183472454    0.000000071    0.000000008    0.000000112
    1.190651085    0.000000086    0.000000010    0.000000137
    1.197829716    0.000000094    0.000000011    0.000000149
    1.205008347    0.000000091    0.000000011    0.000000146
    1.212186978    0.000000080    0.000000009    0.000000127
    1.219365609    0.000000062    0.000000007    0.000000099
    1.226544240    0.000000043    0.000000005    0.000000068
    1.233722871    0.000000027    0.000000003    0.000000042
    1.240901503    0.000000015    0.000000002    0.000000024
    1.248080134    0.000000009    0.000000001    0.000000013
    1.255258765    0.000000006    0.000000001    0.000000007
    1.262437396    0.000000007    0.000000001    0.000000006
    1.269616027    0.000000010    0.000000001    0.000000007
    1.276794658    0.000000013    0.000000001    0.000000009
    1.283973289    0.000000016    0.000000001    0.000000011
    1.291151920    0.000000018    0.000000001    0.000000012
    1.298330551    0.000000018    0.000000001    0.000000012
    1.305509182    0.000000016    0.000000001    0.000000011
    1.312687813    0.000000012    0.000000001    0.000000008
    1.319866444    0.000000009    0.000000001    0.000000006
    1.327045075    0.000000006    0.000000000    0.000000004
    1.334223706    0.000000003    0.000000000    0.000000002
    1.341402337    0.000000002    0.000000000    0.000000001
    1.348580968    0.000000001    0.000000000    0.000000001
    1.355759599    0.000000000    0.000000000    0.000000000
    1.362938230    0.000000000    0.000000001    0.000000001
    1.370116861    0.000000001    0.000000002    0.000000001
    1.377295492    0.000000001    0.000000003    0.000000003
    1.384474124    0.000000002    0.000000005    0.000000005
    1.391652755    0.000000003    0.000000008    0.000000007
    1.398831386    0.000000004    0.000000010    0.000000010
    1.406010017    0.000000005    0.000000013    0.000000012
    1.413188648    0.000000005    0.000000014    0.000000013
    1.420367279    0.000000005    0.000000013    0.000000013
    1.427545910    0.000000004    0.000000012    0.000000011
    1.434724541    0.000000004    0.000000009    0.000000009
    1.441903172    0.000000003    0.000000007    0.000000007
    1.449081803    0.000000004    0.000000007    0.000000006
    1.456260434    0.000000005    0.000000009    0.000000007
    1.463439065    0.000000009    0.000000016    0.000000012
    1.470617696    0.000000015    0.000000028    0.000000019
    1.477796327    0.000000023    0.000000046    0.000000030
    1.484974958    0.000000031    0.000000068    0.000000042
    1.492153589    0.000000039    0.000000090    0.000000054
    1.499332220    0.000000044    0.000000106    0.000000063
    1.506510851    0.000000044    0.000000113    0.000000065
    1.513689482    0.000000040    0.000000107    0.000000060
    1.520868114    0.000000033    0.000000091    0.000000050
    1.528046745    0.000000025    0.000000071    0.000000038
    1.535225376    0.000000017    0.000000053    0.000000026
    1.542404007    0.000000013    0.000000044    0.000000017
    1.549582638    0.000000012    0.000000046    0.000000012
    1.556761269    0.000000014    0.000000061    0.000000010
    1.563939900    0.000000018    0.000000086    0.000000012
    1.571118531    0.000000024    0.000000115    0.000000015
    1.578297162    0.000000029    0.000000140    0.000000017
    1.585475793    0.000000032    0.000000152    0.000000019
    1.592654424    0.000000031    0.000000148    0.000000018
    1.599833055    0.000000027    0.000000128    0.000000016
    1.607011686    0.000000021    0.000000099    0.000000012
    1.614190317    0.000000014    0.000000069    0.000000008
    1.621368948    0.000000009    0.000000042    0.000000005
    1.628547579    0.000000005    0.000000023    0.000000003
    1.635726210    0.000000002    0.000000011    0.000000001
    1.642904841    0.000000001    0.000000005    0.000000001
    1.650083472    0.000000001    0.000000002    0.000000001
    1.657262104    0.000000001    0.000000001    0.000000001
    1.664440735    0.000000001    0.000000001    0.000000003
    1.671619366    0.000000003    0.000000001    0.000000006
    1.678797997    0.000000005    0.000000003    0.000000011
    1.685976628    0.000000008    0.000000006    0.000000021
    1.693155259    0.000000013    0.000000014    0.000000036
    1.700333890    0.000000019    0.000000027    0.000000057
    1.707512521    0.000000025    0.000000047    0.000000084
    1.714691152    0.000000032    0.000000075    0.000000115
    1.721869783    0.000000039    0.000000108    0.000000145
    1.729048414    0.000000045    0.000000139    0.000000168
    1.736227045    0.000000053    0.000000161    0.000000179
    1.743405676    0.000000060    0.000000168    0.000000176
    1.750584307    0.000000068    0.000000157    0.000000162
    1.757762938    0.000000078    0.000000132    0.000000144
    1.764941569    0.000000090    0.000000100    0.000000130
    1.772120200    0.000000105    0.000000068    0.000000125
    1.779298831    0.000000119    0.000000042    0.000000126
    1.786477462    0.000000127    0.000000023    0.000000127
    1.793656093    0.000000128    0.000000013    0.000000124
    1.800834725    0.000000120    0.000000008    0.000000115
    1.808013356    0.000000107    0.000000007    0.000000102
    1.815191987    0.000000097    0.000000009    0.000000090
    1.822370618    0.000000092    0.000000013    0.000000085
    1.829549249    0.000000095    0.000000017    0.000000088
    1.836727880    0.000000104    0.000000022    0.000000097
    1.843906511    0.000000113    0.000000025    0.000000109
    1.851085142    0.000000120    0.000000026    0.000000120
    1.858263773    0.000000120    0.000000026    0.000000127
    1.865442404    0.000000113    0.000000023    0.000000126
    1.872621035    0.000000099    0.000000020    0.000000118
    1.879799666    0.000000081    0.000000016    0.000000102
    1.886978297    0.000000062    0.000000013    0.000000082
    1.894156928    0.000000044    0.000000011    0.000000063
    1.901335559    0.000000032    0.000000012    0.000000049
    1.908514190    0.000000030    0.000000018    0.000000045
    1.915692821    0.000000038    0.000000030    0.000000053
    1.922871452    0.000000060    0.000000049    0.000000072
    1.930050083    0.000000094    0.000000073    0.000000097
    1.937228715    0.000000137    0.000000098    0.000000122
    1.944407346    0.000000178    0.000000120    0.000000139
    1.951585977    0.000000209    0.000000131    0.000000143
    1.958764608    0.000000218    0.000000129    0.000000132
    1.965943239    0.000000204    0.000000114    0.000000109
    1.973121870    0.000000170    0.000000091    0.000000081
    1.980300501    0.000000126    0.000000065    0.000000055
    1.987479132    0.000000084    0.000000042    0.000000033
    1.994657763    0.000000050    0.000000024    0.000000018
    2.001836394    0.000000026    0.000000012    0.000000009
    2.009015025    0.000000012    0.000000006    0.000000004
    2.016193656    0.000000005    0.000000003    0.000000002
    2.023372287    0.000000002    0.000000003    0.000000001
    2.030550918    0.000000001    0.000000006    0.000000001
    2.037729549    0.000000001    0.000000014    0.000000002
    2.044908180    0.000000003    0.000000032    0.000000005
    2.052086811    0.000000008    0.000000069    0.000000013
    2.059265442    0.000000022    0.000000136    0.000000033
    2.066444073    0.000000051    0.000000251    0.000000075
    2.073622705    0.000000109    0.000000430    0.000000160
    2.080801336    0.000000210    0.000000694    0.000000313
    2.087979967    0.000000363    0.000001057    0.000000562
    2.095158598    0.000000563    0.000001525    0.000000921
    2.102337229    0.000000782    0.000002074    0.000001375
    2.109515860    0.000000976    0.000002646    0.000001871
    2.116694491    0.000001095    0.000003141    0.000002323
    2.123873122    0.000001114    0.000003450    0.000002638
    2.131051753    0.000001044    0.000003505    0.000002750
    2.138230384    0.000000936    0.000003317    0.000002662
    2.145409015    0.000000863    0.000002985    0.000002448
    2.152587646    0.000000893    0.000002647    0.000002236
    2.159766277    0.000001072    0.000002420    0.000002162
    2.166944908    0.000001405    0.000002353    0.000002329
    2.174123539    0.000001859    0.000002428    0.000002765
    2.181302170    0.000002368    0.000002584    0.000003416
    2.188480801    0.000002841    0.000002755    0.000004146
    2.195659432    0.000003189    0.000002877    0.000004771
    2.202838063    0.000003341    0.000002895    0.000005113
    2.210016694    0.000003265    0.000002770    0.000005056
    2.217195326    0.000002984    0.000002496    0.000004596
    2.224373957    0.000002572    0.000002109    0.000003840
    2.231552588    0.000002136    0.000001683    0.000002969
    2.238731219    0.000001790    0.000001306    0.000002168
    2.245909850    0.000001613    0.000001049    0.000001575
    2.253088481    0.000001623    0.000000943    0.000001249
    2.260267112    0.000001771    0.000000971    0.000001173
    2.267445743    0.000001956    0.000001074    0.000001267
    2.274624374    0.000002067    0.000001179    0.000001426
    2.281803005    0.000002024    0.000001225    0.000001548
    2.288981636    0.000001813    0.000001184    0.000001565
    2.296160267    0.000001478    0.000001066    0.000001458
    2.303338898    0.000001097    0.000000903    0.000001251
    2.310517529    0.000000747    0.000000733    0.000000996
    2.317696160    0.000000479    0.000000580    0.000000748
    2.324874791    0.000000315    0.000000454    0.000000546
    2.332053422    0.000000269    0.000000360    0.000000415
    2.339232053    0.000000362    0.000000305    0.000000378
    2.346410684    0.000000644    0.000000304    0.000000473
    2.353589316    0.000001192    0.000000385    0.000000763
    2.360767947    0.000002084    0.000000585    0.000001335
    2.367946578    0.000003358    0.000000936    0.000002274
    2.375125209    0.000004971    0.000001448    0.000003616
    2.382303840    0.000006781    0.000002081    0.000005305
    2.389482471    0.000008579    0.000002740    0.000007172
    2.396661102    0.000010140    0.000003287    0.000008950
    2.403839733    0.000011281    0.000003595    0.000010339
    2.411018364    0.000011879    0.000003596    0.000011090
    2.418196995    0.000011878    0.000003313    0.000011084
    2.425375626    0.000011295    0.000002847    0.000010376
    2.432554257    0.000010255    0.000002327    0.000009207
    2.439732888    0.000009017    0.000001866    0.000007966
    2.446911519    0.000007957    0.000001534    0.000007102
    2.454090150    0.000007453    0.000001355    0.000006981
    2.461268781    0.000007718    0.000001323    0.000007736
    2.468447412    0.000008668    0.000001413    0.000009174
    2.475626043    0.000009918    0.000001597    0.000010806
    2.482804674    0.000010947    0.000001853    0.000012025
    2.489983306    0.000011341    0.000002159    0.000012370
    2.497161937    0.000010969    0.000002481    0.000011707
    2.504340568    0.000009991    0.000002761    0.000010254
    2.511519199    0.000008714    0.000002922    0.000008428
    2.518697830    0.000007410    0.000002894    0.000006640
    2.525876461    0.000006223    0.000002651    0.000005154
    2.533055092    0.000005183    0.000002229    0.000004048
    2.540233723    0.000004276    0.000001719    0.000003274
    2.547412354    0.000003504    0.000001224    0.000002739
    2.554590985    0.000002912    0.000000823    0.000002377
    2.561769616    0.000002585    0.000000547    0.000002195
    2.568948247    0.000002625    0.000000387    0.000002261
    2.576126878    0.000003104    0.000000308    0.000002648
    2.583305509    0.000003997    0.000000275    0.000003360
    2.590484140    0.000005136    0.000000266    0.000004274
    2.597662771    0.000006224    0.000000271    0.000005152
    2.604841402    0.000006921    0.000000283    0.000005723
    2.612020033    0.000006980    0.000000296    0.000005798
    2.619198664    0.000006358    0.000000301    0.000005353
    2.626377295    0.000005227    0.000000291    0.000004517
    2.633555927    0.000003878    0.000000262    0.000003504
    2.640734558    0.000002602    0.000000218    0.000002514
    2.647913189    0.000001591    0.000000167    0.000001686
    2.655091820    0.000000971    0.000000121    0.000001136
    2.662270451    0.000001231    0.000000090    0.000001347
    2.669449082    0.000005899    0.000000095    0.000005636
    2.676627713    0.000036723    0.000000221    0.000034241
    2.683806344    0.000210386    0.000000893    0.000195585
    2.690984975    0.001077404    0.000004073    0.001001117
    2.698163606    0.004921604    0.000017853    0.004572551
    2.705342237    0.020050131    0.000071632    0.018627339
    2.712520868    0.072844712    0.000258760    0.067674477
    2.719699499    0.236018555    0.000836553    0.219265588
    2.726878130    0.681962709    0.002415237    0.633554554
    2.734056761    1.757280783    0.006222886    1.632541884
    2.741235392    4.038198639    0.014308820    3.751554220
    2.748414023    8.275615123    0.029388738    7.688212264
    2.755592654   15.124443264    0.054074141   14.051063543
    2.762771285   24.650535269    0.089900726   22.901835864
    2.769949917   35.829887541    0.138325801   33.291374723
    2.777128548   46.446252985    0.208878605   43.168208410
    2.784307179   53.701787540    0.343435065   49.955607862
    2.791485810   55.401032565    0.667747285   51.673076265
    2.798664441   51.060249604    1.474745233   48.005142359
    2.805843072   42.225922300    3.316274047   40.646887708
    2.813021703   31.809010250    7.025350124   32.717549235
    2.820200334   22.919825933   13.540301778   27.635462526
    2.827378965   17.916146947   23.437047131   28.057925444
    2.834557596   18.010783780   36.270251995   35.211599912
    2.841736227   23.259725844   50.111065686   48.571248780
    2.848914858   32.588297210   61.782439251   65.786524730
    2.856093489   43.797168551   67.970108604   82.974184667
    2.863272120   53.840265898   66.731332719   95.605494101
    2.870450751   59.639106024   58.475346610   99.945798727
    2.877629382   59.240962656   45.745448567   94.496719107
    2.884808013   52.670778205   31.958667871   80.634576144
    2.891986644   41.875466007   19.947240980   61.986483993
    2.899165275   29.753509898   11.132832033   42.858772580
    2.906343907   18.889655217    5.576225658   26.616722909
    2.913522538   10.730516132    2.569248044   14.838008703
    2.920701169    5.512778128    1.282660500    7.449406637
    2.927879800    2.732083446    1.191130806    3.457935218
    2.935058431    1.723390559    2.253049439    1.715971861
    2.942237062    2.041128317    4.915210477    1.376312702
    2.949415693    3.548892472    9.948389376    1.993189957
    2.956594324    6.270285425   18.049629786    3.388984372
    2.963772955   10.109206653   29.223849310    5.429376671
    2.970951586   14.589721117   42.199797696    7.828157557
    2.978130217   18.793924194   54.344640067   10.083532591
    2.985308848   21.612393754   62.413662908   11.600073127
    2.992487479   22.234533926   63.930432951   11.950120314
    2.999666110   20.613583906   58.419125115   11.129423628
    3.006844741   17.626213053   47.673913793    9.656755258
    3.014023372   14.845230970   34.893254287    8.472468478
    3.021202003   14.070353755   23.301196088    8.705280651
    3.028380634   16.808268720   15.130065876   11.390420997
    3.035559265   23.780290633   11.393881813   17.155761742
    3.042737896   34.486705161   12.217518319   25.878752785
    3.049916528   46.993583919   17.175273260   36.427608456
    3.057095159   58.244327007   25.300804719   46.720186682
    3.064273790   65.030982445   34.893526012   54.264155475
    3.071452421   65.283055992   43.552972191   57.044936728
    3.078631052   58.957106770   48.756690192   54.328034322
    3.085809683   47.966673533   48.826316273   46.925005748
    3.092988314   35.217288763   43.696064653   36.785531836
    3.100166945   23.375186911   34.927367377   26.177121681
    3.107345576   14.049199907   24.926846005   16.902697645
    3.114524207    7.656465550   15.879294091    9.893629119
    3.121702838    3.786769308    9.027580183    5.242157985
    3.128881469    1.700242492    4.579582834    2.510115115
    3.136060100    0.692841972    2.072791716    1.084275074
    3.143238731    0.256029240    0.837041414    0.421800513
    3.150417362    0.085697446    0.301593580    0.147550403
    3.157595993    0.025948237    0.096976198    0.046358036
    3.164774624    0.007099987    0.027841064    0.013072854
    3.171953255    0.001755415    0.007145187    0.003309740
    3.179131886    0.000393304    0.001645656    0.000754321
    3.186310518    0.000081000    0.000346374    0.000156738
    3.193489149    0.000016404    0.000074186    0.000031915
    3.200667780    0.000004364    0.000025580    0.000009107
    3.207846411    0.000002568    0.000020835    0.000006157
    3.215025042    0.000002858    0.000023910    0.000006650
    3.222203673    0.000003841    0.000027918    0.000007476
    3.229382304    0.000005233    0.000031277    0.000008025
    3.236560935    0.000006781    0.000033351    0.000008210
    3.243739566    0.000008122    0.000033740    0.000008089
    3.250918197    0.000008886    0.000032219    0.000007720
    3.258096828    0.000008852    0.000028830    0.000007119
    3.265275459    0.000008057    0.000023999    0.000006289
    3.272454090    0.000006765    0.000018491    0.000005286
    3.279632721    0.000005329    0.000013194    0.000004239
    3.286811352    0.000004038    0.000008812    0.000003319
    3.293989983    0.000003035    0.000005690    0.000002678
    3.301168614    0.000002339    0.000003815    0.000002409
    3.308347245    0.000001902    0.000002961    0.000002532
    3.315525876    0.000001663    0.000002837    0.000002985
    3.322704508    0.000001557    0.000003182    0.000003620
    3.329883139    0.000001517    0.000003829    0.000004236
    3.337061770    0.000001479    0.000004957    0.000004727
    3.344240401    0.000001413    0.000008763    0.000005732
    3.351419032    0.000001373    0.000029421    0.000012091
    3.358597663    0.000001722    0.000144969    0.000050504
    3.365776294    0.000004125    0.000733617    0.000249894
    3.372954925    0.000015533    0.003408502    0.001159444
    3.380133556    0.000061824    0.014207102    0.004833931
    3.387312187    0.000227550    0.052878606    0.017994271
    3.394490818    0.000753119    0.175572165    0.059748459
    3.401669449    0.002228323    0.519915865    0.176931733
    3.408848080    0.005887263    1.373058036    0.467257968
    3.416026711    0.013893990    3.233856438    1.100464263
    3.423205342    0.029343840    6.792620862    2.311332051
    3.430383973    0.055726407   12.725203744    4.329281951
    3.437562604    0.096253686   21.265143457    7.231650983
    3.444741235    0.155079765   31.711032507   10.772831318
    3.451919866    0.244489559   42.236842278   14.311993398
    3.459098497    0.402491395   50.360990511   16.957656303
    3.466277129    0.720387834   54.050416031   17.921340668
    3.473455760    1.367199812   52.892047785   16.897475102
    3.480634391    2.580889879   48.531030614   14.222823577
    3.487813022    4.590651018   43.949878961   10.703308079
    3.494991653    7.463041667   41.916030139    7.228112481
    3.502170284   10.933076695   43.490007073    4.419826713
    3.509348915   14.347429846   47.467720674    2.500402883
    3.516527546   16.832602764   51.074081268    1.378429071
    3.523706177   17.671149490   51.489983893    0.843426266
    3.530884808   16.706957891   47.312834839    0.756759219
    3.538063439   14.559965116   39.127236942    1.205575387
    3.545242070   12.570091416   28.968685934    2.645187910
    3.552420701   12.575394971   19.170978059    6.040355311
    3.559599332   16.657968003   11.374924517   12.929043721
    3.566777963   26.828758952    6.192758168   25.237533295
    3.573956594   44.478199991    3.498310137   44.688478804
    3.581135225   69.542935839    2.977623985   71.856121615
    3.588313856   99.725152368    4.565046932  105.268968035
    3.595492487  130.407305432    8.550553134  141.162839030
    3.602671119  155.722819482   15.306431680  174.254844534
    3.609849750  170.533697608   24.735019553  199.283716315
    3.617028381  172.329620739   35.729433557  212.521507556
    3.624207012  161.970034380   46.075991194  212.516888734
    3.631385643  142.929893894   53.095530013  199.959179216
    3.638564274  119.712085082   54.855235496  177.147327309
    3.645742905   96.502102528   51.284340123  147.548633732
    3.652921536   76.646818711   44.461776366  115.451289984
    3.660100167   62.673838719   37.843105039   85.388136215
    3.667278798   56.169867949   34.861098848   61.227359869
    3.674457429   57.226121373   37.646835630   45.298098760
    3.681636060   63.888717464   46.439598736   38.067649961
    3.688814691   72.385770139   59.839164961   38.525832278
    3.695993322   78.472160926   75.668170140   44.922385168
    3.703171953   79.338560691   91.953900050   55.324447262
    3.710350584   74.928222382  107.492284619   67.745706656
    3.717529215   67.791859293  121.735626171   80.055904208
    3.724707846   61.640218833  134.259544374   90.090962851
    3.731886477   59.660592427  144.417507675   96.181515823
    3.739065109   63.640106785  151.605307312   97.900749763
    3.746243740   74.043927053  155.910028022   96.538184016
    3.753422371   90.328531053  158.380856338   94.825724026
    3.760601002  110.785463073  160.331446444   95.784712238
    3.767779633  132.060746819  161.972826468  101.119066574
    3.774958264  149.247733129  161.518550668  110.054052039
    3.782136895  157.221481349  155.786799854  119.458649292
    3.789315526  152.778301026  142.162437676  125.317335803
    3.796494157  136.226683610  120.576135215  124.659815780
    3.803672788  111.294300628   94.057190522  116.779430538
    3.810851419   83.411772310   67.525395428  103.229084765
    3.818030050   57.518712590   45.759167906   86.980229577
    3.825208681   36.628361333   31.817446710   71.417857839
    3.832387312   21.613169762   26.514225988   59.478306636
    3.839565943   11.847959132   28.682814358   52.879848222
    3.846744574    6.066320614   35.707776113   51.504973722
    3.853923205    3.005385394   44.143971146   53.307148376
    3.861101836    1.748801990   50.573334344   55.077062458
    3.868280467    1.857084791   52.706481174   53.872946578
    3.875459098    3.374371937   50.289864233   48.351492503
    3.882637730    6.718484202   45.195468191   39.205804249
    3.889816361   12.402101286   40.454024034   28.516525738
    3.896994992   20.579020596   38.664949217   18.548632980
    3.904173623   30.577476933   40.635079616   10.780185609
    3.911352254   40.750714940   44.979856695    5.608832661
    3.918530885   48.918237534   48.884572558    2.641641326
    3.925709516   53.291277231   49.588415811    1.182099062
    3.932888147   53.324173213   45.755104726    0.592564070
    3.940066778   49.868900685   37.980742038    0.434573293
    3.947245409   44.507336556   28.251370387    0.454178585
    3.954424040   38.590725662   18.821441030    0.516365581
    3.961602671   32.705662183   11.250360587    0.552280845
    3.968781302   26.841703002    6.058606104    0.533423762
    3.975959933   20.925054466    2.961407398    0.460835115
    3.983138564   15.180940047    1.329785673    0.355325988
    3.990317195   10.084467651    0.558209394    0.244392786
    3.997495826    6.067149741    0.223689500    0.149933939
    4.004674457    3.284074682    0.087195483    0.082096384
    4.011853088    1.593965165    0.033617373    0.040338920
    4.019031720    0.695301905    0.013982573    0.018596240
    4.026210351    0.282484840    0.010129301    0.010661156
    4.033388982    0.136482135    0.018666823    0.013847521
    4.040567613    0.144261477    0.045875700    0.031001901
    4.047746244    0.279471803    0.106809947    0.071262633
    4.054924875    0.570470471    0.223360651    0.148792974
    4.062103506    1.061710716    0.416896397    0.277666594
    4.069282137    1.766813220    0.693998564    0.462216056
    4.076460768    2.622864037    1.030292489    0.686193437
    4.083639399    3.472503465    1.364047418    0.908481632
    4.090818030    4.099938708    1.610516022    1.072636526
    4.097996661    4.316961703    1.695778251    1.129425064
    4.105175292    4.053641118    1.592401688    1.060573589
    4.112353923    3.394536550    1.333770721    0.888304521
    4.119532554    2.535097060    0.997328998    0.664150666
    4.126711185    1.688694599    0.669213690    0.445322557
    4.133889816    1.004206952    0.414927554    0.274966679
    4.141068447    0.535793162    0.274126072    0.178231578
    4.148247078    0.263975518    0.280398930    0.174619374
    4.155425710    0.138419745    0.491998465    0.297343647
    4.162604341    0.113165855    1.011711817    0.605614785
    4.169782972    0.162302294    1.972892447    1.175167753
    4.176961603    0.279948064    3.478850911    2.058359091
    4.184140234    0.475262258    5.512766056    3.223145181
    4.191318865    0.772302642    7.876287607    4.506368797
    4.198497496    1.217371896   10.227613809    5.629005024
    4.205676127    1.883824922   12.233600004    6.294243868
    4.212854758    2.853617911   13.745716627    6.329063494
    4.220033389    4.161702945   14.853483706    5.783729252
    4.227212020    5.721562157   15.747349063    4.920059305
    4.234390651    7.287138832   16.492703942    4.091992082
    4.241569282    8.505631906   16.914345562    3.589562029
    4.248747913    9.057215718   16.700839442    3.527404454
    4.255926544    8.802546416   15.638561632    3.818772756
    4.263105175    7.840357764   13.775796440    4.230538569
    4.270283806    6.441857374   11.399874674    4.489366218
    4.277462437    4.918175263    8.881779650    4.396933487
    4.284641068    3.510257042    6.527233398    3.906176537
    4.291819699    2.349578953    4.518337528    3.123651474
    4.298998331    1.476947317    2.930336366    2.241826485
    4.306176962    0.880886571    1.767623084    1.446001200
    4.313355593    0.530174377    0.988525531    0.849606718
    4.320534224    0.395304120    0.522261957    0.482834951
    4.327712855    0.459480197    0.287371602    0.320696133
    4.334891486    0.715709128    0.209384026    0.318323378
    4.342070117    1.147120643    0.229698516    0.430029848
    4.349248748    1.698575087    0.303503633    0.609387308
    4.356427379    2.260740057    0.392996489    0.803027632
    4.363606010    2.688023260    0.464362811    0.952708089
    4.370784641    2.851323853    0.491890135    1.010102072
    4.377963272    2.697529238    0.465254212    0.955525360
    4.385141903    2.276043312    0.392718678    0.806236471
    4.392320534    1.713051257    0.296304205    0.606920937
    4.399499165    1.151284512    0.201669982    0.408287609
    4.406677796    0.694571332    0.129488678    0.247543733
    4.413856427    0.386223236    0.093385915    0.140992191
    4.421035058    0.222072866    0.104139995    0.088952917
    4.428213689    0.178142911    0.175071458    0.085659769
    4.435392321    0.231443717    0.322132450    0.126080897
    4.442570952    0.364096992    0.554855155    0.205854249
    4.449749583    0.554264845    0.860699009    0.315873571
    4.456928214    0.765391225    1.192947850    0.436876648
    4.464106845    0.945736508    1.475092519    0.539977631
    4.471285476    1.042810110    1.626726104    0.595435972
    4.478464107    1.025559717    1.599858883    0.585591796
    4.485642738    0.899483473    1.403188590    0.513603470
    4.492821369    0.703547497    1.097530428    0.401724851
    4.500000000    0.490749778    0.765566791    0.280218366
