# energy grid [eV]     epsi_x  epsi_y  epsi_z
#
    0.200000000    0.000000000    0.000000000    0.000000000
    0.207178631    0.000000000    0.000000000    0.000000000
    0.214357262    0.000000000    0.000000000    0.000000000
    0.221535893    0.000000000    0.000000000    0.000000000
    0.228714524    0.000000000    0.000000000    0.000000000
    0.235893155    0.000000000    0.000000000    0.000000000
    0.243071786    0.000000000    0.000000000    0.000000000
    0.250250417    0.000000000    0.000000000    0.000000000
    0.257429048    0.000000000    0.000000000    0.000000000
    0.264607679    0.000000000    0.000000000    0.000000000
    0.271786311    0.000000000    0.000000000    0.000000000
    0.278964942    0.000000000    0.000000000    0.000000000
    0.286143573    0.000000000    0.000000000    0.000000000
    0.293322204    0.000000000    0.000000000    0.000000000
    0.300500835    0.000000000    0.000000000    0.000000000
    0.307679466    0.000000000    0.000000000    0.000000000
    0.314858097    0.000000000    0.000000000    0.000000000
    0.322036728    0.000000000    0.000000000    0.000000000
    0.329215359    0.000000000    0.000000000    0.000000000
    0.336393990    0.000000000    0.000000000    0.000000000
    0.343572621    0.000000000    0.000000000    0.000000000
    0.350751252    0.000000000    0.000000000    0.000000000
    0.357929883    0.000000000    0.000000000    0.000000000
    0.365108514    0.000000000    0.000000000    0.000000000
    0.372287145    0.000000000    0.000000000    0.000000000
    0.379465776    0.000000000    0.000000000    0.000000000
    0.386644407    0.000000000    0.000000000    0.000000000
    0.393823038    0.000000000    0.000000000    0.000000000
    0.401001669    0.000000000    0.000000000    0.000000000
    0.408180301    0.000000000    0.000000000    0.000000000
    0.415358932    0.000000000    0.000000000    0.000000000
    0.422537563    0.000000000    0.000000000    0.000000000
    0.429716194    0.000000000    0.000000000    0.000000000
    0.436894825    0.000000000    0.000000000    0.000000000
    0.444073456    0.000000000    0.000000000    0.000000000
    0.451252087    0.000000000    0.000000000    0.000000000
    0.458430718    0.000000000    0.000000000    0.000000000
    0.465609349    0.000000000    0.000000000    0.000000000
    0.472787980    0.000000000    0.000000000    0.000000000
    0.479966611    0.000000000    0.000000000    0.000000000
    0.487145242    0.000000000    0.000000000    0.000000000
    0.494323873    0.000000000    0.000000000    0.000000000
    0.501502504    0.000000000    0.000000000    0.000000000
    0.508681135    0.000000000    0.000000000    0.000000000
    0.515859766    0.000000000    0.000000000    0.000000000
    0.523038397    0.000000000    0.000000000    0.000000000
    0.530217028    0.000000000    0.000000000    0.000000000
    0.537395659    0.000000000    0.000000000    0.000000000
    0.544574290    0.000000000    0.000000000    0.000000000
    0.551752922    0.000000000    0.000000000    0.000000000
    0.558931553    0.000000000    0.000000000    0.000000000
    0.566110184    0.000000000    0.000000000    0.000000000
    0.573288815    0.000000000    0.000000000    0.000000000
    0.580467446    0.000000000    0.000000000    0.000000000
    0.587646077    0.000000000    0.000000000    0.000000000
    0.594824708    0.000000000    0.000000000    0.000000000
    0.602003339    0.000000001    0.000000000    0.000000000
    0.609181970    0.000000003    0.000000001    0.000000000
    0.616360601    0.000000006    0.000000002    0.000000000
    0.623539232    0.000000014    0.000000004    0.000000000
    0.630717863    0.000000027    0.000000008    0.000000000
    0.637896494    0.000000046    0.000000013    0.000000000
    0.645075125    0.000000071    0.000000021    0.000000000
    0.652253756    0.000000097    0.000000028    0.000000000
    0.659432387    0.000000120    0.000000035    0.000000000
    0.666611018    0.000000131    0.000000038    0.000000000
    0.673789649    0.000000128    0.000000037    0.000000000
    0.680968280    0.000000111    0.000000033    0.000000000
    0.688146912    0.000000087    0.000000028    0.000000000
    0.695325543    0.000000061    0.000000023    0.000000000
    0.702504174    0.000000038    0.000000021    0.000000000
    0.709682805    0.000000023    0.000000023    0.000000000
    0.716861436    0.000000014    0.000000029    0.000000000
    0.724040067    0.000000010    0.000000036    0.000000000
    0.731218698    0.000000008    0.000000042    0.000000000
    0.738397329    0.000000008    0.000000045    0.000000000
    0.745575960    0.000000007    0.000000043    0.000000000
    0.752754591    0.000000006    0.000000036    0.000000000
    0.759933222    0.000000004    0.000000028    0.000000000
    0.767111853    0.000000003    0.000000019    0.000000000
    0.774290484    0.000000002    0.000000011    0.000000000
    0.781469115    0.000000001    0.000000006    0.000000000
    0.788647746    0.000000000    0.000000003    0.000000000
    0.795826377    0.000000000    0.000000001    0.000000000
    0.803005008    0.000000000    0.000000000    0.000000000
    0.810183639    0.000000000    0.000000000    0.000000000
    0.817362270    0.000000000    0.000000000    0.000000000
    0.824540902    0.000000000    0.000000000    0.000000000
    0.831719533    0.000000000    0.000000000    0.000000000
    0.838898164    0.000000000    0.000000000    0.000000000
    0.846076795    0.000000000    0.000000000    0.000000000
    0.853255426    0.000000000    0.000000000    0.000000000
    0.860434057    0.000000000    0.000000000    0.000000000
    0.867612688    0.000000000    0.000000000    0.000000000
    0.874791319    0.000000000    0.000000000    0.000000000
    0.881969950    0.000000000    0.000000000    0.000000000
    0.889148581    0.000000000    0.000000000    0.000000000
    0.896327212    0.000000000    0.000000000    0.000000000
    0.903505843    0.000000001    0.000000000    0.000000000
    0.910684474    0.000000003    0.000000000    0.000000000
    0.917863105    0.000000006    0.000000001    0.000000001
    0.925041736    0.000000013    0.000000002    0.000000001
    0.932220367    0.000000023    0.000000003    0.000000002
    0.939398998    0.000000038    0.000000006    0.000000004
    0.946577629    0.000000057    0.000000011    0.000000007
    0.953756260    0.000000076    0.000000017    0.000000011
    0.960934891    0.000000091    0.000000025    0.000000016
    0.968113523    0.000000100    0.000000034    0.000000021
    0.975292154    0.000000102    0.000000042    0.000000025
    0.982470785    0.000000097    0.000000049    0.000000028
    0.989649416    0.000000090    0.000000053    0.000000029
    0.996828047    0.000000084    0.000000052    0.000000028
    1.004006678    0.000000080    0.000000047    0.000000025
    1.011185309    0.000000076    0.000000040    0.000000022
    1.018363940    0.000000071    0.000000034    0.000000020
    1.025542571    0.000000063    0.000000030    0.000000020
    1.032721202    0.000000054    0.000000030    0.000000022
    1.039899833    0.000000045    0.000000036    0.000000025
    1.047078464    0.000000038    0.000000047    0.000000029
    1.054257095    0.000000033    0.000000062    0.000000033
    1.061435726    0.000000032    0.000000078    0.000000035
    1.068614357    0.000000033    0.000000092    0.000000034
    1.075792988    0.000000035    0.000000101    0.000000031
    1.082971619    0.000000035    0.000000102    0.000000026
    1.090150250    0.000000033    0.000000094    0.000000021
    1.097328881    0.000000029    0.000000081    0.000000015
    1.104507513    0.000000026    0.000000066    0.000000012
    1.111686144    0.000000023    0.000000053    0.000000011
    1.118864775    0.000000022    0.000000043    0.000000012
    1.126043406    0.000000023    0.000000037    0.000000015
    1.133222037    0.000000025    0.000000034    0.000000018
    1.140400668    0.000000026    0.000000031    0.000000021
    1.147579299    0.000000026    0.000000027    0.000000022
    1.154757930    0.000000024    0.000000022    0.000000021
    1.161936561    0.000000019    0.000000016    0.000000018
    1.169115192    0.000000014    0.000000011    0.000000014
    1.176293823    0.000000010    0.000000006    0.000000010
    1.183472454    0.000000006    0.000000003    0.000000006
    1.190651085    0.000000003    0.000000002    0.000000003
    1.197829716    0.000000002    0.000000001    0.000000002
    1.205008347    0.000000002    0.000000000    0.000000001
    1.212186978    0.000000002    0.000000000    0.000000001
    1.219365609    0.000000003    0.000000000    0.000000001
    1.226544240    0.000000004    0.000000001    0.000000001
    1.233722871    0.000000006    0.000000001    0.000000001
    1.240901503    0.000000007    0.000000001    0.000000001
    1.248080134    0.000000008    0.000000002    0.000000002
    1.255258765    0.000000008    0.000000003    0.000000002
    1.262437396    0.000000008    0.000000004    0.000000002
    1.269616027    0.000000008    0.000000004    0.000000002
    1.276794658    0.000000008    0.000000005    0.000000002
    1.283973289    0.000000008    0.000000005    0.000000001
    1.291151920    0.000000008    0.000000005    0.000000001
    1.298330551    0.000000008    0.000000005    0.000000001
    1.305509182    0.000000007    0.000000004    0.000000001
    1.312687813    0.000000006    0.000000004    0.000000001
    1.319866444    0.000000005    0.000000003    0.000000001
    1.327045075    0.000000005    0.000000003    0.000000001
    1.334223706    0.000000005    0.000000003    0.000000001
    1.341402337    0.000000006    0.000000003    0.000000001
    1.348580968    0.000000006    0.000000003    0.000000001
    1.355759599    0.000000007    0.000000003    0.000000001
    1.362938230    0.000000007    0.000000003    0.000000001
    1.370116861    0.000000006    0.000000002    0.000000001
    1.377295492    0.000000004    0.000000001    0.000000000
    1.384474124    0.000000003    0.000000001    0.000000000
    1.391652755    0.000000002    0.000000000    0.000000000
    1.398831386    0.000000001    0.000000000    0.000000000
    1.406010017    0.000000001    0.000000000    0.000000000
    1.413188648    0.000000000    0.000000000    0.000000000
    1.420367279    0.000000000    0.000000000    0.000000000
    1.427545910    0.000000000    0.000000000    0.000000000
    1.434724541    0.000000000    0.000000000    0.000000000
    1.441903172    0.000000000    0.000000000    0.000000000
    1.449081803    0.000000000    0.000000000    0.000000000
    1.456260434    0.000000000    0.000000000    0.000000000
    1.463439065    0.000000000    0.000000000    0.000000000
    1.470617696    0.000000000    0.000000000    0.000000001
    1.477796327    0.000000000    0.000000000    0.000000002
    1.484974958    0.000000000    0.000000000    0.000000005
    1.492153589    0.000000000    0.000000000    0.000000011
    1.499332220    0.000000000    0.000000000    0.000000021
    1.506510851    0.000000000    0.000000001    0.000000035
    1.513689482    0.000000000    0.000000001    0.000000052
    1.520868114    0.000000000    0.000000001    0.000000070
    1.528046745    0.000000000    0.000000002    0.000000082
    1.535225376    0.000000000    0.000000002    0.000000087
    1.542404007    0.000000001    0.000000002    0.000000082
    1.549582638    0.000000002    0.000000002    0.000000069
    1.556761269    0.000000004    0.000000003    0.000000052
    1.563939900    0.000000007    0.000000005    0.000000035
    1.571118531    0.000000013    0.000000008    0.000000021
    1.578297162    0.000000022    0.000000013    0.000000011
    1.585475793    0.000000032    0.000000018    0.000000006
    1.592654424    0.000000042    0.000000024    0.000000003
    1.599833055    0.000000049    0.000000029    0.000000001
    1.607011686    0.000000053    0.000000032    0.000000001
    1.614190317    0.000000056    0.000000038    0.000000001
    1.621368948    0.000000065    0.000000053    0.000000002
    1.628547579    0.000000092    0.000000088    0.000000004
    1.635726210    0.000000152    0.000000162    0.000000008
    1.642904841    0.000000261    0.000000289    0.000000014
    1.650083472    0.000000428    0.000000478    0.000000023
    1.657262104    0.000000643    0.000000717    0.000000033
    1.664440735    0.000000882    0.000000974    0.000000044
    1.671619366    0.000001117    0.000001204    0.000000053
    1.678797997    0.000001337    0.000001379    0.000000060
    1.685976628    0.000001568    0.000001511    0.000000067
    1.693155259    0.000001877    0.000001666    0.000000078
    1.700333890    0.000002339    0.000001935    0.000000096
    1.707512521    0.000002986    0.000002395    0.000000124
    1.714691152    0.000003766    0.000003055    0.000000158
    1.721869783    0.000004535    0.000003829    0.000000191
    1.729048414    0.000005098    0.000004552    0.000000212
    1.736227045    0.000005288    0.000005029    0.000000215
    1.743405676    0.000005034    0.000005117    0.000000198
    1.750584307    0.000004387    0.000004779    0.000000166
    1.757762938    0.000003503    0.000004114    0.000000129
    1.764941569    0.000002575    0.000003312    0.000000096
    1.772120200    0.000001774    0.000002587    0.000000073
    1.779298831    0.000001213    0.000002104    0.000000063
    1.786477462    0.000000944    0.000001937    0.000000066
    1.793656093    0.000000964    0.000002068    0.000000079
    1.800834725    0.000001230    0.000002411    0.000000098
    1.808013356    0.000001655    0.000002839    0.000000120
    1.815191987    0.000002114    0.000003209    0.000000137
    1.822370618    0.000002463    0.000003393    0.000000146
    1.829549249    0.000002591    0.000003309    0.000000143
    1.836727880    0.000002470    0.000002953    0.000000127
    1.843906511    0.000002160    0.000002407    0.000000103
    1.851085142    0.000001784    0.000001803    0.000000077
    1.858263773    0.000001457    0.000001270    0.000000052
    1.865442404    0.000001238    0.000000885    0.000000034
    1.872621035    0.000001117    0.000000665    0.000000022
    1.879799666    0.000001041    0.000000577    0.000000015
    1.886978297    0.000000956    0.000000568    0.000000012
    1.894156928    0.000000834    0.000000587    0.000000011
    1.901335559    0.000000680    0.000000604    0.000000012
    1.908514190    0.000000520    0.000000613    0.000000019
    1.915692821    0.000000387    0.000000630    0.000000041
    1.922871452    0.000000309    0.000000691    0.000000094
    1.930050083    0.000000317    0.000000826    0.000000201
    1.937228715    0.000000437    0.000001048    0.000000394
    1.944407346    0.000000690    0.000001331    0.000000697
    1.951585977    0.000001070    0.000001622    0.000001110
    1.958764608    0.000001536    0.000001857    0.000001600
    1.965943239    0.000002007    0.000001987    0.000002104
    1.973121870    0.000002385    0.000002002    0.000002554
    1.980300501    0.000002594    0.000001929    0.000002906
    1.987479132    0.000002613    0.000001823    0.000003155
    1.994657763    0.000002479    0.000001741    0.000003326
    2.001836394    0.000002260    0.000001719    0.000003450
    2.009015025    0.000002027    0.000001765    0.000003546
    2.016193656    0.000001824    0.000001855    0.000003619
    2.023372287    0.000001673    0.000001952    0.000003667
    2.030550918    0.000001573    0.000002015    0.000003680
    2.037729549    0.000001511    0.000002015    0.000003640
    2.044908180    0.000001471    0.000001948    0.000003524
    2.052086811    0.000001448    0.000001840    0.000003322
    2.059265442    0.000001453    0.000001748    0.000003061
    2.066444073    0.000001517    0.000001744    0.000002808
    2.073622705    0.000001679    0.000001894    0.000002653
    2.080801336    0.000001960    0.000002228    0.000002664
    2.087979967    0.000002344    0.000002715    0.000002848
    2.095158598    0.000002778    0.000003262    0.000003135
    2.102337229    0.000003189    0.000003744    0.000003416
    2.109515860    0.000003520    0.000004052    0.000003589
    2.116694491    0.000003755    0.000004147    0.000003615
    2.123873122    0.000003936    0.000004079    0.000003538
    2.131051753    0.000004142    0.000003961    0.000003479
    2.138230384    0.000004452    0.000003917    0.000003580
    2.145409015    0.000004879    0.000004017    0.000003943
    2.152587646    0.000005347    0.000004247    0.000004570
    2.159766277    0.000005713    0.000004516    0.000005350
    2.166944908    0.000005840    0.000004713    0.000006094
    2.174123539    0.000005674    0.000004749    0.000006604
    2.181302170    0.000005274    0.000004593    0.000006739
    2.188480801    0.000004768    0.000004263    0.000006455
    2.195659432    0.000004281    0.000003803    0.000005804
    2.202838063    0.000003882    0.000003268    0.000004907
    2.210016694    0.000003579    0.000002710    0.000003921
    2.217195326    0.000003337    0.000002184    0.000002997
    2.224373957    0.000003121    0.000001740    0.000002245
    2.231552588    0.000002921    0.000001423    0.000001724
    2.238731219    0.000002767    0.000001267    0.000001440
    2.245909850    0.000002729    0.000001301    0.000001376
    2.253088481    0.000002884    0.000001541    0.000001504
    2.260267112    0.000003268    0.000001980    0.000001792
    2.267445743    0.000003832    0.000002560    0.000002189
    2.274624374    0.000004428    0.000003164    0.000002616
    2.281803005    0.000004850    0.000003647    0.000002979
    2.288981636    0.000004918    0.000003881    0.000003195
    2.296160267    0.000004565    0.000003821    0.000003221
    2.303338898    0.000003868    0.000003520    0.000003068
    2.310517529    0.000003019    0.000003100    0.000002789
    2.317696160    0.000002233    0.000002693    0.000002462
    2.324874791    0.000001667    0.000002381    0.000002159
    2.332053422    0.000001380    0.000002183    0.000001936
    2.339232053    0.000001341    0.000002064    0.000001821
    2.346410684    0.000001478    0.000001974    0.000001806
    2.353589316    0.000001709    0.000001879    0.000001861
    2.360767947    0.000001972    0.000001779    0.000001937
    2.367946578    0.000002220    0.000001702    0.000001992
    2.375125209    0.000002412    0.000001685    0.000001994
    2.382303840    0.000002515    0.000001748    0.000001926
    2.389482471    0.000002513    0.000001887    0.000001793
    2.396661102    0.000002430    0.000002079    0.000001617
    2.403839733    0.000002325    0.000002302    0.000001430
    2.411018364    0.000002271    0.000002538    0.000001264
    2.418196995    0.000002321    0.000002777    0.000001130
    2.425375626    0.000002488    0.000003013    0.000001021
    2.432554257    0.000002754    0.000003244    0.000000916
    2.439732888    0.000003083    0.000003475    0.000000806
    2.446911519    0.000003427    0.000003707    0.000000695
    2.454090150    0.000003724    0.000003921    0.000000602
    2.461268781    0.000003902    0.000004073    0.000000542
    2.468447412    0.000003898    0.000004108    0.000000516
    2.475626043    0.000003686    0.000003988    0.000000510
    2.482804674    0.000003297    0.000003714    0.000000508
    2.489983306    0.000002811    0.000003343    0.000000504
    2.497161937    0.000002336    0.000002970    0.000000517
    2.504340568    0.000001988    0.000002716    0.000000578
    2.511519199    0.000001886    0.000002708    0.000000719
    2.518697830    0.000002158    0.000003067    0.000000948
    2.525876461    0.000002942    0.000003883    0.000001236
    2.533055092    0.000004367    0.000005211    0.000001522
    2.540233723    0.000006500    0.000007050    0.000001745
    2.547412354    0.000009271    0.000009323    0.000001878
    2.554590985    0.000012392    0.000011824    0.000001959
    2.561769616    0.000015336    0.000014196    0.000002087
    2.568948247    0.000017443    0.000015971    0.000002378
    2.576126878    0.000018151    0.000016732    0.000002906
    2.583305509    0.000017254    0.000016289    0.000003643
    2.590484140    0.000015008    0.000014775    0.000004439
    2.597662771    0.000012020    0.000012576    0.000005060
    2.604841402    0.000008964    0.000010139    0.000005284
    2.612020033    0.000006335    0.000007819    0.000005001
    2.619198664    0.000004351    0.000005820    0.000004273
    2.626377295    0.000003017    0.000004237    0.000003303
    2.633555927    0.000002249    0.000003110    0.000002343
    2.640734558    0.000001976    0.000002465    0.000001603
    2.647913189    0.000002188    0.000002350    0.000001198
    2.655091820    0.000002997    0.000002926    0.000001154
    2.662270451    0.000004747    0.000004607    0.000001444
    2.669449082    0.000008160    0.000008216    0.000002009
    2.676627713    0.000014420    0.000015019    0.000002762
    2.683806344    0.000024963    0.000026459    0.000003583
    2.690984975    0.000040842    0.000043501    0.000004329
    2.698163606    0.000062039    0.000065978    0.000004875
    2.705342237    0.000088945    0.000094147    0.000005163
    2.712520868    0.000136151    0.000142686    0.000005233
    2.719699499    0.000304542    0.000313739    0.000005201
    2.726878130    0.001103192    0.001123258    0.000005207
    2.734056761    0.004709356    0.004778606    0.000005396
    2.741235392    0.019241823    0.019511635    0.000006033
    2.748414023    0.071141225    0.072131766    0.000007935
    2.755592654    0.235245905    0.238521316    0.000013545
    2.762771285    0.694137359    0.703808475    0.000028998
    2.769949917    1.826797420    1.852260719    0.000067165
    2.777128548    4.287606249    4.347384331    0.000150329
    2.784307179    8.974480262    9.099617877    0.000309059
    2.791485810   16.752169520   16.985770798    0.000572785
    2.798664441   27.886840582   28.275721314    0.000950593
    2.805843072   41.399370639   41.976692103    0.001409312
    2.813021703   54.809291191   55.573623313    0.001864858
    2.820200334   64.711369134   65.613794367    0.002201786
    2.827378965   68.135418446   69.085598668    0.002319374
    2.834557596   63.978082099   64.870292174    0.002180196
    2.841736227   53.574177915   54.321307389    0.001830060
    2.848914858   40.007922833   40.565876406    0.001378344
    2.856093489   26.644253258   27.015892083    0.000968446
    2.863272120   15.824668688   16.045671982    0.000832457
    2.870450751    8.382933750    8.501365870    0.001699808
    2.877629382    3.965615016    4.027672747    0.006396412
    2.884808013    1.693977673    1.744446774    0.024972985
    2.891986644    0.718986843    0.824333001    0.088659517
    2.899165275    0.500207086    0.809185426    0.281486215
    2.906343907    0.875812461    1.741556063    0.797504529
    2.913522538    2.048185154    4.228319987    2.015513474
    2.920701169    4.530908937    9.431360385    4.543213288
    2.927879800    8.997736965   18.822489718    9.133600440
    2.935058431   15.946617274   33.513681945   16.376086772
    2.942237062   25.207056936   53.219990541   26.185566469
    2.949415693   35.537830293   75.375071074   37.342193182
    2.956594324   44.695406271   95.215934570   47.494609406
    2.963772955   50.180233310  107.306195118   53.885711901
    2.970951586   50.401178316  107.975006586   54.570507408
    2.978130217   45.598173838   97.267898665   49.432891519
    2.985308848   37.935565831   79.139228661   40.339784816
    2.992487479   30.710534408   59.792525603   30.347361953
    2.999666110   27.138426715   45.268704866   22.496495998
    3.006844741   29.261512089   39.566403398   18.860430782
    3.014023372   37.273405250   43.813244180   20.125851894
    3.021202003   49.370128735   56.252582090   25.577598165
    3.028380634   62.272733974   72.758492497   33.308177411
    3.035559265   72.501252328   87.947866546   40.681078400
    3.042737896   78.036140306   96.952061486   45.139770674
    3.049916528   79.466689967   97.326825538   45.192704687
    3.057095159   79.751239189   90.069277282   41.087713425
    3.064273790   82.540558150   79.018163461   34.719212179
    3.071452421   90.043348702   68.935045273   28.745747214
    3.078631052  101.737426451   63.392357991   25.375359583
    3.085809683  114.579200263   63.521623491   25.428977944
    3.092988314  124.363672816   67.937038368   28.084784374
    3.100166945  127.371065402   73.530109845   31.359574641
    3.107345576  121.612368926   76.711170892   33.074944197
    3.114524207  107.399207777   74.754685632   31.852154618
    3.121702838   87.185463915   66.838422553   27.660486277
    3.128881469   64.726004657   54.302579485   21.690262231
    3.136060100   43.820997875   39.948871477   15.728507192
    3.143238731   27.178950696   26.774840454   11.478904697
    3.150417362   15.901319153   16.876339092   10.170041302
    3.157595993    9.689482002   11.022113206   12.451639316
    3.164774624    7.441954849    8.862740059   18.331595973
    3.171953255    7.809760281    9.393957280   26.991429266
    3.179131886    9.515008115   11.364154688   36.635549259
    3.186310518   11.520367147   13.580046131   44.732706093
    3.193489149   13.209659617   15.199202040   48.818243114
    3.200667780   14.592153160   16.006450459   47.539533205
    3.207846411   16.360411635   16.515892061   41.292403991
    3.215025042   19.608292875   17.732034904   31.991224447
    3.222203673   25.207387744   20.594586660   22.119872051
    3.229382304   33.133148649   25.384937855   13.692426745
    3.236560935   42.206636093   31.480384421    7.712713519
    3.243739566   50.570516936   37.672334184    4.275252869
    3.250918197   56.735926956   42.872412696    3.027803742
    3.258096828   60.526612704   46.689969103    3.603955152
    3.265275459   63.185877463   49.411511745    5.789526134
    3.272454090   66.493790394   51.406219083    9.413090228
    3.279632721   71.551015130   52.521472382   14.115702383
    3.286811352   78.184093682   52.074676602   19.214284446
    3.293989983   85.383358184   49.499104620   23.807432406
    3.301168614   92.267992610   45.091413325   27.096886202
    3.308347245   98.635873321   40.241264507   28.721236636
    3.315525876  104.605144370   37.012294964   28.873012145
    3.322704508  109.755261660   37.431752496   28.132071784
    3.329883139  112.679846443   42.882999476   27.153010683
    3.337061770  111.516226320   53.719706824   26.417403401
    3.344240401  105.149579934   69.080167778   26.179579016
    3.351419032   94.182805405   87.004622652   26.604572092
    3.358597663   80.934700842  105.016731511   27.996910852
    3.365776294   68.495882367  121.031454657   30.945743711
    3.372954925   59.536671171  134.017532466   36.185455593
    3.380133556   55.563204617  143.826401424   44.086467656
    3.387312187   56.763754383  150.230206035   53.984933366
    3.394490818   62.113986637  152.011458157   63.849273501
    3.401669449   69.484783938  147.095320607   70.740558339
    3.408848080   75.912337743  133.890847959   72.026159022
    3.416026711   78.340636835  112.866478470   66.681162315
    3.423205342   74.757487082   87.033379627   55.829535332
    3.430383973   65.113188118   60.855111522   42.171770214
    3.437562604   51.358656855   38.356406427   28.717154387
    3.444741235   36.508402104   21.709273271   17.632030292
    3.451919866   23.317724021   11.006690941    9.772791726
    3.459098497   13.355030670    4.991176015    4.917045948
    3.466277129    6.851627804    2.022548157    2.327681677
    3.473455760    3.151186866    0.732555740    1.275800342
    3.480634391    1.313202202    0.238907160    1.354997137
    3.487813022    0.531310873    0.075352311    2.597839776
    3.494991653    0.281873227    0.036450865    5.444179857
    3.502170284    0.290357449    0.050371505   10.560500497
    3.509348915    0.433802328    0.106621402   18.492649452
    3.516527546    0.652879856    0.223921926   29.230834579
    3.523706177    0.900053665    0.435655594   41.920441376
    3.530884808    1.125669651    0.776032273   54.985213947
    3.538063439    1.292143466    1.260287023   66.710029411
    3.545242070    1.397196330    1.864949603   75.979182367
    3.552420701    1.482840206    2.523992224   82.700078458
    3.559599332    1.615245894    3.152566849   87.638980419
    3.566777963    1.841145925    3.688389225   91.777775924
    3.573956594    2.146700538    4.118398142   95.556116189
    3.581135225    2.449614632    4.463159915   98.389929216
    3.588313856    2.639062433    4.730752491   98.747005713
    3.595492487    2.651054145    4.893266661   94.841950386
    3.602671119    2.550331574    4.938258238   85.663458619
    3.609849750    2.596632672    4.996787632   71.742142895
    3.617028381    3.288874701    5.486962451   55.134375595
    3.624207012    5.371148115    7.176544434   38.599643695
    3.631385643    9.739168271   11.068291417   24.495806433
    3.638564274   17.161630909   18.052835316   14.042837989
    3.645742905   27.821963720   28.390558128    7.254690544
    3.652921536   40.900547975   41.274956984    3.371460838
    3.660100167   54.573313741   54.848426865    1.407663119
    3.667278798   66.635774405   66.856465675    0.527648926
    3.674457429   75.459363483   75.628661445    0.177673383
    3.681636060   80.578809646   80.678618628    0.054129659
    3.688814691   82.416005495   82.429367374    0.015895206
    3.695993322   81.420408976   81.348090199    0.007730999
    3.703171953   77.502931226   77.372590927    0.015733413
    3.710350584   70.380719642   70.255123409    0.053296033
    3.717529215   60.551889334   60.553588325    0.174125036
    3.724707846   49.999604456   50.379439043    0.513439091
    3.731886477   41.957153879   43.232108049    1.353975044
    3.739065109   39.795318392   42.949160588    3.186821345
    3.746243740   45.594260653   52.258115615    6.691107766
    3.753422371   58.996913249   71.429107540   12.530718824
    3.760601002   76.807588749   97.459802756   20.931957431
    3.767779633   93.684211110  124.287813354   31.196023304
    3.774958264  103.955772657  144.398184377   41.507008865
    3.782136895  103.942174839  151.520105568   49.385824604
    3.789315526   93.597763109  143.204998134   52.773174790
    3.796494157   76.497903076  121.815182824   51.200871741
    3.803672788   58.171823777   93.305939720   46.289414590
    3.810851419   43.771830646   64.583737350   41.163481242
    3.818030050   36.266952116   41.027390200   39.064922492
    3.825208681   35.776742405   25.367803359   41.926881045
    3.832387312   39.984828078   17.999184714   49.631169321
    3.839565943   45.270682177   17.913035147   60.218239745
    3.846744574   48.159875682   23.385950763   70.798112508
    3.853923205   46.629921568   32.145216115   78.623136870
    3.861101836   40.765421063   41.376077473   81.862029613
    3.868280467   32.490202831   48.095956553   79.947623502
    3.875459098   24.593926848   50.014419322   73.633890871
    3.882637730   19.620529653   46.418064682   64.848880909
    3.889816361   19.090430199   38.426534736   56.218815296
    3.896994992   23.156241285   28.370473017   50.157855970
    3.904173623   30.571472420   18.680204574   47.790709360
    3.911352254   38.946293993   10.969391215   48.337086901
    3.918530885   45.400112033    5.745025028   49.475539568
    3.925709516   47.568366305    2.683891861   48.588475418
    3.932888147   44.551368897    1.118748939   44.148950371
    3.940066778   37.236721247    0.416396850   36.395817131
    3.947245409   27.761173103    0.138626777   26.967184709
    3.954424040   18.458557270    0.041459169   17.881322725
    3.961602671   10.945438730    0.011259614   10.590190989
    3.968781302    5.788149574    0.002854057    5.597258057
    3.975959933    2.729724389    0.000721979    2.639071109
    3.983138564    1.148094672    0.000208892    1.109850247
    3.990317195    0.430664162    0.000081880    0.416295271
    3.997495826    0.144104428    0.000047858    0.139286382
    4.004674457    0.043051527    0.000051513    0.041595184
    4.011853088    0.011600895    0.000136676    0.011140656
    4.019031720    0.003334079    0.000575118    0.002878518
    4.026210351    0.003271861    0.002496978    0.001623020
    4.033388982    0.011237117    0.009968729    0.004686102
    4.040567613    0.041555271    0.035744104    0.018087849
    4.047746244    0.138959024    0.114511500    0.063974434
    4.054924875    0.415899115    0.327369239    0.202255492
    4.062103506    1.113387523    0.834972172    0.570476644
    4.069282137    2.666308845    1.900229832    1.435214042
    4.076460768    5.713930358    3.860179496    3.220707199
    4.083639399   10.964988484    7.004913517    6.447925703
    4.090818030   18.864748445   11.370886670   11.521239362
    4.097996661   29.160915828   16.552833168   18.389090208
    4.105175292   40.656786893   21.705522648   26.264953459
    4.112353923   51.472537901   25.834593429   33.693011451
    4.119532554   59.846254849   28.256089691   39.106579221
    4.126711185   65.027328808   28.911128150   41.652876818
    4.133889816   67.582203446   28.281144464   41.729177995
    4.141068447   68.783836777   26.971416137   40.758770061
    4.148247078   69.489839492   25.330373494   40.276624714
    4.155425710   69.381214061   23.438428701   40.972778550
    4.162604341   67.170174801   21.444264162   42.418090109
    4.169782972   61.605185613   19.889148830   43.649583456
    4.176961603   52.490415373   19.656901613   44.076669394
    4.184140234   40.990004239   21.508313255   43.925131578
    4.191318865   29.085877270   25.521131967   43.891074645
    4.198497496   18.654711611   30.876050954   44.410317031
    4.205676127   10.778175398   36.212076801   45.266101700
    4.212854758    5.597607992   40.352590174   45.865445730
    4.220033389    2.609393836   42.878260127   45.823378792
    4.227212020    1.091069506   44.096473134   45.213309495
    4.234390651    0.409464104   44.444993983   44.243142864
    4.241569282    0.138531281   43.873588360   42.752697216
    4.248747913    0.042958479   41.776922438   40.118289934
    4.255926544    0.012877487   37.540752689   35.715414183
    4.263105175    0.004251058   31.199802109   29.517391291
    4.270283806    0.001810811   23.632646252   22.286850052
    4.277462437    0.000976414   16.163191979   15.215600138
    4.284641068    0.000568493    9.926642468    9.335545178
    4.291819699    0.000324396    5.457406335    5.129709614
    4.298998331    0.000180579    2.681246169    2.519524649
    4.306176962    0.000104998    1.176140587    1.105035437
    4.313355593    0.000071825    0.460430735    0.432571988
    4.320534224    0.000061971    0.160844505    0.151128482
    4.327712855    0.000063289    0.050153574    0.047156596
    4.334891486    0.000068447    0.013973313    0.013183415
    4.342070117    0.000072772    0.003490065    0.003348841
    4.349248748    0.000073361    0.000790875    0.000823742
    4.356427379    0.000069247    0.000171466    0.000249006
    4.363606010    0.000061632    0.000045569    0.000135901
    4.370784641    0.000053430    0.000026349    0.000125296
    4.377963272    0.000048195    0.000030943    0.000148487
    4.385141903    0.000049687    0.000043697    0.000217817
    4.392320534    0.000066014    0.000062907    0.000446488
    4.399499165    0.000130912    0.000096884    0.001344522
    4.406677796    0.000381277    0.000188504    0.004926042
    4.413856427    0.001294758    0.000495728    0.018129919
    4.421035058    0.004306424    0.001500420    0.061734776
    4.428213689    0.013131966    0.004459537    0.189539538
    4.435392321    0.035998401    0.012188052    0.520836832
    4.442570952    0.088224540    0.030059952    1.278498503
    4.449749583    0.193028657    0.066707299    2.802993211
    4.456928214    0.376958476    0.133596501    5.492278480
    4.464106845    0.657275005    0.243126786    9.631886275
    4.471285476    1.024044592    0.406407013   15.156313835
    4.478464107    1.427631545    0.633111545   21.489997046
    4.485642738    1.785181104    0.934112526   27.643574545
    4.492821369    2.010304744    1.322244735   32.593585129
    4.500000000    2.051968267    1.802722392   35.722563418
