 0.236650 0.022946 0.917156 1.0  
 0.392728 0.655175 0.471114 1.0
 0.685275 0.300237 0.524592 1.0
 0.014066 0.014237 0.341848 1.0
 0.674785 0.981856 0.452002 1.0
 0.585877 0.558452 0.034695 1.0
 0.120587 0.157142 0.269966 1.0
 0.175380 0.191651 0.076105 1.0
 0.295702 0.072024 0.252889 1.0
 0.953225 0.716170 0.451337 1.0
 0.072975 0.703875 0.109268 1.0
 0.292343 0.329386 0.596316 1.0
 0.109004 0.565619 0.977349 1.0
 0.981549 0.888360 0.336290 1.0
 0.341873 0.646521 0.057719 1.0
 0.412597 0.344296 0.139287 1.0
 0.714469 0.167645 0.876436 1.0
 0.545722 0.447153 0.228543 1.0
 0.438749 0.573974 0.250784 1.0
 0.837891 0.580335 0.813524 1.0
 0.101878 0.910812 0.294510 1.0
 0.806006 0.620090 0.334625 1.0
 0.896270 0.213609 0.747021 1.0
 0.412092 0.524691 0.212903 1.0
 0.764876 0.341371 0.661305 1.0
 0.671022 0.545863 0.721647 1.0
 0.092989 0.951769 0.609089 1.0
 0.165812 0.899537 0.495092 1.0
 0.772926 0.681975 0.146921 1.0
 0.988471 0.940872 0.956154 1.0
 0.646102 0.192762 0.116137 1.0
 0.455828 0.897005 0.336685 1.0
 0.017318 0.126584 0.117238 1.0
 0.099723 0.817664 0.651374 1.0
 0.907431 0.509507 0.298255 1.0
 0.233720 0.751411 0.143913 1.0
 0.617223 0.923495 0.297633 1.0
 0.705548 0.056740 0.864957 1.0
 0.401699 0.965527 0.933128 1.0
 0.021714 0.931256 0.878259 1.0
 0.939241 0.004788 0.851316 1.0
 0.588589 0.830742 0.534178 1.0
 0.233518 0.134591 0.896183 1.0
 0.763959 0.057045 0.235183 1.0
 0.345780 0.444368 0.564966 1.0
 0.841075 0.021334 0.365470 1.0
 0.540834 0.960830 0.518823 1.0
 0.152785 0.625904 0.687850 1.0
 0.458742 0.871166 0.832108 1.0
 0.970407 0.112204 0.491470 1.0
 0.534148 0.882440 0.960777 1.0
 0.094065 0.856045 0.954429 1.0
 0.070907 0.165479 0.546215 1.0
 0.995142 0.440930 0.946202 1.0
 0.996580 0.821755 0.650597 1.0
 0.963059 0.117949 0.292291 1.0
 0.041035 0.784685 0.726960 1.0
 0.131418 0.573468 0.099993 1.0
 0.220113 0.826253 0.495119 1.0
 0.621173 0.041506 0.272508 1.0
 0.350852 0.651787 0.690450 1.0
 0.006443 0.664126 0.040648 1.0
 0.303117 0.091980 0.090337 1.0
 0.728181 0.464559 0.057169 1.0
 0.104149 0.620363 0.076072 1.0
 0.930108 0.218790 0.565216 1.0
 0.946079 0.685913 0.800356 1.0
 0.874986 0.114230 0.413308 1.0
 0.995567 0.158231 0.238710 1.0
 0.075371 0.900003 0.620173 1.0
 0.323052 0.580692 0.380633 1.0
 0.287771 0.468602 0.105915 1.0
 0.069611 0.580077 0.623982 1.0
 0.863888 0.862277 0.390462 1.0
 0.772319 0.435878 0.475412 1.0
 0.132511 0.246151 0.860644 1.0
 0.074742 0.028132 0.117576 1.0
 0.379904 0.800557 0.947070 1.0
 0.756087 0.223017 0.017968 1.0
 0.181667 0.252399 0.017428 1.0
 0.310995 0.049834 0.760511 1.0
 0.237856 0.411626 0.010727 1.0
 0.339512 0.533328 0.578322 1.0
 0.090818 0.169570 0.780185 1.0
 0.819602 0.348062 0.097534 1.0
 0.175721 0.544915 0.423394 1.0
 0.014781 0.618309 0.078855 1.0
 0.657332 0.471691 0.993614 1.0
 0.125965 0.992911 0.055962 1.0
 0.014829 0.504435 0.368286 1.0
 0.034756 0.892486 0.229241 1.0
 0.159656 0.672647 0.226277 1.0
 0.850079 0.545912 0.696299 1.0
 0.679679 0.704275 0.497921 1.0
 0.365501 0.176667 0.709396 1.0
 0.116733 0.969563 0.888123 1.0
 0.055006 0.135614 0.609258 1.0
 0.585792 0.144252 0.255393 1.0
 0.397082 0.922775 0.430072 1.0
 0.358134 0.661261 0.808771 1.0
 0.256831 0.737643 0.833206 1.0
 0.597677 0.230416 0.965917 1.0
 0.280934 0.711853 0.134785 1.0
 0.978060 0.348915 0.901991 1.0
 0.971902 0.195998 0.415990 1.0
 0.758311 0.877959 0.939404 1.0
 0.812228 0.554049 0.768240 1.0
 0.119686 0.630484 0.046176 1.0
 0.026586 0.303380 0.684149 1.0
 0.031138 0.403791 0.325065 1.0
 0.187921 0.885341 0.232805 1.0
 0.340334 0.942125 0.068754 1.0
 0.289072 0.719963 0.201606 1.0
 0.182597 0.190818 0.328584 1.0
 0.613844 0.559238 0.305623 1.0
 0.369313 0.887869 0.980577 1.0
 0.375648 0.654645 0.966591 1.0
 0.888468 0.221948 0.305075 1.0
 0.523878 0.321390 0.218635 1.0
 0.912593 0.749840 0.331235 1.0
 0.663155 0.697079 0.131774 1.0
 0.874668 0.634254 0.399709 1.0
 0.438905 0.299339 0.774509 1.0
 0.784286 0.738136 0.819631 1.0
 0.843612 0.079247 0.040192 1.0
 0.980473 0.249532 0.764443 1.0
 0.372288 0.946802 0.073562 1.0
 0.458406 0.910390 0.392687 1.0
 0.777177 0.554592 0.138163 1.0
 0.218984 0.991289 0.776142 1.0
 0.819046 0.521849 0.439804 1.0
 0.060898 0.455513 0.230432 1.0
 0.840160 0.094646 0.497355 1.0
 0.007446 0.532176 0.631009 1.0
 0.449881 0.848568 0.345793 1.0
 0.384751 0.964891 0.309952 1.0
 0.511733 0.182424 0.071063 1.0
 0.940704 0.249574 0.262449 1.0
 0.459232 0.452242 0.736021 1.0
 0.857593 0.631187 0.357584 1.0
 0.540481 0.336235 0.946244 1.0
 0.364108 0.539940 0.647501 1.0
0.599226 0.513860 0.292977 01.0
 0.905999 0.120552 0.899075 1.0
 0.955015 0.188301 0.894107 1.0
 0.283557 0.291209 0.610905 1.0
 0.794016 0.658943 0.677928 1.0
 0.281568 0.881530 0.598462 1.0
 0.818198 0.660720 0.592366 1.0
 0.251881 0.905648 0.861212 1.0
 0.195780 0.499058 0.600648 1.0
 0.443463 0.207272 0.506429 1.0
 0.266670 0.736715 0.645544 1.0
 0.110427 0.044980 0.209569 1.0
 0.839381 0.483329 0.458015 1.0
 0.521754 0.102441 0.844814 1.0
 0.693602 0.817804 0.970219 1.0
 0.796896 0.774887 0.378586 1.0
 0.556414 0.202540 0.817141 1.0
 0.122249 0.753045 0.047458 1.0
 0.823121 0.664318 0.805974 1.0
 0.311220 0.550069 0.985449 1.0
 0.112294 0.086084 0.313754 1.0
 0.675047 0.176770 0.218822 1.0
 0.125705 0.455715 0.633334 1.0
 0.131885 0.678147 0.983456 1.0
 0.202402 0.581559 0.894736 1.0
 0.467939 0.033890 0.562334 1.0
 0.531222 0.918208 0.548198 1.0
 0.427670 0.188553 0.632167 1.0
 0.369014 0.558389 0.497466 1.0
 0.760319 0.570003 0.796846 1.0
 0.570812 0.032620 0.814188 1.0
 0.343427 0.838344 0.949155 1.0
 0.064909 0.857903 0.238436 1.0
 0.887360 0.851172 0.129560 1.0
 0.558439 0.181079 0.419558 1.0
 0.272097 0.151936 0.186770 1.0
 0.917817 0.616180 0.364811 1.0
 0.848132 0.157711 0.606137 1.0
 0.716730 0.622388 0.523785 1.0
 0.816258 0.897701 0.260351 1.0
 0.374362 0.468155 0.420264 1.0
 0.570414 0.134836 0.131891 1.0
 0.698343 0.038958 0.180355 1.0
 0.464033 0.454957 0.984398 1.0
 0.164496 0.070107 0.616956 1.0
 0.949151 0.173520 0.749374 1.0
 0.793641 0.795003 0.604310 1.0
 0.569280 0.663598 0.219526 1.0
 0.141027 0.148974 0.866493 1.0
 0.218522 0.725317 0.978770 1.0
 0.411849 0.620501 0.047285 1.0
 0.605698 0.631485 0.069123 1.0
 0.118317 0.658487 0.013340 1.0
 0.964092 0.883091 0.643986 1.0
 0.341255 0.832920 0.347506 1.0
 0.335860 0.107810 0.084149 1.0
 0.836573 0.866192 0.542044 1.0
 0.609636 0.562977 0.991837 1.0
