# energy grid [eV]     epsi_x  epsi_y  epsi_z
#
    0.200000000    0.000000000    0.000000000    0.000000000
    0.207178631    0.000000000    0.000000000    0.000000000
    0.214357262    0.000000000    0.000000000    0.000000000
    0.221535893    0.000000000    0.000000000    0.000000000
    0.228714524    0.000000000    0.000000000    0.000000000
    0.235893155    0.000000000    0.000000000    0.000000000
    0.243071786    0.000000000    0.000000000    0.000000000
    0.250250417    0.000000000    0.000000000    0.000000000
    0.257429048    0.000000000    0.000000000    0.000000000
    0.264607679    0.000000000    0.000000000    0.000000000
    0.271786311    0.000000000    0.000000000    0.000000000
    0.278964942    0.000000000    0.000000000    0.000000000
    0.286143573    0.000000000    0.000000000    0.000000000
    0.293322204    0.000000000    0.000000000    0.000000000
    0.300500835    0.000000000    0.000000000    0.000000000
    0.307679466    0.000000000    0.000000000    0.000000000
    0.314858097    0.000000000    0.000000000    0.000000000
    0.322036728    0.000000000    0.000000000    0.000000000
    0.329215359    0.000000000    0.000000000    0.000000000
    0.336393990    0.000000000    0.000000000    0.000000000
    0.343572621    0.000000000    0.000000000    0.000000000
    0.350751252    0.000000000    0.000000000    0.000000000
    0.357929883    0.000000000    0.000000000    0.000000000
    0.365108514    0.000000000    0.000000000    0.000000000
    0.372287145    0.000000000    0.000000000    0.000000000
    0.379465776    0.000000000    0.000000000    0.000000000
    0.386644407    0.000000000    0.000000000    0.000000000
    0.393823038    0.000000000    0.000000000    0.000000000
    0.401001669    0.000000000    0.000000000    0.000000000
    0.408180301    0.000000000    0.000000000    0.000000000
    0.415358932    0.000000000    0.000000000    0.000000000
    0.422537563    0.000000000    0.000000000    0.000000000
    0.429716194    0.000000000    0.000000000    0.000000000
    0.436894825    0.000000000    0.000000000    0.000000000
    0.444073456    0.000000000    0.000000000    0.000000000
    0.451252087    0.000000000    0.000000000    0.000000000
    0.458430718    0.000000000    0.000000000    0.000000000
    0.465609349    0.000000000    0.000000000    0.000000000
    0.472787980    0.000000000    0.000000000    0.000000000
    0.479966611    0.000000000    0.000000000    0.000000000
    0.487145242    0.000000000    0.000000000    0.000000000
    0.494323873    0.000000000    0.000000000    0.000000000
    0.501502504    0.000000000    0.000000000    0.000000000
    0.508681135    0.000000000    0.000000000    0.000000000
    0.515859766    0.000000000    0.000000000    0.000000000
    0.523038397    0.000000000    0.000000000    0.000000000
    0.530217028    0.000000000    0.000000000    0.000000000
    0.537395659    0.000000000    0.000000000    0.000000000
    0.544574290    0.000000000    0.000000000    0.000000000
    0.551752922    0.000000000    0.000000000    0.000000000
    0.558931553    0.000000000    0.000000000    0.000000000
    0.566110184    0.000000000    0.000000000    0.000000000
    0.573288815    0.000000000    0.000000000    0.000000000
    0.580467446    0.000000000    0.000000000    0.000000000
    0.587646077    0.000000000    0.000000000    0.000000000
    0.594824708    0.000000000    0.000000000    0.000000000
    0.602003339    0.000000000    0.000000000    0.000000000
    0.609181970    0.000000000    0.000000000    0.000000000
    0.616360601    0.000000000    0.000000000    0.000000000
    0.623539232    0.000000000    0.000000000    0.000000000
    0.630717863    0.000000000    0.000000000    0.000000000
    0.637896494    0.000000000    0.000000000    0.000000000
    0.645075125    0.000000000    0.000000000    0.000000000
    0.652253756    0.000000000    0.000000000    0.000000000
    0.659432387    0.000000000    0.000000000    0.000000000
    0.666611018    0.000000000    0.000000000    0.000000000
    0.673789649    0.000000000    0.000000000    0.000000000
    0.680968280    0.000000000    0.000000000    0.000000000
    0.688146912    0.000000000    0.000000000    0.000000000
    0.695325543    0.000000000    0.000000000    0.000000000
    0.702504174    0.000000000    0.000000000    0.000000000
    0.709682805    0.000000000    0.000000000    0.000000000
    0.716861436    0.000000000    0.000000000    0.000000000
    0.724040067    0.000000000    0.000000000    0.000000000
    0.731218698    0.000000000    0.000000000    0.000000000
    0.738397329    0.000000000    0.000000000    0.000000000
    0.745575960    0.000000000    0.000000000    0.000000000
    0.752754591    0.000000000    0.000000000    0.000000000
    0.759933222    0.000000000    0.000000000    0.000000000
    0.767111853    0.000000000    0.000000000    0.000000000
    0.774290484    0.000000001    0.000000002    0.000000000
    0.781469115    0.000000005    0.000000014    0.000000002
    0.788647746    0.000000036    0.000000092    0.000000013
    0.795826377    0.000000212    0.000000539    0.000000074
    0.803005008    0.000001114    0.000002825    0.000000386
    0.810183639    0.000005214    0.000013220    0.000001808
    0.817362270    0.000021758    0.000055164    0.000007542
    0.824540902    0.000080965    0.000205273    0.000028066
    0.831719533    0.000268686    0.000681206    0.000093137
    0.838898164    0.000795163    0.002015995    0.000275634
    0.846076795    0.002098617    0.005320670    0.000727461
    0.853255426    0.004939420    0.012523022    0.001712192
    0.860434057    0.010367751    0.026285590    0.003593858
    0.867612688    0.019407024    0.049203063    0.006727216
    0.874791319    0.032396580    0.082135773    0.011229892
    0.881969950    0.048228659    0.122275198    0.016717896
    0.889148581    0.064029044    0.162334267    0.022194913
    0.896327212    0.075807934    0.192197549    0.026277926
    0.903505843    0.080042033    0.202932354    0.027745626
    0.910684474    0.075368065    0.191082340    0.026125451
    0.917863105    0.063288154    0.160455872    0.021938092
    0.925041736    0.047393993    0.120159051    0.016428569
    0.932220367    0.031651186    0.080245959    0.010971510
    0.939398998    0.018850483    0.047792050    0.006534297
    0.946577629    0.010011998    0.025383643    0.003470541
    0.953756260    0.004742255    0.012023144    0.001643847
    0.960934891    0.002003156    0.005078646    0.000694370
    0.968113523    0.000754589    0.001913127    0.000261569
    0.975292154    0.000253497    0.000642695    0.000087872
    0.982470785    0.000075945    0.000192545    0.000026325
    0.989649416    0.000020290    0.000051443    0.000007033
    0.996828047    0.000004834    0.000012257    0.000001676
    1.004006678    0.000001027    0.000002604    0.000000356
    1.011185309    0.000000195    0.000000494    0.000000067
    1.018363940    0.000000033    0.000000083    0.000000011
    1.025542571    0.000000005    0.000000013    0.000000002
    1.032721202    0.000000001    0.000000002    0.000000000
    1.039899833    0.000000000    0.000000000    0.000000000
    1.047078464    0.000000000    0.000000000    0.000000000
    1.054257095    0.000000000    0.000000000    0.000000000
    1.061435726    0.000000000    0.000000000    0.000000000
    1.068614357    0.000000000    0.000000000    0.000000000
    1.075792988    0.000000000    0.000000000    0.000000000
    1.082971619    0.000000000    0.000000000    0.000000000
    1.090150250    0.000000000    0.000000000    0.000000000
    1.097328881    0.000000000    0.000000000    0.000000000
    1.104507513    0.000000000    0.000000000    0.000000000
    1.111686144    0.000000000    0.000000000    0.000000000
    1.118864775    0.000000000    0.000000000    0.000000000
    1.126043406    0.000000000    0.000000000    0.000000000
    1.133222037    0.000000000    0.000000000    0.000000000
    1.140400668    0.000000000    0.000000000    0.000000000
    1.147579299    0.000000000    0.000000000    0.000000000
    1.154757930    0.000000000    0.000000000    0.000000000
    1.161936561    0.000000000    0.000000000    0.000000000
    1.169115192    0.000000000    0.000000000    0.000000000
    1.176293823    0.000000000    0.000000000    0.000000000
    1.183472454    0.000000000    0.000000000    0.000000000
    1.190651085    0.000000000    0.000000000    0.000000000
    1.197829716    0.000000000    0.000000000    0.000000000
    1.205008347    0.000000000    0.000000000    0.000000000
    1.212186978    0.000000000    0.000000000    0.000000000
    1.219365609    0.000000000    0.000000000    0.000000000
    1.226544240    0.000000000    0.000000000    0.000000000
    1.233722871    0.000000000    0.000000000    0.000000000
    1.240901503    0.000000000    0.000000000    0.000000000
    1.248080134    0.000000000    0.000000000    0.000000000
    1.255258765    0.000000000    0.000000000    0.000000000
    1.262437396    0.000000000    0.000000000    0.000000000
    1.269616027    0.000000000    0.000000000    0.000000000
    1.276794658    0.000000000    0.000000000    0.000000000
    1.283973289    0.000000000    0.000000000    0.000000000
    1.291151920    0.000000000    0.000000000    0.000000000
    1.298330551    0.000000000    0.000000000    0.000000000
    1.305509182    0.000000000    0.000000000    0.000000000
    1.312687813    0.000000000    0.000000000    0.000000000
    1.319866444    0.000000000    0.000000000    0.000000000
    1.327045075    0.000000000    0.000000000    0.000000000
    1.334223706    0.000000000    0.000000000    0.000000000
    1.341402337    0.000000000    0.000000000    0.000000000
    1.348580968    0.000000000    0.000000000    0.000000000
    1.355759599    0.000000000    0.000000001    0.000000000
    1.362938230    0.000000001    0.000000009    0.000000002
    1.370116861    0.000000004    0.000000066    0.000000013
    1.377295492    0.000000022    0.000000406    0.000000078
    1.384474124    0.000000122    0.000002238    0.000000429
    1.391652755    0.000000601    0.000011005    0.000002108
    1.398831386    0.000002635    0.000048249    0.000009243
    1.406010017    0.000010301    0.000188649    0.000036141
    1.413188648    0.000035918    0.000657790    0.000126018
    1.420367279    0.000111690    0.002045432    0.000391861
    1.427545910    0.000309727    0.005672163    0.001086664
    1.434724541    0.000765964    0.014027434    0.002687353
    1.441903172    0.001689289    0.030936669    0.005926797
    1.449081803    0.003322501    0.060846370    0.011656848
    1.456260434    0.005827632    0.106723881    0.020445988
    1.463439065    0.009115605    0.166937673    0.031981650
    1.470617696    0.012715890    0.232869661    0.044612806
    1.477796327    0.015819180    0.289692531    0.055498916
    1.484974958    0.017552299    0.321386472    0.061571176
    1.492153589    0.017376785    0.317968552    0.060918111
    1.499332220    0.015377773    0.280549065    0.053756245
    1.506510851    0.012269022    0.220754877    0.042325286
    1.513689482    0.009163404    0.154928720    0.029790264
    1.520868114    0.007353779    0.097027140    0.018906542
    1.528046745    0.008325419    0.054367262    0.011240884
    1.535225376    0.013959526    0.027640581    0.007199673
    1.542404007    0.026559756    0.013701120    0.006530414
    1.549582638    0.048212523    0.008697142    0.008774149
    1.556761269    0.079321942    0.010014057    0.013372899
    1.563939900    0.116932435    0.016778210    0.019513735
    1.571118531    0.154161049    0.029310480    0.026042751
    1.578297162    0.181877711    0.047952910    0.031751355
    1.585475793    0.192366108    0.071680407    0.036030731
    1.592654424    0.182982003    0.097135413    0.039501899
    1.599833055    0.157413508    0.118869535    0.044058020
    1.607011686    0.123685917    0.131109449    0.051997041
    1.614190317    0.090310714    0.130298068    0.064498197
    1.621368948    0.063015153    0.116845447    0.080276073
    1.628547579    0.043634488    0.094877612    0.095409393
    1.635726210    0.031062718    0.070172068    0.104812791
    1.642904841    0.023080880    0.047702073    0.104770757
    1.650083472    0.017900499    0.030226098    0.095100749
    1.657262104    0.014889100    0.018333996    0.079622484
    1.664440735    0.014521401    0.011350186    0.064684201
    1.671619366    0.017828411    0.008241027    0.056632930
    1.678797997    0.025590068    0.008060267    0.059431371
    1.685976628    0.037490210    0.009956136    0.073183129
    1.693155259    0.051567059    0.013016730    0.093875438
    1.700333890    0.064393230    0.016227887    0.114524528
    1.707512521    0.072186724    0.018657294    0.127663066
    1.714691152    0.072438958    0.019762908    0.128357926
    1.721869783    0.065114818    0.019587735    0.116228127
    1.729048414    0.052621824    0.018666799    0.095225530
    1.736227045    0.038571328    0.017699231    0.071346445
    1.743405676    0.026169490    0.017218357    0.049811272
    1.750584307    0.017182133    0.017448401    0.033370685
    1.757762938    0.011831094    0.018332026    0.022299539
    1.764941569    0.009322232    0.019586191    0.015441953
    1.772120200    0.008493969    0.020722856    0.011315308
    1.779298831    0.008284397    0.021123202    0.008724975
    1.786477462    0.007992371    0.020260404    0.006922726
    1.793656093    0.007421386    0.018003269    0.005584226
    1.800834725    0.006981161    0.014803836    0.004810620
    1.808013356    0.007798093    0.011644356    0.005224677
    1.815191987    0.011848816    0.009811190    0.008149260
    1.822370618    0.021986421    0.010644951    0.015756212
    1.829549249    0.041498640    0.015295854    0.030901739
    1.836727880    0.072794227    0.024361468    0.056261810
    1.843906511    0.115302116    0.037351566    0.092636981
    1.851085142    0.163626399    0.052237973    0.137020267
    1.858263773    0.207650814    0.065597646    0.181787911
    1.865442404    0.235622918    0.073658457    0.216327214
    1.872621035    0.239225610    0.073900398    0.231081444
    1.879799666    0.217767931    0.066281360    0.222097947
    1.886978297    0.178770444    0.053261170    0.193337247
    1.894156928    0.134570256    0.038603274    0.155210599
    1.901335559    0.097163891    0.025755845    0.120202566
    1.908514190    0.074187475    0.016760608    0.098052652
    1.915692821    0.067519136    0.012093392    0.092726057
    1.922871452    0.074136210    0.011176551    0.101971749
    1.930050083    0.088076331    0.013028242    0.119023099
    1.937228715    0.102650317    0.016670391    0.135529884
    1.944407346    0.112514860    0.021241243    0.144754970
    1.951585977    0.115271914    0.026004492    0.144040290
    1.958764608    0.112136923    0.030500446    0.135678120
    1.965943239    0.107333321    0.034918136    0.125850536
    1.973121870    0.106294312    0.040458484    0.122050945
    1.980300501    0.113248427    0.049231702    0.129957312
    1.987479132    0.129103814    0.063347190    0.150881097
    1.994657763    0.150581775    0.083371988    0.180743558
    2.001836394    0.171159293    0.106977670    0.211102915
    2.009015025    0.183585624    0.128856693    0.232054799
    2.016193656    0.182891411    0.142463054    0.235981340
    2.023372287    0.168451860    0.142946002    0.220544147
    2.030550918    0.144105177    0.129613101    0.189482295
    2.037729549    0.116356897    0.106340984    0.150809532
    2.044908180    0.091708476    0.079678746    0.113398584
    2.052086811    0.074499421    0.055923194    0.083772906
    2.059265442    0.066129207    0.038916159    0.064576902
    2.066444073    0.065558614    0.029486408    0.054975863
    2.073622705    0.070363945    0.026259248    0.052164781
    2.080801336    0.077748366    0.026981576    0.052978124
    2.087979967    0.085421912    0.029686076    0.055076922
    2.095158598    0.092417768    0.033396499    0.057596925
    2.102337229    0.099543328    0.038252048    0.061136250
    2.109515860    0.108902154    0.045015959    0.066926458
    2.116694491    0.122404198    0.054188356    0.075422273
    2.123873122    0.140123704    0.065268256    0.085161644
    2.131051753    0.159730300    0.076699883    0.092864079
    2.138230384    0.177424172    0.086527944    0.094963623
    2.145409015    0.189555538    0.093197061    0.089643252
    2.152587646    0.193711361    0.095891496    0.077964285
    2.159766277    0.188885694    0.094395125    0.063335056
    2.166944908    0.175360026    0.088987493    0.049765706
    2.174123539    0.154907568    0.080724902    0.040096113
    2.181302170    0.131045003    0.071771104    0.035189171
    2.188480801    0.108527752    0.065076498    0.034313228
    2.195659432    0.091845829    0.063157307    0.036248676
    2.202838063    0.083498980    0.066603435    0.040391631
    2.210016694    0.083200896    0.073416814    0.047251645
    2.217195326    0.088549015    0.079891119    0.058079837
    2.224373957    0.096727316    0.082731657    0.073798966
    2.231552588    0.106297795    0.081193048    0.093841787
    2.238731219    0.118329275    0.077859348    0.115742338
    2.245909850    0.136568647    0.077460723    0.136070089
    2.253088481    0.166498946    0.084307642    0.152453236
    2.260267112    0.213010066    0.099762048    0.165468607
    2.267445743    0.276811357    0.121188984    0.178920408
    2.274624374    0.351050703    0.143069203    0.197903141
    2.281803005    0.420804299    0.159788884    0.225517634
    2.288981636    0.467315997    0.168668424    0.260153937
    2.296160267    0.475761470    0.171665319    0.295167699
    2.303338898    0.442222891    0.175008057    0.321517645
    2.310517529    0.375500910    0.187139458    0.332085690
    2.317696160    0.292799514    0.215920917    0.325113751
    2.324874791    0.212348128    0.265932296    0.304614557
    2.332053422    0.147370654    0.336463200    0.277715192
    2.339232053    0.103867649    0.420755842    0.251011374
    2.346410684    0.081669573    0.506872354    0.228305841
    2.353589316    0.076672187    0.579991355    0.210517579
    2.360767947    0.082711519    0.625523742    0.196833920
    2.367946578    0.092938086    0.632601785    0.185872462
    2.375125209    0.101271337    0.597562191    0.176452471
    2.382303840    0.104079108    0.526246021    0.168156602
    2.389482471    0.101363181    0.433184263    0.161584592
    2.396661102    0.096496193    0.336841366    0.157857387
    2.403839733    0.094313011    0.252905117    0.157405232
    2.411018364    0.098501128    0.189439361    0.158971154
    2.418196995    0.109786261    0.146433580    0.159875991
    2.425375626    0.125908521    0.119038211    0.157539731
    2.432554257    0.143223303    0.101606852    0.151070976
    2.439732888    0.158798083    0.090111240    0.141678559
    2.446911519    0.171738895    0.082434403    0.131776365
    2.454090150    0.183133946    0.077509233    0.123803914
    2.461268781    0.194896922    0.074434472    0.119904741
    2.468447412    0.208377050    0.072102388    0.122691348
    2.475626043    0.223639638    0.069337955    0.136230636
    2.482804674    0.239808256    0.065369697    0.165915406
    2.489983306    0.256006076    0.060431248    0.216332574
    2.497161937    0.271851367    0.056227888    0.287523197
    2.504340568    0.286884366    0.055933465    0.371714499
    2.511519199    0.299578762    0.063440651    0.453481158
    2.518697830    0.307342955    0.081817658    0.514835276
    2.525876461    0.308018792    0.111331001    0.543078741
    2.533055092    0.301676999    0.147930167    0.536343508
    2.540233723    0.291050207    0.183412094    0.502963707
    2.547412354    0.280358476    0.207969581    0.455719118
    2.554590985    0.273831944    0.214325159    0.405920931
    2.561769616    0.275119397    0.201177530    0.361432390
    2.568948247    0.287423782    0.173762610    0.328368897
    2.576126878    0.313414748    0.141246953    0.313075113
    2.583305509    0.354396166    0.112830210    0.321604710
    2.590484140    0.408975569    0.094919544    0.356764236
    2.597662771    0.471889653    0.090362021    0.414963096
    2.604841402    0.533867597    0.099052732    0.485434510
    2.612020033    0.583401036    0.118757383    0.553191524
    2.619198664    0.610384246    0.145686543    0.604996465
    2.626377295    0.610009463    0.175156826    0.635558529
    2.633555927    0.584659439    0.202730957    0.650440479
    2.640734558    0.542816064    0.225622876    0.663485159
    2.647913189    0.495960913    0.243610488    0.689355390
    2.655091820    0.455184089    0.258866817    0.734665531
    2.662270451    0.428590906    0.274913667    0.792753820
    2.669449082    0.419839939    0.295452021    0.845930301
    2.676627713    0.427841787    0.323420541    0.874561111
    2.683806344    0.447430224    0.359837316    0.867188429
    2.690984975    0.470661122    0.402185959    0.824786771
    2.698163606    0.488661679    0.443519951    0.757079952
    2.705342237    0.494236541    0.474179288    0.675316374
    2.712520868    0.484823390    0.486252924    0.587747417
    2.719699499    0.464169036    0.477920091    0.500080590
    2.726878130    0.440960559    0.454080048    0.418215599
    2.734056761    0.424505049    0.422746042    0.349450977
    2.741235392    0.419977339    0.390671632    0.301018217
    2.748414023    0.426394864    0.362402967    0.277760227
    2.755592654    0.438660518    0.343711574    0.281408652
    2.762771285    0.452308934    0.346478624    0.312328589
    2.769949917    0.467990623    0.390796034    0.372361678
    2.777128548    0.492926048    0.501313148    0.465987491
    2.784307179    0.538056353    0.697033961    0.597381168
    2.791485810    0.611727787    0.976721665    0.763428328
    2.798664441    0.712868965    1.306505832    0.946541324
    2.805843072    0.827755978    1.619838607    1.113618729
    2.813021703    0.933426896    1.836955673    1.225574050
    2.820200334    1.007544153    1.899460883    1.255222928
    2.827378965    1.040861443    1.803250939    1.204556007
    2.834557596    1.046828512    1.611475993    1.111658983
    2.841736227    1.063786545    1.440796282    1.043637468
    2.848914858    1.147053106    1.427478222    1.078719045
    2.856093489    1.350046543    1.683484465    1.282310354
    2.863272120    1.697316364    2.250006465    1.680302230
    2.870450751    2.159600937    3.059691396    2.235569742
    2.877629382    2.647624462    3.930286045    2.841048545
    2.884808013    3.037582369    4.612761817    3.344210070
    2.891986644    3.222660233    4.889208881    3.602806975
    2.899165275    3.162844728    4.673920914    3.547005922
    2.906343907    2.900904731    4.055533736    3.211012502
    2.913522538    2.534566548    3.252395961    2.713736815
    2.920701169    2.166301976    2.511902565    2.202014653
    2.927879800    1.864580344    2.015720975    1.792487072
    2.935058431    1.654480435    1.834157281    1.541888233
    2.942237062    1.529906938    1.931484583    1.450356430
    2.949415693    1.469147672    2.200729199    1.482564561
    2.956594324    1.444866482    2.511061862    1.589857595
    2.963772955    1.432591952    2.760900508    1.726554767
    2.970951586    1.422654017    2.924997214    1.861512784
    2.978130217    1.430850816    3.071491778    1.986052782
    2.985308848    1.496523275    3.328170647    2.115336162
    2.992487479    1.662336593    3.805493750    2.278887149
    2.999666110    1.944134451    4.520333940    2.500647340
    3.006844741    2.310190646    5.377750007    2.777901728
    3.014023372    2.687528168    6.237794114    3.074585282
    3.021202003    2.997671993    7.031350869    3.339642823
    3.028380634    3.204304980    7.839567190    3.544860077
    3.035559265    3.345375747    8.866538943    3.720743543
    3.042737896    3.530766380   10.316377776    3.967611862
    3.049916528    3.906459152   12.265100676    4.432484546
    3.057095159    4.600555127   14.614450351    5.257582914
    3.064273790    5.668517788   17.129589412    6.515172385
    3.071452421    7.054499793   19.491961741    8.151937154
    3.078631052    8.589788397   21.325921109    9.975832153
    3.085809683   10.043704447   22.241231703   11.710475429
    3.092988314   11.209584675   21.948503087   13.101010783
    3.100166945   11.969382672   20.410733720   14.009070580
    3.107345576   12.286755718   17.906396722   14.439240830
    3.114524207   12.144567682   14.924938392   14.503682596
    3.121702838   11.504289217   11.958989965   14.383471146
    3.128881469   10.344458611    9.340087989   14.315256200
    3.136060100    8.745534676    7.204086774   14.555717560
    3.143238731    6.928435604    5.552952635   15.265605000
    3.150417362    5.192450343    4.328504073   16.351429884
    3.157595993    3.791749071    3.452574260   17.403852684
    3.164774624    2.840373018    2.842464945   17.842159782
    3.171953255    2.302998037    2.422522088   17.213844415
    3.179131886    2.058790810    2.134755660   15.457809874
    3.186310518    1.983417731    1.941583664   12.957892732
    3.193489149    2.000463546    1.821102756   10.368757922
    3.200667780    2.085958241    1.762583971    8.341260511
    3.207846411    2.239739624    1.766128427    7.297390470
    3.215025042    2.451326279    1.842292251    7.327170284
    3.222203673    2.685084758    2.005410942    8.199532270
    3.229382304    2.894765618    2.260013634    9.455593854
    3.236560935    3.058843854    2.587655342   10.563004033
    3.243739566    3.214068212    2.944996302   11.102173989
    3.250918197    3.461376802    3.278422817   10.920280178
    3.258096828    3.928826421    3.547717650   10.172586621
    3.265275459    4.699938417    3.742240700    9.216703079
    3.272454090    5.744563561    3.879331683    8.416205252
    3.279632721    6.902915616    3.992412206    7.972682350
    3.286811352    7.951204446    4.125804774    7.881838402
    3.293989983    8.724265087    4.341541266    8.017330837
    3.301168614    9.226899493    4.722784928    8.264153474
    3.308347245    9.672747434    5.354150518    8.615101753
    3.315525876   10.440990049    6.279672809    9.197960658
    3.322704508   11.983280139    7.466568827   10.250373719
    3.329883139   14.706725678    8.810637024   12.058138512
    3.337061770   18.829572909   10.193459820   14.846584498
    3.344240401   24.216328757   11.554201157   18.625461817
    3.351419032   30.263857144   12.908776295   23.051145934
    3.358597663   35.960092123   14.279422975   27.421716047
    3.365776294   40.181084241   15.582936440   30.877665554
    3.372954925   42.129291933   16.588910539   32.742370638
    3.380133556   41.673534884   17.018027363   32.810594950
    3.387312187   39.376886625   16.723215610   31.404740872
    3.394490818   36.201310125   15.807273975   29.176076733
    3.401669449   33.093044523   14.576875886   26.801347078
    3.408848080   30.697794962   13.370410662   24.767601876
    3.416026711   29.309875548   12.390429400   23.330520822
    3.423205342   28.977624243   11.646088178   22.590747084
    3.430383973   29.624973939   11.015647040   22.581378914
    3.437562604   31.114463287   10.364213692   23.307695996
    3.444741235   33.262448385    9.636312065   24.745700489
    3.451919866   35.844561213    8.873066712   26.827589359
    3.459098497   38.613153511    8.156677817   29.430703452
    3.466277129   41.329051628    7.534596166   32.375283019
    3.473455760   43.794424268    6.987096198   35.431531050
    3.480634391   45.863302352    6.459651750   38.332864428
    3.487813022   47.423130653    5.922569019   40.797797710
    3.494991653   48.384136098    5.403082387   42.578463265
    3.502170284   48.730781657    4.971869420   43.553629952
    3.509348915   48.635425359    4.709424630   43.845322195
    3.516527546   48.542815024    4.681860789   43.881230423
    3.523706177   49.100760310    4.928719896   44.309104458
    3.530884808   50.898508158    5.449228682   45.740657020
    3.538063439   54.134005462    6.186138890   48.436290863
    3.545242070   58.430587361    7.025063470   52.130872566
    3.552420701   62.952111558    7.824790397   56.137044630
    3.559599332   66.755840009    8.471950569   59.665299310
    3.566777963   69.148338519    8.933019660   62.135409763
    3.573956594   69.827384255    9.272029439   63.279099348
    3.581135225   68.781146103    9.614419558   63.025381803
    3.588313856   66.099607367   10.064469571   61.334646959
    3.595492487   61.880762667   10.618497695   58.153742377
    3.602671119   56.290527241   11.134139426   53.522641235
    3.609849750   49.690623385   11.390337299   47.721736042
    3.617028381   42.703739066   11.210014148   41.327579212
    3.624207012   36.150557183   10.566355946   35.133173571
    3.631385643   30.885043680    9.600715758   29.981678303
    3.638564274   27.596490826    8.542243556   26.584078424
    3.645742905   26.640658299    7.586585324   25.364296061
    3.652921536   27.951256543    6.812555842   26.362219757
    3.660100167   31.077129923    6.180200241   29.236874491
    3.667278798   35.359056238    5.593555852   33.401668733
    3.674457429   40.186986342    4.974103277   38.258228361
    3.681636060   45.199507975    4.299739638   43.405072837
    3.688814691   50.275341422    3.601344769   48.663509464
    3.695993322   55.281323351    2.937547396   53.860581453
    3.703171953   59.751305965    2.369613709   58.519172690
    3.710350584   62.808631363    1.944511475   61.762516836
    3.717529215   63.517731237    1.685324243   62.637430036
    3.724707846   61.479195167    1.588860327   60.699164971
    3.731886477   57.190627152    1.631317799   56.394345765
    3.739065109   51.820302255    1.778532021   50.875107130
    3.746243740   46.527434388    1.993018009   45.346184485
    3.753422371   41.855704476    2.233293324   40.447114492
    3.760601002   37.640349645    2.450265243   36.113086070
    3.767779633   33.408093082    2.590679982   31.922945631
    3.774958264   28.875893890    2.611751531   27.573806581
    3.782136895   24.180432071    2.499130452   23.127597721
    3.789315526   19.774484547    2.274711032   18.950963574
    3.796494157   16.171919103    1.987681488   15.500610343
    3.803672788   13.736653256    1.695007873   13.127387819
    3.810851419   12.585653838    1.444043817   11.968043695
    3.818030050   12.578737450    1.265347861   11.912971599
    3.825208681   13.356306457    1.174272704   12.628388290
    3.832387312   14.413854150    1.174635402   13.628552700
    3.839565943   15.215232009    1.259730022   14.394813358
    3.846744574   15.331119989    1.411082737   14.518171573
    3.853923205   14.560202576    1.598511664   13.817079921
    3.861101836   12.976943309    1.784440521   12.375794874
    3.868280467   10.875951533    1.932428319   10.479410464
    3.875459098    8.640595939    2.016879421    8.479618836
    3.882637730    6.607377641    2.029638276    6.666059023
    3.889816361    4.988437729    1.980264067    5.204165931
    3.896994992    3.864182500    1.889812743    4.145148441
    3.904173623    3.215160784    1.781647193    3.468885694
    3.911352254    2.958128084    1.674861516    3.119673762
    3.918530885    2.973228548    1.583973896    3.023612169
    3.925709516    3.127405716    1.523108594    3.099251428
    3.932888147    3.300329129    1.508756658    3.272610838
    3.940066778    3.410735033    1.557193527    3.493392681
    3.947245409    3.434248587    1.679146503    3.739347948
    3.954424040    3.403138536    1.877844410    4.000463259
    3.961602671    3.384169210    2.152277933    4.251258955
    3.968781302    3.440879301    2.499589826    4.434224701
    3.975959933    3.596513120    2.908537420    4.474186169
    3.983138564    3.816880125    3.344568620    4.319722568
    3.990317195    4.024520631    3.739800353    3.982460212
    3.997495826    4.138935598    4.004744407    3.542721620
    4.004674457    4.121378604    4.065116802    3.114932453
    4.011853088    3.998413821    3.904573246    2.796393476
    4.019031720    3.851031071    3.582944695    2.632383502
    4.026210351    3.777024596    3.212989189    2.613863655
    4.033388982    3.847730155    2.907927527    2.698898746
    4.040567613    4.078527365    2.732533982    2.836638132
    4.047746244    4.422640476    2.685767206    2.979876301
    4.054924875    4.789375246    2.719186381    3.088024829
    4.062103506    5.081312207    2.773368524    3.130743088
    4.069282137    5.236361118    2.809299811    3.097165255
    4.076460768    5.254552650    2.822156568    3.004584115
    4.083639399    5.195725216    2.839023450    2.896449860
    4.090818030    5.151530270    2.909138670    2.827018576
    4.097996661    5.208389360    3.093274880    2.841570185
    4.105175292    5.417047617    3.453713886    2.966259856
    4.112353923    5.776947398    4.044712067    3.215956054
    4.119532554    6.241958345    4.906164668    3.614833941
    4.126711185    6.754553381    6.064120171    4.210313254
    4.133889816    7.304228086    7.535044279    5.056634350
    4.141068447    7.981809594    9.320872457    6.160496818
    4.148247078    8.983768792   11.382774418    7.416081058
    4.155425710   10.531522608   13.599640907    8.585146501
    4.162604341   12.715502884   15.738954023    9.364354224
    4.169782972   15.336718425   17.471763001    9.520709277
    4.176961603   17.861000387   18.445007858    9.013464378
    4.184140234   19.571401395   18.395888016    8.018947164
    4.191318865   19.884664985   17.266430491    6.843430928
    4.198497496   18.658338789   15.261176218    5.788267913
    4.205676127   16.283099113   12.803623880    5.051851200
    4.212854758   13.487108510   10.396868736    4.706365722
    4.220033389   10.978570308    8.453380804    4.726522833
    4.227212020    9.151545822    7.178084826    5.025632167
    4.234390651    8.008034290    6.550324323    5.476882800
    4.241569282    7.288849231    6.390823023    5.930169358
    4.248747913    6.690228334    6.467430585    6.244000300
    4.255926544    6.034177536    6.598105143    6.334289748
    4.263105175    5.327266019    6.725859172    6.217820528
    4.270283806    4.718852326    6.946042890    6.019143081
    4.277462437    4.409575666    7.465654803    5.922355000
    4.284641068    4.557149256    8.488224585    6.077807803
    4.291819699    5.202594602   10.057373595    6.505796834
    4.298998331    6.226930145   11.939393124    7.055581388
    4.306176962    7.355159267   13.636911250    7.458544007
    4.313355593    8.228208671   14.567659673    7.458506947
    4.320534224    8.536099260   14.333635014    6.945172818
    4.327712855    8.155671420   12.925611895    6.007871430
    4.334891486    7.212115409   10.733420843    4.880860142
    4.342070117    6.021821993    8.357527986    3.825250759
    4.349248748    4.950302143    6.344654126    3.024825174
    4.356427379    4.267983218    4.999842888    2.544864940
    4.363606010    4.071915283    4.350685656    2.350995133
    4.370784641    4.288827181    4.234145104    2.354881656
    4.377963272    4.735428484    4.422668521    2.456990393
    4.385141903    5.205292632    4.721223514    2.573810881
    4.392320534    5.558989557    5.013355078    2.648865480
    4.399499165    5.793390495    5.268946513    2.651575549
    4.406677796    6.059929613    5.531903062    2.570885463
    4.413856427    6.608217433    5.893084729    2.411009707
    4.421035058    7.660283703    6.445704760    2.191648698
    4.428213689    9.263149459    7.232727439    1.947990008
    4.435392321   11.200207419    8.219354028    1.724727086
    4.442570952   13.034159153    9.326107025    1.564565957
    4.449749583   14.287468698   10.515393875    1.497389000
    4.456928214   14.668811485   11.860328827    1.534692630
    4.464106845   14.203941471   13.506654491    1.668282825
    4.471285476   13.187006519   15.513214426    1.870687216
    4.478464107   11.997402347   17.679103333    2.099152273
    4.485642738   10.915143404   19.518243855    2.308119453
    4.492821369   10.041917483   20.448631374    2.469619890
    4.500000000    9.337352086   20.088669896    2.590354403
