# energy grid [eV]     epsi_x  epsi_y  epsi_z
#
    0.200000000    0.000000000    0.000000000    0.000000000
    0.207178631    0.000000000    0.000000000    0.000000000
    0.214357262    0.000000000    0.000000000    0.000000000
    0.221535893    0.000000000    0.000000000    0.000000000
    0.228714524    0.000000000    0.000000000    0.000000000
    0.235893155    0.000000000    0.000000000    0.000000000
    0.243071786    0.000000000    0.000000000    0.000000000
    0.250250417    0.000000000    0.000000000    0.000000000
    0.257429048    0.000000000    0.000000000    0.000000000
    0.264607679    0.000000000    0.000000000    0.000000000
    0.271786311    0.000000000    0.000000000    0.000000000
    0.278964942    0.000000000    0.000000000    0.000000000
    0.286143573    0.000000000    0.000000000    0.000000000
    0.293322204    0.000000000    0.000000000    0.000000000
    0.300500835    0.000000000    0.000000000    0.000000000
    0.307679466    0.000000000    0.000000000    0.000000000
    0.314858097    0.000000000    0.000000000    0.000000000
    0.322036728    0.000000000    0.000000000    0.000000000
    0.329215359    0.000000000    0.000000000    0.000000000
    0.336393990    0.000000000    0.000000000    0.000000000
    0.343572621    0.000000000    0.000000000    0.000000000
    0.350751252    0.000000000    0.000000000    0.000000000
    0.357929883    0.000000000    0.000000000    0.000000000
    0.365108514    0.000000000    0.000000000    0.000000000
    0.372287145    0.000000000    0.000000000    0.000000000
    0.379465776    0.000000000    0.000000000    0.000000000
    0.386644407    0.000000000    0.000000000    0.000000000
    0.393823038    0.000000000    0.000000000    0.000000000
    0.401001669    0.000000000    0.000000000    0.000000000
    0.408180301    0.000000000    0.000000000    0.000000000
    0.415358932    0.000000000    0.000000000    0.000000000
    0.422537563    0.000000000    0.000000000    0.000000000
    0.429716194    0.000000000    0.000000000    0.000000000
    0.436894825    0.000000000    0.000000000    0.000000000
    0.444073456    0.000000000    0.000000000    0.000000000
    0.451252087    0.000000000    0.000000000    0.000000000
    0.458430718    0.000000000    0.000000000    0.000000000
    0.465609349    0.000000000    0.000000000    0.000000000
    0.472787980    0.000000000    0.000000000    0.000000000
    0.479966611    0.000000000    0.000000000    0.000000000
    0.487145242    0.000000000    0.000000000    0.000000000
    0.494323873    0.000000000    0.000000000    0.000000000
    0.501502504    0.000000000    0.000000000    0.000000000
    0.508681135    0.000000000    0.000000000    0.000000000
    0.515859766    0.000000000    0.000000000    0.000000000
    0.523038397    0.000000000    0.000000000    0.000000000
    0.530217028    0.000000000    0.000000000    0.000000000
    0.537395659    0.000000000    0.000000000    0.000000000
    0.544574290    0.000000000    0.000000000    0.000000000
    0.551752922    0.000000001    0.000000000    0.000000000
    0.558931553    0.000000002    0.000000000    0.000000001
    0.566110184    0.000000004    0.000000000    0.000000002
    0.573288815    0.000000009    0.000000000    0.000000005
    0.580467446    0.000000018    0.000000000    0.000000010
    0.587646077    0.000000032    0.000000000    0.000000020
    0.594824708    0.000000050    0.000000000    0.000000034
    0.602003339    0.000000070    0.000000000    0.000000054
    0.609181970    0.000000087    0.000000000    0.000000075
    0.616360601    0.000000099    0.000000001    0.000000093
    0.623539232    0.000000103    0.000000002    0.000000103
    0.630717863    0.000000099    0.000000004    0.000000103
    0.637896494    0.000000091    0.000000010    0.000000092
    0.645075125    0.000000084    0.000000021    0.000000076
    0.652253756    0.000000083    0.000000040    0.000000061
    0.659432387    0.000000087    0.000000070    0.000000053
    0.666611018    0.000000096    0.000000112    0.000000055
    0.673789649    0.000000105    0.000000161    0.000000070
    0.680968280    0.000000113    0.000000212    0.000000094
    0.688146912    0.000000118    0.000000255    0.000000125
    0.695325543    0.000000125    0.000000283    0.000000157
    0.702504174    0.000000135    0.000000291    0.000000188
    0.709682805    0.000000151    0.000000278    0.000000214
    0.716861436    0.000000170    0.000000249    0.000000231
    0.724040067    0.000000188    0.000000207    0.000000236
    0.731218698    0.000000196    0.000000161    0.000000226
    0.738397329    0.000000192    0.000000115    0.000000202
    0.745575960    0.000000174    0.000000075    0.000000166
    0.752754591    0.000000145    0.000000045    0.000000125
    0.759933222    0.000000112    0.000000024    0.000000085
    0.767111853    0.000000079    0.000000012    0.000000053
    0.774290484    0.000000052    0.000000005    0.000000030
    0.781469115    0.000000031    0.000000002    0.000000015
    0.788647746    0.000000017    0.000000001    0.000000007
    0.795826377    0.000000009    0.000000000    0.000000003
    0.803005008    0.000000004    0.000000000    0.000000001
    0.810183639    0.000000002    0.000000000    0.000000000
    0.817362270    0.000000001    0.000000000    0.000000000
    0.824540902    0.000000000    0.000000000    0.000000000
    0.831719533    0.000000000    0.000000000    0.000000000
    0.838898164    0.000000000    0.000000000    0.000000000
    0.846076795    0.000000000    0.000000000    0.000000000
    0.853255426    0.000000000    0.000000000    0.000000000
    0.860434057    0.000000000    0.000000000    0.000000000
    0.867612688    0.000000000    0.000000000    0.000000000
    0.874791319    0.000000000    0.000000000    0.000000000
    0.881969950    0.000000000    0.000000000    0.000000000
    0.889148581    0.000000000    0.000000000    0.000000000
    0.896327212    0.000000000    0.000000000    0.000000000
    0.903505843    0.000000000    0.000000000    0.000000000
    0.910684474    0.000000000    0.000000000    0.000000000
    0.917863105    0.000000000    0.000000000    0.000000000
    0.925041736    0.000000000    0.000000000    0.000000000
    0.932220367    0.000000000    0.000000000    0.000000000
    0.939398998    0.000000000    0.000000000    0.000000000
    0.946577629    0.000000000    0.000000000    0.000000000
    0.953756260    0.000000000    0.000000000    0.000000000
    0.960934891    0.000000000    0.000000000    0.000000000
    0.968113523    0.000000000    0.000000000    0.000000000
    0.975292154    0.000000000    0.000000000    0.000000000
    0.982470785    0.000000000    0.000000000    0.000000000
    0.989649416    0.000000000    0.000000000    0.000000000
    0.996828047    0.000000000    0.000000000    0.000000000
    1.004006678    0.000000000    0.000000000    0.000000000
    1.011185309    0.000000000    0.000000000    0.000000000
    1.018363940    0.000000000    0.000000000    0.000000000
    1.025542571    0.000000000    0.000000000    0.000000000
    1.032721202    0.000000000    0.000000000    0.000000000
    1.039899833    0.000000000    0.000000000    0.000000000
    1.047078464    0.000000000    0.000000000    0.000000000
    1.054257095    0.000000000    0.000000000    0.000000000
    1.061435726    0.000000000    0.000000000    0.000000000
    1.068614357    0.000000000    0.000000000    0.000000000
    1.075792988    0.000000000    0.000000000    0.000000000
    1.082971619    0.000000000    0.000000000    0.000000000
    1.090150250    0.000000000    0.000000000    0.000000000
    1.097328881    0.000000000    0.000000000    0.000000000
    1.104507513    0.000000000    0.000000000    0.000000000
    1.111686144    0.000000000    0.000000000    0.000000000
    1.118864775    0.000000000    0.000000000    0.000000000
    1.126043406    0.000000000    0.000000000    0.000000000
    1.133222037    0.000000000    0.000000000    0.000000000
    1.140400668    0.000000000    0.000000000    0.000000000
    1.147579299    0.000000000    0.000000000    0.000000000
    1.154757930    0.000000000    0.000000000    0.000000000
    1.161936561    0.000000000    0.000000000    0.000000000
    1.169115192    0.000000000    0.000000000    0.000000000
    1.176293823    0.000000000    0.000000000    0.000000000
    1.183472454    0.000000000    0.000000000    0.000000000
    1.190651085    0.000000000    0.000000000    0.000000000
    1.197829716    0.000000000    0.000000000    0.000000000
    1.205008347    0.000000000    0.000000000    0.000000000
    1.212186978    0.000000000    0.000000000    0.000000000
    1.219365609    0.000000000    0.000000000    0.000000000
    1.226544240    0.000000000    0.000000000    0.000000000
    1.233722871    0.000000000    0.000000000    0.000000000
    1.240901503    0.000000000    0.000000000    0.000000000
    1.248080134    0.000000000    0.000000000    0.000000000
    1.255258765    0.000000000    0.000000000    0.000000000
    1.262437396    0.000000000    0.000000000    0.000000000
    1.269616027    0.000000000    0.000000000    0.000000000
    1.276794658    0.000000000    0.000000000    0.000000000
    1.283973289    0.000000000    0.000000000    0.000000000
    1.291151920    0.000000000    0.000000000    0.000000000
    1.298330551    0.000000000    0.000000000    0.000000000
    1.305509182    0.000000000    0.000000000    0.000000000
    1.312687813    0.000000000    0.000000000    0.000000000
    1.319866444    0.000000000    0.000000000    0.000000000
    1.327045075    0.000000000    0.000000000    0.000000000
    1.334223706    0.000000000    0.000000000    0.000000000
    1.341402337    0.000000000    0.000000000    0.000000000
    1.348580968    0.000000000    0.000000000    0.000000000
    1.355759599    0.000000000    0.000000000    0.000000000
    1.362938230    0.000000000    0.000000000    0.000000000
    1.370116861    0.000000000    0.000000000    0.000000000
    1.377295492    0.000000000    0.000000000    0.000000000
    1.384474124    0.000000000    0.000000000    0.000000000
    1.391652755    0.000000000    0.000000000    0.000000000
    1.398831386    0.000000000    0.000000000    0.000000000
    1.406010017    0.000000000    0.000000000    0.000000000
    1.413188648    0.000000000    0.000000000    0.000000000
    1.420367279    0.000000000    0.000000000    0.000000000
    1.427545910    0.000000000    0.000000000    0.000000000
    1.434724541    0.000000000    0.000000000    0.000000000
    1.441903172    0.000000000    0.000000000    0.000000000
    1.449081803    0.000000000    0.000000000    0.000000000
    1.456260434    0.000000000    0.000000000    0.000000000
    1.463439065    0.000000000    0.000000000    0.000000000
    1.470617696    0.000000000    0.000000000    0.000000000
    1.477796327    0.000000000    0.000000000    0.000000000
    1.484974958    0.000000000    0.000000000    0.000000000
    1.492153589    0.000000000    0.000000000    0.000000000
    1.499332220    0.000000001    0.000000000    0.000000000
    1.506510851    0.000000001    0.000000000    0.000000000
    1.513689482    0.000000001    0.000000001    0.000000001
    1.520868114    0.000000001    0.000000001    0.000000001
    1.528046745    0.000000001    0.000000001    0.000000001
    1.535225376    0.000000002    0.000000002    0.000000002
    1.542404007    0.000000007    0.000000005    0.000000007
    1.549582638    0.000000023    0.000000015    0.000000022
    1.556761269    0.000000067    0.000000045    0.000000066
    1.563939900    0.000000181    0.000000122    0.000000178
    1.571118531    0.000000441    0.000000297    0.000000433
    1.578297162    0.000000969    0.000000651    0.000000950
    1.585475793    0.000001919    0.000001283    0.000001880
    1.592654424    0.000003435    0.000002284    0.000003363
    1.599833055    0.000005564    0.000003675    0.000005447
    1.607011686    0.000008167    0.000005351    0.000008003
    1.614190317    0.000010878    0.000007064    0.000010682
    1.621368948    0.000013163    0.000008467    0.000012973
    1.628547579    0.000014491    0.000009234    0.000014353
    1.635726210    0.000014535    0.000009191    0.000014492
    1.642904841    0.000013324    0.000008410    0.000013393
    1.650083472    0.000011241    0.000007197    0.000011405
    1.657262104    0.000008878    0.000005975    0.000009093
    1.664440735    0.000006805    0.000005132    0.000007018
    1.671619366    0.000005383    0.000004873    0.000005549
    1.678797997    0.000004680    0.000005156    0.000004769
    1.685976628    0.000004513    0.000005724    0.000004513
    1.693155259    0.000004581    0.000006230    0.000004499
    1.700333890    0.000004624    0.000006390    0.000004484
    1.707512521    0.000004531    0.000006115    0.000004367
    1.714691152    0.000004377    0.000005546    0.000004213
    1.721869783    0.000004366    0.000005005    0.000004203
    1.729048414    0.000004733    0.000004862    0.000004541
    1.736227045    0.000005643    0.000005414    0.000005378
    1.743405676    0.000007127    0.000006786    0.000006755
    1.750584307    0.000009067    0.000008900    0.000008588
    1.757762938    0.000011224    0.000011516    0.000010682
    1.764941569    0.000013297    0.000014316    0.000012776
    1.772120200    0.000014995    0.000016991    0.000014603
    1.779298831    0.000016090    0.000019280    0.000015941
    1.786477462    0.000016451    0.000020940    0.000016629
    1.793656093    0.000016047    0.000021721    0.000016571
    1.800834725    0.000014951    0.000021392    0.000015750
    1.808013356    0.000013331    0.000019854    0.000014267
    1.815191987    0.000011446    0.000017252    0.000012359
    1.822370618    0.000009596    0.000013991    0.000010355
    1.829549249    0.000008045    0.000010608    0.000008562
    1.836727880    0.000006920    0.000007587    0.000007144
    1.843906511    0.000006167    0.000005212    0.000006089
    1.851085142    0.000005592    0.000003537    0.000005261
    1.858263773    0.000004981    0.000002449    0.000004509
    1.865442404    0.000004211    0.000001771    0.000003749
    1.872621035    0.000003300    0.000001332    0.000002974
    1.879799666    0.000002364    0.000001012    0.000002229
    1.886978297    0.000001538    0.000000748    0.000001568
    1.894156928    0.000000907    0.000000521    0.000001028
    1.901335559    0.000000485    0.000000335    0.000000625
    1.908514190    0.000000235    0.000000196    0.000000349
    1.915692821    0.000000103    0.000000104    0.000000179
    1.922871452    0.000000042    0.000000049    0.000000083
    1.930050083    0.000000015    0.000000021    0.000000035
    1.937228715    0.000000005    0.000000008    0.000000013
    1.944407346    0.000000002    0.000000003    0.000000004
    1.951585977    0.000000000    0.000000001    0.000000001
    1.958764608    0.000000000    0.000000000    0.000000000
    1.965943239    0.000000000    0.000000000    0.000000000
    1.973121870    0.000000000    0.000000000    0.000000000
    1.980300501    0.000000000    0.000000000    0.000000000
    1.987479132    0.000000000    0.000000000    0.000000000
    1.994657763    0.000000000    0.000000000    0.000000000
    2.001836394    0.000000000    0.000000000    0.000000000
    2.009015025    0.000000000    0.000000000    0.000000000
    2.016193656    0.000000000    0.000000000    0.000000000
    2.023372287    0.000000000    0.000000000    0.000000000
    2.030550918    0.000000000    0.000000000    0.000000000
    2.037729549    0.000000000    0.000000000    0.000000000
    2.044908180    0.000000000    0.000000000    0.000000000
    2.052086811    0.000000000    0.000000000    0.000000000
    2.059265442    0.000000000    0.000000000    0.000000000
    2.066444073    0.000000000    0.000000000    0.000000000
    2.073622705    0.000000000    0.000000000    0.000000000
    2.080801336    0.000000000    0.000000000    0.000000000
    2.087979967    0.000000000    0.000000000    0.000000000
    2.095158598    0.000000000    0.000000000    0.000000000
    2.102337229    0.000000000    0.000000000    0.000000000
    2.109515860    0.000000000    0.000000000    0.000000000
    2.116694491    0.000000000    0.000000000    0.000000000
    2.123873122    0.000000000    0.000000000    0.000000000
    2.131051753    0.000000000    0.000000000    0.000000000
    2.138230384    0.000000000    0.000000000    0.000000000
    2.145409015    0.000000000    0.000000000    0.000000000
    2.152587646    0.000000000    0.000000000    0.000000000
    2.159766277    0.000000000    0.000000000    0.000000000
    2.166944908    0.000000000    0.000000000    0.000000000
    2.174123539    0.000000000    0.000000000    0.000000000
    2.181302170    0.000000000    0.000000000    0.000000000
    2.188480801    0.000000000    0.000000000    0.000000000
    2.195659432    0.000000000    0.000000000    0.000000000
    2.202838063    0.000000000    0.000000000    0.000000000
    2.210016694    0.000000000    0.000000000    0.000000000
    2.217195326    0.000000000    0.000000000    0.000000000
    2.224373957    0.000000000    0.000000000    0.000000000
    2.231552588    0.000000000    0.000000000    0.000000000
    2.238731219    0.000000000    0.000000000    0.000000000
    2.245909850    0.000000000    0.000000000    0.000000000
    2.253088481    0.000000000    0.000000000    0.000000000
    2.260267112    0.000000000    0.000000000    0.000000000
    2.267445743    0.000000000    0.000000000    0.000000000
    2.274624374    0.000000000    0.000000000    0.000000000
    2.281803005    0.000000000    0.000000000    0.000000000
    2.288981636    0.000000001    0.000000000    0.000000001
    2.296160267    0.000000004    0.000000000    0.000000003
    2.303338898    0.000000011    0.000000001    0.000000008
    2.310517529    0.000000032    0.000000003    0.000000023
    2.317696160    0.000000081    0.000000007    0.000000057
    2.324874791    0.000000183    0.000000016    0.000000129
    2.332053422    0.000000369    0.000000031    0.000000262
    2.339232053    0.000000668    0.000000056    0.000000480
    2.346410684    0.000001092    0.000000091    0.000000799
    2.353589316    0.000001621    0.000000132    0.000001221
    2.360767947    0.000002209    0.000000175    0.000001735
    2.367946578    0.000002802    0.000000214    0.000002325
    2.375125209    0.000003363    0.000000248    0.000002982
    2.382303840    0.000003892    0.000000287    0.000003700
    2.389482471    0.000004412    0.000000357    0.000004468
    2.396661102    0.000004966    0.000000509    0.000005272
    2.403839733    0.000005609    0.000000828    0.000006119
    2.411018364    0.000006411    0.000001436    0.000007062
    2.418196995    0.000007434    0.000002470    0.000008182
    2.425375626    0.000008672    0.000004047    0.000009523
    2.432554257    0.000010019    0.000006212    0.000011039
    2.439732888    0.000011298    0.000008910    0.000012602
    2.446911519    0.000012382    0.000012000    0.000014104
    2.454090150    0.000013315    0.000015307    0.000015540
    2.461268781    0.000014323    0.000018690    0.000017007
    2.468447412    0.000015706    0.000022099    0.000018575
    2.475626043    0.000017666    0.000025583    0.000020203
    2.482804674    0.000020221    0.000029247    0.000021790
    2.489983306    0.000023266    0.000033146    0.000023361
    2.497161937    0.000026780    0.000037164    0.000025271
    2.504340568    0.000031064    0.000040977    0.000028271
    2.511519199    0.000036887    0.000044187    0.000033409
    2.518697830    0.000045371    0.000046552    0.000041779
    2.525876461    0.000057463    0.000048147    0.000054060
    2.533055092    0.000073123    0.000049277    0.000069891
    2.540233723    0.000090645    0.000050209    0.000087354
    2.547412354    0.000106714    0.000050957    0.000103066
    2.554590985    0.000117463    0.000051317    0.000113179
    2.561769616    0.000120090    0.000051071    0.000114954
    2.568948247    0.000114089    0.000050171    0.000107984
    2.576126878    0.000101338    0.000048748    0.000094306
    2.583305509    0.000085090    0.000047057    0.000077403
    2.590484140    0.000068589    0.000045470    0.000060815
    2.597662771    0.000054117    0.000044491    0.000047165
    2.604841402    0.000042748    0.000044684    0.000037843
    2.612020033    0.000034588    0.000046453    0.000033109
    2.619198664    0.000029162    0.000049817    0.000032287
    2.626377295    0.000025745    0.000054328    0.000033988
    2.633555927    0.000023677    0.000059180    0.000036507
    2.640734558    0.000022728    0.000063454    0.000038458
    2.647913189    0.000023642    0.000066391    0.000039592
    2.655091820    0.000029459    0.000067663    0.000042183
    2.662270451    0.000051569    0.000067743    0.000056590
    2.669449082    0.000143679    0.000069725    0.000133240
    2.676627713    0.000582531    0.000090999    0.000535377
    2.683806344    0.002720616    0.000229818    0.002560640
    2.690984975    0.012493716    0.000994377    0.011947144
    2.698163606    0.052900698    0.004721430    0.051108838
    2.705342237    0.202068647    0.020899079    0.196899869
    2.712520868    0.691406361    0.083438545    0.679448861
    2.719699499    2.114454209    0.298652252    2.096581786
    2.726878130    5.776109608    0.957508643    5.782588086
    2.734056761   14.094590648    2.750521058   14.255691302
    2.741235392   30.731988785    7.083748000   31.418775586
    2.748414023   59.909848109   16.370478127   61.922599683
    2.755592654  104.506986797   33.982907857  109.176178134
    2.762771285  163.328405085   63.442064096  172.275148623
    2.769949917  229.082255176  106.654369345  243.431003723
    2.777128548  289.043851245  161.680459967  308.240840255
    2.784307179  329.140534579  221.309279254  350.071702039
    2.791485810  339.735399273  273.870689020  357.045196313
    2.798664441  319.780080036  306.734004570  327.694311566
    2.805843072  276.942916493  311.211122832  271.725673483
    2.813021703  224.096670586  286.366090429  205.528945176
    2.820200334  174.644397503  239.614449708  145.463338926
    2.827378965  138.964007231  183.845067504  102.749418193
    2.834557596  122.620592153  132.772592780   81.841594026
    2.841736227  125.875232754   96.896892447   81.637934971
    2.848914858  144.153617256   81.496872788   97.781885113
    2.856093489  169.626409420   86.539223881  124.715203411
    2.863272120  193.818315199  107.592616904  156.933875976
    2.870450751  210.309688960  137.214123526  189.368365629
    2.877629382  216.202080584  166.951078668  217.142495734
    2.884808013  211.770765875  189.950880890  235.387893665
    2.891986644  199.003382796  203.179290765  239.883480719
    2.899165275  180.266859839  207.699347916  228.566585893
    2.906343907  157.740407017  206.495632873  202.881198415
    2.913522538  133.356199747  201.354458857  167.674076578
    2.920701169  108.768057387  191.318269711  129.395186894
    2.927879800   85.260611504  173.956056673   93.721782041
    2.935058431   63.774933343  148.205608936   64.050343766
    2.942237062   45.055731519  116.247417806   41.409212742
    2.949415693   29.711528435   82.921710538   25.275615246
    2.956594324   18.081420127   53.379920848   14.470143443
    2.963772955   10.057630046   30.869887216    7.697291201
    2.970951586    5.075802101   15.995740653    3.767253758
    2.978130217    2.311802767    7.415529823    1.681839128
    2.985308848    0.946778934    3.073148356    0.680282393
    2.992487479    0.347852142    1.137938733    0.248126584
    2.999666110    0.114725755    0.376378499    0.081511201
    3.006844741    0.035224762    0.111179640    0.024975074
    3.014023372    0.015941572    0.029327222    0.011375018
    3.021202003    0.031077273    0.006907822    0.022855380
    3.028380634    0.106439795    0.001453929    0.080464736
    3.035559265    0.345803250    0.000278775    0.268163089
    3.042737896    1.005741445    0.000075162    0.799840503
    3.049916528    2.609846647    0.000153430    2.128194171
    3.057095159    6.042705520    0.000714602    5.051186105
    3.064273790   12.489386752    0.003275852   10.696988239
    3.071452421   23.065626386    0.013858434   20.224081969
    3.078631052   38.136991106    0.053427539   34.179310847
    3.085809683   56.670796055    0.186774955   51.775134725
    3.092988314   76.255974870    0.591107279   70.701078324
    3.100166945   94.234637095    1.693526989   88.051623434
    3.107345576  109.556759490    4.395347141  102.238921597
    3.114524207  124.033950393   10.343850083  114.699371715
    3.121702838  141.603082736   22.093911495  129.755633934
    3.128881469  165.465234649   42.864813082  151.935691226
    3.136060100  194.761890696   75.573705237  182.027106757
    3.143238731  223.264090333  121.091817622  214.639834181
    3.150417362  241.470601175  176.270075799  239.546944851
    3.157595993  241.176536546  232.930144796  246.541966705
    3.164774624  219.749507784  279.102578111  230.847580832
    3.171953255  181.483166945  302.820478288  195.547273147
    3.179131886  135.388257738  297.038798632  149.676001670
    3.186310518   91.060813833  262.994832369  103.648574240
    3.193489149   55.152141426  209.846177944   65.103591959
    3.200667780   30.053337324  150.671271475   37.211790962
    3.207846411   14.723767508   97.218874123   19.418826824
    3.215025042    6.481742284   56.304694260    9.277669519
    3.222203673    2.562794028   29.239179475    4.065111123
    3.229382304    0.909804506   13.602899684    1.633974504
    3.236560935    0.289960699    5.665307175    0.601766655
    3.243739566    0.082978253    2.110934127    0.202561766
    3.250918197    0.021341546    0.703339623    0.062126676
    3.258096828    0.004951343    0.209466183    0.017311942
    3.265275459    0.001053077    0.055740829    0.004380978
    3.272454090    0.000220453    0.013250230    0.001016290
    3.279632721    0.000057309    0.002812983    0.000226075
    3.286811352    0.000024232    0.000533248    0.000055585
    3.293989983    0.000014038    0.000090252    0.000018757
    3.301168614    0.000008353    0.000013637    0.000008602
    3.308347245    0.000004580    0.000001840    0.000004296
    3.315525876    0.000002256    0.000000222    0.000002033
    3.322704508    0.000000993    0.000000024    0.000000872
    3.329883139    0.000000390    0.000000002    0.000000335
    3.337061770    0.000000136    0.000000000    0.000000115
    3.344240401    0.000000043    0.000000000    0.000000035
    3.351419032    0.000000012    0.000000000    0.000000010
    3.358597663    0.000000003    0.000000000    0.000000002
    3.365776294    0.000000001    0.000000000    0.000000001
    3.372954925    0.000000000    0.000000000    0.000000000
    3.380133556    0.000000000    0.000000000    0.000000000
    3.387312187    0.000000000    0.000000000    0.000000000
    3.394490818    0.000000000    0.000000000    0.000000000
    3.401669449    0.000000000    0.000000000    0.000000000
    3.408848080    0.000000000    0.000000000    0.000000000
    3.416026711    0.000000000    0.000000000    0.000000000
    3.423205342    0.000000000    0.000000000    0.000000000
    3.430383973    0.000000000    0.000000002    0.000000001
    3.437562604    0.000000001    0.000000009    0.000000003
    3.444741235    0.000000006    0.000000035    0.000000012
    3.451919866    0.000000021    0.000000126    0.000000045
    3.459098497    0.000000069    0.000000407    0.000000143
    3.466277129    0.000000205    0.000001179    0.000000413
    3.473455760    0.000000546    0.000003062    0.000001068
    3.480634391    0.000001307    0.000007133    0.000002493
    3.487813022    0.000002812    0.000014913    0.000005272
    3.494991653    0.000005462    0.000028018    0.000010171
    3.502170284    0.000009619    0.000047384    0.000018077
    3.509348915    0.000015492    0.000072338    0.000029976
    3.516527546    0.000023144    0.000100125    0.000047036
    3.523706177    0.000032797    0.000126571    0.000070707
    3.530884808    0.000045459    0.000147907    0.000102551
    3.538063439    0.000063883    0.000162996    0.000143773
    3.545242070    0.000095082    0.000175007    0.000196809
    3.552420701    0.000164384    0.000194230    0.000282748
    3.559599332    0.000395904    0.000256023    0.000543987
    3.566777963    0.001410853    0.000520087    0.001745331
    3.573956594    0.006032537    0.001716221    0.007407036
    3.581135225    0.025613429    0.006849915    0.031709621
    3.588313856    0.100296157    0.026824942    0.124764930
    3.595492487    0.354433960    0.096342997    0.441435531
    3.602671119    1.123833988    0.312037530    1.397831894
    3.609849750    3.193207548    0.908561136    3.957635874
    3.617028381    8.131193642    2.380451152   10.017925858
    3.624207012   18.568209834    5.626364976   22.676202365
    3.631385643   38.065066698   12.040594631   45.917747930
    3.638564274   70.154697696   23.439842476   83.228474707
    3.645742905  116.474611414   41.745236558  135.162602999
    3.652921536  174.682989322   68.454051218  196.965028833
    3.660100167  237.559265090  104.057710025  258.181917230
    3.667278798  294.486621202  147.585180836  305.625458090
    3.674457429  335.094354914  196.367350293  328.850435234
    3.681636060  353.130796213  246.050754607  325.013024067
    3.688814691  348.216719037  290.926922989  299.865072066
    3.695993322  324.607021300  324.697641660  264.207738844
    3.703171953  288.261630162  341.703216140  228.286179261
    3.710350584  244.468970082  338.382561777  197.672651714
    3.717529215  197.271519646  314.477259377  172.582676696
    3.724707846  150.162257176  273.434322002  150.053557844
    3.731886477  106.655184273  221.697651082  126.979816362
    3.739065109   69.935403448  167.040368765  102.183147921
    3.746243740   41.955828087  116.548409127   76.777748590
    3.753422371   22.868783483   75.033409089   53.175280838
    3.760601002   11.267667049   44.409371088   33.650520894
    3.767779633    5.000272759   24.074670897   19.339956200
    3.774958264    1.993596659   11.910401447   10.051664669
    3.782136895    0.712955618    5.358630524    4.709536510
    3.789315526    0.228530998    2.185440372    1.984552278
    3.796494157    0.065700179    0.805642331    0.750830190
    3.803672788    0.017011868    0.267833587    0.254749195
    3.810851419    0.004031226    0.080207402    0.077488371
    3.818030050    0.000928781    0.021700981    0.021171435
    3.825208681    0.000257364    0.005422247    0.005253068
    3.832387312    0.000127378    0.001392073    0.001249065
    3.839565943    0.000113630    0.000506132    0.000358145
    3.846744574    0.000130358    0.000326840    0.000195186
    3.853923205    0.000161900    0.000281968    0.000192308
    3.861101836    0.000204494    0.000259497    0.000229655
    3.868280467    0.000253783    0.000246640    0.000281059
    3.875459098    0.000302897    0.000245786    0.000334590
    3.882637730    0.000344696    0.000255949    0.000379758
    3.889816361    0.000375298    0.000270392    0.000409304
    3.896994992    0.000395641    0.000279925    0.000421663
    3.904173623    0.000409291    0.000277974    0.000419812
    3.911352254    0.000418063    0.000264106    0.000407250
    3.918530885    0.000419331    0.000243890    0.000384791
    3.925709516    0.000407653    0.000225398    0.000351094
    3.932888147    0.000379433    0.000214666    0.000306250
    3.940066778    0.000336581    0.000212788    0.000254849
    3.947245409    0.000286090    0.000215948    0.000205485
    3.954424040    0.000236145    0.000217879    0.000166866
    3.961602671    0.000192081    0.000213026    0.000143383
    3.968781302    0.000155076    0.000198736    0.000133203
    3.975959933    0.000123787    0.000175717    0.000129914
    3.983138564    0.000096980    0.000147109    0.000126431
    3.990317195    0.000075063    0.000117057    0.000118726
    3.997495826    0.000059935    0.000089540    0.000107397
    4.004674457    0.000053779    0.000067743    0.000096539
    4.011853088    0.000057804    0.000053894    0.000090888
    4.019031720    0.000071428    0.000049334    0.000093001
    4.026210351    0.000092121    0.000054551    0.000102010
    4.033388982    0.000116039    0.000069046    0.000114548
    4.040567613    0.000139353    0.000091126    0.000127276
    4.047746244    0.000159693    0.000117993    0.000139377
    4.054924875    0.000176675    0.000146336    0.000153204
    4.062103506    0.000191014    0.000173178    0.000172241
    4.069282137    0.000202866    0.000196307    0.000197510
    4.076460768    0.000210877    0.000213913    0.000225035
    4.083639399    0.000212838    0.000223845    0.000246587
    4.090818030    0.000207376    0.000223477    0.000253602
    4.097996661    0.000195101    0.000210730    0.000241727
    4.105175292    0.000178198    0.000185681    0.000212951
    4.112353923    0.000158914    0.000151464    0.000174176
    4.119532554    0.000138386    0.000113576    0.000133613
    4.126711185    0.000116743    0.000077910    0.000097486
    4.133889816    0.000094117    0.000048743    0.000068668
    4.141068447    0.000071465    0.000027768    0.000047215
    4.148247078    0.000050505    0.000014395    0.000031767
    4.155425710    0.000032960    0.000006794    0.000020774
    4.162604341    0.000019833    0.000002931    0.000013102
    4.169782972    0.000011312    0.000001188    0.000008286
    4.176961603    0.000007986    0.000000541    0.000007679
    4.184140234    0.000017012    0.000000480    0.000022140
    4.191318865    0.000082766    0.000000869    0.000112605
    4.198497496    0.000427514    0.000001854    0.000573851
    4.205676127    0.002018209    0.000003924    0.002656432
    4.212854758    0.008540658    0.000008340    0.011012061
    4.220033389    0.032278333    0.000018559    0.040758404
    4.227212020    0.108842036    0.000043837    0.134584143
    4.234390651    0.327355686    0.000106487    0.396363621
    4.241569282    0.878093895    0.000252814    1.041080543
    4.248747913    2.100618252    0.000562922    2.438682903
    4.255926544    4.481610927    0.001146930    5.094524111
    4.263105175    8.527081598    0.002111041    9.491356060
    4.270283806   14.469223597    0.003488036   15.769905123
    4.277462437   21.896170419    0.005157645   23.367171285
    4.284641068   29.550778685    0.006814870   30.878744209
    4.291819699   35.567003455    0.008040703   36.390646783
    4.298998331   38.177105664    0.008469242   38.246952979
    4.306176962   36.545670096    0.007963765   35.849337567
    4.313355593   31.199379247    0.006687104   29.966981909
    4.320534224   23.753797687    0.005017219   22.339985163
    4.327712855   16.128626498    0.003367056   14.852559886
    4.334891486    9.766510931    0.002024694    8.806413639
    4.342070117    5.274246127    0.001093995    4.656690679
    4.349248748    2.540170184    0.000533505    2.196030051
    4.356427379    1.091068975    0.000236384    0.923603233
    4.363606010    0.417965328    0.000096056    0.346438376
    4.370784641    0.142807757    0.000036227    0.115897512
    4.377963272    0.043525095    0.000012845    0.034582698
    4.385141903    0.011836329    0.000004327    0.009205366
    4.392320534    0.002873595    0.000001391    0.002186500
    4.399499165    0.000623568    0.000000425    0.000463726
    4.406677796    0.000121257    0.000000122    0.000087939
    4.413856427    0.000021245    0.000000033    0.000014958
    4.421035058    0.000003393    0.000000008    0.000002298
    4.428213689    0.000000506    0.000000002    0.000000324
    4.435392321    0.000000073    0.000000000    0.000000044
    4.442570952    0.000000011    0.000000000    0.000000006
    4.449749583    0.000000002    0.000000000    0.000000001
    4.456928214    0.000000000    0.000000000    0.000000000
    4.464106845    0.000000000    0.000000000    0.000000000
    4.471285476    0.000000000    0.000000000    0.000000000
    4.478464107    0.000000000    0.000000000    0.000000000
    4.485642738    0.000000000    0.000000000    0.000000000
    4.492821369    0.000000000    0.000000000    0.000000000
    4.500000000    0.000000000    0.000000000    0.000000000
