# energy grid [eV]  eels components [arbitrary units]
#
    0.200000000    0.000000000    0.000000000    0.000000000
    0.207178631    0.000000000    0.000000000    0.000000000
    0.214357262    0.000000000    0.000000000    0.000000000
    0.221535893    0.000000000    0.000000000    0.000000000
    0.228714524    0.000000000    0.000000000    0.000000000
    0.235893155    0.000000000    0.000000000    0.000000000
    0.243071786    0.000000000    0.000000000    0.000000000
    0.250250417    0.000000000    0.000000000    0.000000000
    0.257429048    0.000000000    0.000000000    0.000000000
    0.264607679    0.000000000    0.000000000    0.000000000
    0.271786311    0.000000000    0.000000000    0.000000000
    0.278964942    0.000000000    0.000000000    0.000000000
    0.286143573    0.000000000    0.000000000    0.000000000
    0.293322204    0.000000000    0.000000000    0.000000000
    0.300500835    0.000000000    0.000000000    0.000000000
    0.307679466    0.000000000    0.000000000    0.000000000
    0.314858097    0.000000000    0.000000000    0.000000000
    0.322036728    0.000000000    0.000000000    0.000000000
    0.329215359    0.000000000    0.000000000    0.000000000
    0.336393990    0.000000000    0.000000000    0.000000000
    0.343572621    0.000000000    0.000000000    0.000000000
    0.350751252    0.000000000    0.000000000    0.000000000
    0.357929883    0.000000000    0.000000000    0.000000000
    0.365108514    0.000000000    0.000000000    0.000000000
    0.372287145    0.000000000    0.000000000    0.000000000
    0.379465776    0.000000000    0.000000000    0.000000000
    0.386644407    0.000000000    0.000000000    0.000000000
    0.393823038    0.000000000    0.000000000    0.000000000
    0.401001669    0.000000000    0.000000000    0.000000000
    0.408180301    0.000000000    0.000000000    0.000000000
    0.415358932    0.000000000    0.000000000    0.000000000
    0.422537563    0.000000000    0.000000000    0.000000000
    0.429716194    0.000000000    0.000000000    0.000000000
    0.436894825    0.000000000    0.000000000    0.000000000
    0.444073456    0.000000000    0.000000000    0.000000000
    0.451252087    0.000000000    0.000000000    0.000000000
    0.458430718    0.000000000    0.000000000    0.000000000
    0.465609349    0.000000000    0.000000000    0.000000000
    0.472787980    0.000000000    0.000000000    0.000000000
    0.479966611    0.000000000    0.000000000    0.000000000
    0.487145242    0.000000000    0.000000000    0.000000000
    0.494323873    0.000000000    0.000000000    0.000000000
    0.501502504    0.000000000    0.000000000    0.000000000
    0.508681135    0.000000000    0.000000000    0.000000000
    0.515859766    0.000000000    0.000000000    0.000000000
    0.523038397    0.000000000    0.000000000    0.000000000
    0.530217028    0.000000000    0.000000000    0.000000000
    0.537395659    0.000000000    0.000000000    0.000000000
    0.544574290    0.000000000    0.000000000    0.000000000
    0.551752922    0.000000000    0.000000000    0.000000000
    0.558931553    0.000000000    0.000000000    0.000000000
    0.566110184    0.000000000    0.000000000    0.000000000
    0.573288815    0.000000000    0.000000000    0.000000000
    0.580467446    0.000000000    0.000000000    0.000000000
    0.587646077    0.000000000    0.000000000    0.000000000
    0.594824708    0.000000000    0.000000000    0.000000000
    0.602003339    0.000000000    0.000000000    0.000000000
    0.609181970    0.000000000    0.000000000    0.000000000
    0.616360601    0.000000000    0.000000000    0.000000000
    0.623539232    0.000000000    0.000000000    0.000000000
    0.630717863    0.000000000    0.000000000    0.000000000
    0.637896494    0.000000000    0.000000000    0.000000000
    0.645075125    0.000000000    0.000000000    0.000000000
    0.652253756    0.000000000    0.000000000    0.000000000
    0.659432387    0.000000000    0.000000000    0.000000000
    0.666611018    0.000000000    0.000000000    0.000000000
    0.673789649    0.000000000    0.000000000    0.000000000
    0.680968280    0.000000000    0.000000000    0.000000000
    0.688146912    0.000000000    0.000000000    0.000000000
    0.695325543    0.000000000    0.000000000    0.000000000
    0.702504174    0.000000000    0.000000000    0.000000000
    0.709682805    0.000000000    0.000000000    0.000000000
    0.716861436    0.000000000    0.000000000    0.000000000
    0.724040067    0.000000000    0.000000000    0.000000000
    0.731218698    0.000000000    0.000000000    0.000000000
    0.738397329    0.000000000    0.000000000    0.000000000
    0.745575960    0.000000000    0.000000000    0.000000000
    0.752754591    0.000000000    0.000000000    0.000000000
    0.759933222    0.000000000    0.000000000    0.000000000
    0.767111853    0.000000000    0.000000000    0.000000000
    0.774290484    0.000000000    0.000000000    0.000000000
    0.781469115    0.000000000    0.000000000    0.000000000
    0.788647746    0.000000000    0.000000000    0.000000000
    0.795826377    0.000000000    0.000000000    0.000000000
    0.803005008    0.000000000    0.000000000    0.000000000
    0.810183639    0.000000000    0.000000000    0.000000000
    0.817362270    0.000000000    0.000000000    0.000000000
    0.824540902    0.000000000    0.000000000    0.000000000
    0.831719533    0.000000000    0.000000000    0.000000000
    0.838898164    0.000000000    0.000000000    0.000000000
    0.846076795    0.000000000    0.000000000    0.000000000
    0.853255426    0.000000000    0.000000000    0.000000000
    0.860434057    0.000000000    0.000000000    0.000000000
    0.867612688    0.000000000    0.000000000    0.000000000
    0.874791319    0.000000000    0.000000000    0.000000000
    0.881969950    0.000000000    0.000000000    0.000000000
    0.889148581    0.000000000    0.000000000    0.000000000
    0.896327212    0.000000000    0.000000000    0.000000000
    0.903505843    0.000000000    0.000000000    0.000000000
    0.910684474    0.000000000    0.000000000    0.000000000
    0.917863105    0.000000000    0.000000000    0.000000000
    0.925041736    0.000000000    0.000000000    0.000000000
    0.932220367    0.000000000    0.000000000    0.000000000
    0.939398998    0.000000000    0.000000000    0.000000000
    0.946577629    0.000000000    0.000000000    0.000000000
    0.953756260    0.000000000    0.000000000    0.000000000
    0.960934891    0.000000000    0.000000000    0.000000000
    0.968113523    0.000000000    0.000000000    0.000000000
    0.975292154    0.000000000    0.000000000    0.000000000
    0.982470785    0.000000000    0.000000000    0.000000000
    0.989649416    0.000000000    0.000000000    0.000000000
    0.996828047    0.000000000    0.000000000    0.000000000
    1.004006678    0.000000000    0.000000000    0.000000000
    1.011185309    0.000000000    0.000000000    0.000000000
    1.018363940    0.000000000    0.000000000    0.000000000
    1.025542571    0.000000000    0.000000000    0.000000000
    1.032721202    0.000000000    0.000000000    0.000000000
    1.039899833    0.000000000    0.000000000    0.000000000
    1.047078464    0.000000000    0.000000000    0.000000000
    1.054257095    0.000000001    0.000000001    0.000000001
    1.061435726    0.000000004    0.000000005    0.000000008
    1.068614357    0.000000020    0.000000025    0.000000040
    1.075792988    0.000000093    0.000000115    0.000000186
    1.082971619    0.000000386    0.000000479    0.000000775
    1.090150250    0.000001436    0.000001778    0.000002873
    1.097328881    0.000004755    0.000005883    0.000009490
    1.104507513    0.000014044    0.000017352    0.000027950
    1.111686144    0.000036987    0.000045625    0.000073367
    1.118864775    0.000086855    0.000106942    0.000171628
    1.126043406    0.000181854    0.000223419    0.000357727
    1.133222037    0.000339477    0.000415973    0.000664192
    1.140400668    0.000565003    0.000690168    0.001098414
    1.147579299    0.000838459    0.001020882    0.001619097
    1.154757930    0.001110094    0.001349629    0.002136042
    1.161936561    0.001313934    0.001608506    0.002558451
    1.169115192    0.001393606    0.001745777    0.002829840
    1.176293823    0.001317588    0.001688416    0.002789266
    1.183472454    0.001105331    0.001425913    0.002367240
    1.190651085    0.000825509    0.001062885    0.001760778
    1.197829716    0.000552603    0.000705145    0.001163961
    1.205008347    0.000341521    0.000417430    0.000686599
    1.212186978    0.000226068    0.000220925    0.000361973
    1.219365609    0.000238793    0.000105515    0.000171455
    1.226544240    0.000442343    0.000048004    0.000075276
    1.233722871    0.000953797    0.000026405    0.000035792
    1.240901503    0.001936467    0.000026120    0.000027394
    1.248080134    0.003534835    0.000039534    0.000036103
    1.255258765    0.005755333    0.000062520    0.000054703
    1.262437396    0.008358388    0.000090850    0.000077930
    1.269616027    0.010902781    0.000118396    0.000099958
    1.276794658    0.013067778    0.000137917    0.000114655
    1.283973289    0.014688947    0.000143594    0.000117493
    1.291151920    0.014618963    0.000133332    0.000107329
    1.298330551    0.012340661    0.000110273    0.000087348
    1.305509182    0.009076156    0.000081334    0.000063463
    1.312687813    0.005928739    0.000053634    0.000041504
    1.319866444    0.003458933    0.000031993    0.000025594
    1.327045075    0.001807277    0.000018443    0.000018498
    1.334223706    0.000855046    0.000013502    0.000023821
    1.341402337    0.000390226    0.000018188    0.000049075
    1.348580968    0.000223977    0.000035544    0.000107826
    1.355759599    0.000235418    0.000070593    0.000218335
    1.362938230    0.000362775    0.000128003    0.000396186
    1.370116861    0.000571353    0.000207756    0.000641278
    1.377295492    0.000822947    0.000300897    0.000925770
    1.384474124    0.001062499    0.000389031    0.001195464
    1.391652755    0.001228072    0.000450261    0.001393722
    1.398831386    0.001271709    0.000467320    0.001475566
    1.406010017    0.001172656    0.000431602    0.001383470
    1.413188648    0.000960755    0.000353650    0.001135705
    1.420367279    0.000702865    0.000258513    0.000825541
    1.427545910    0.000464968    0.000170606    0.000534986
    1.434724541    0.000292633    0.000106465    0.000310589
    1.441903172    0.000209401    0.000074206    0.000164131
    1.449081803    0.000226705    0.000077169    0.000084575
    1.456260434    0.000353099    0.000117450    0.000052842
    1.463439065    0.000592123    0.000195527    0.000051592
    1.470617696    0.000928005    0.000305688    0.000067971
    1.477796327    0.001310479    0.000431082    0.000092095
    1.484974958    0.001656771    0.000544476    0.000115192
    1.492153589    0.001880182    0.000617818    0.000129761
    1.499332220    0.001917878    0.000630613    0.000131268
    1.506510851    0.001748580    0.000574785    0.000119874
    1.513689482    0.001444271    0.000473908    0.000101492
    1.520868114    0.001133445    0.000370632    0.000085723
    1.528046745    0.000936695    0.000304515    0.000082409
    1.535225376    0.000930638    0.000300577    0.000098600
    1.542404007    0.001128540    0.000363662    0.000136341
    1.549582638    0.001477008    0.000478273    0.000191866
    1.556761269    0.001872270    0.000614923    0.000257225
    1.563939900    0.002200378    0.000743979    0.000324907
    1.571118531    0.002378345    0.000848259    0.000392718
    1.578297162    0.002354824    0.000917216    0.000462723
    1.585475793    0.002158806    0.000957127    0.000538671
    1.592654424    0.001888910    0.000986383    0.000619569
    1.599833055    0.001628225    0.001007807    0.000692581
    1.607011686    0.001416633    0.001008031    0.000738899
    1.614190317    0.001263433    0.000964272    0.000742364
    1.621368948    0.001179198    0.000851770    0.000694859
    1.628547579    0.001209751    0.000689160    0.000622436
    1.635726210    0.001421340    0.000525461    0.000571589
    1.642904841    0.001853694    0.000405051    0.000577523
    1.650083472    0.002474358    0.000353143    0.000647353
    1.657262104    0.003164811    0.000370486    0.000757226
    1.664440735    0.003764024    0.000436038    0.000865717
    1.671619366    0.004120237    0.000515578    0.000930886
    1.678797997    0.004072513    0.000573348    0.000913353
    1.685976628    0.003606719    0.000584254    0.000807780
    1.693155259    0.002870433    0.000536039    0.000643806
    1.700333890    0.002055517    0.000438423    0.000462370
    1.707512521    0.001329734    0.000320523    0.000300194
    1.714691152    0.000779268    0.000210686    0.000176718
    1.721869783    0.000415473    0.000127135    0.000095038
    1.729048414    0.000205612    0.000077085    0.000048468
    1.736227045    0.000103826    0.000060906    0.000027428
    1.743405676    0.000071068    0.000077251    0.000023929
    1.750584307    0.000081642    0.000125280    0.000032910
    1.757762938    0.000120400    0.000202866    0.000051271
    1.764941569    0.000176657    0.000302979    0.000076123
    1.772120200    0.000239766    0.000412327    0.000103726
    1.779298831    0.000298726    0.000515280    0.000129849
    1.786477462    0.000344658    0.000599401    0.000151012
    1.793656093    0.000372554    0.000652907    0.000165000
    1.800834725    0.000381571    0.000670737    0.000171070
    1.808013356    0.000372992    0.000657078    0.000169310
    1.815191987    0.000347572    0.000615852    0.000159565
    1.822370618    0.000305759    0.000546685    0.000141630
    1.829549249    0.000250211    0.000449387    0.000116504
    1.836727880    0.000188039    0.000337606    0.000087731
    1.843906511    0.000128596    0.000230278    0.000060033
    1.851085142    0.000079751    0.000141802    0.000037386
    1.858263773    0.000045653    0.000078523    0.000022108
    1.865442404    0.000027201    0.000039115    0.000015439
    1.872621035    0.000024858    0.000017865    0.000019405
    1.879799666    0.000042150    0.000008427    0.000039053
    1.886978297    0.000088078    0.000006178    0.000083641
    1.894156928    0.000176804    0.000008911    0.000165019
    1.901335559    0.000323726    0.000016580    0.000291881
    1.908514190    0.000538839    0.000030827    0.000460966
    1.915692821    0.000820875    0.000054560    0.000650354
    1.922871452    0.001156552    0.000091285    0.000822920
    1.930050083    0.001525742    0.000143566    0.000942952
    1.937228715    0.001899983    0.000210310    0.000980894
    1.944407346    0.002228311    0.000283822    0.000909164
    1.951585977    0.002455371    0.000349819    0.000752459
    1.958764608    0.002538084    0.000392050    0.000565305
    1.965943239    0.002444402    0.000398044    0.000390618
    1.973121870    0.002147356    0.000361987    0.000250559
    1.980300501    0.001698473    0.000293208    0.000150545
    1.987479132    0.001208401    0.000211913    0.000085347
    1.994657763    0.000772280    0.000136795    0.000045820
    2.001836394    0.000442796    0.000078960    0.000023637
    2.009015025    0.000228611    0.000041076    0.000013081
    2.016193656    0.000109710    0.000020221    0.000011497
    2.023372287    0.000057876    0.000011828    0.000019556
    2.030550918    0.000051162    0.000012501    0.000041344
    2.037729549    0.000078615    0.000020897    0.000083407
    2.044908180    0.000137381    0.000036995    0.000151755
    2.052086811    0.000226660    0.000060516    0.000246914
    2.059265442    0.000343754    0.000089555    0.000359491
    2.066444073    0.000487671    0.000120600    0.000470814
    2.073622705    0.000673044    0.000150605    0.000562070
    2.080801336    0.000948321    0.000180031    0.000625034
    2.087979967    0.001399289    0.000213963    0.000661274
    2.095158598    0.002125406    0.000260610    0.000693823
    2.102337229    0.003181257    0.000325635    0.000757780
    2.109515860    0.004502163    0.000404854    0.000867916
    2.116694491    0.005884419    0.000482463    0.001006107
    2.123873122    0.007072100    0.000536892    0.001131630
    2.131051753    0.007843203    0.000547770    0.001200098
    2.138230384    0.007910326    0.000504772    0.001167946
    2.145409015    0.006980505    0.000416327    0.001009293
    2.152587646    0.005416784    0.000307430    0.000773417
    2.159766277    0.003804151    0.000204233    0.000532812
    2.166944908    0.002524288    0.000123920    0.000336627
    2.174123539    0.001732633    0.000073773    0.000204758
    2.181302170    0.001402941    0.000055565    0.000133353
    2.188480801    0.001398258    0.000071832    0.000105451
    2.195659432    0.001547208    0.000129997    0.000101329
    2.202838063    0.001707986    0.000241172    0.000105331
    2.210016694    0.001797149    0.000412523    0.000108766
    2.217195326    0.001794986    0.000635963    0.000110177
    2.224373957    0.001776412    0.000881260    0.000114648
    2.231552588    0.001873718    0.001104180    0.000131318
    2.238731219    0.002219743    0.001267701    0.000170032
    2.245909850    0.002893584    0.001333025    0.000237299
    2.253088481    0.003863438    0.001265130    0.000331781
    2.260267112    0.004969172    0.001094922    0.000441986
    2.267445743    0.005976031    0.000889923    0.000549485
    2.274624374    0.006712898    0.000701230    0.000638296
    2.281803005    0.006987105    0.000550435    0.000696752
    2.288981636    0.006446714    0.000438197    0.000712581
    2.296160267    0.005286702    0.000360628    0.000693240
    2.303338898    0.003987344    0.000310363    0.000654249
    2.310517529    0.002879570    0.000277209    0.000603263
    2.317696160    0.002121073    0.000250722    0.000538188
    2.324874791    0.001762413    0.000223203    0.000456834
    2.332053422    0.001843260    0.000193348    0.000371282
    2.339232053    0.002449492    0.000167518    0.000304953
    2.346410684    0.003676739    0.000155653    0.000280524
    2.353589316    0.005522945    0.000165328    0.000311400
    2.360767947    0.007789050    0.000197295    0.000396887
    2.367946578    0.010123599    0.000244208    0.000521996
    2.375125209    0.012319416    0.000293332    0.000663532
    2.382303840    0.014331559    0.000331774    0.000800021
    2.389482471    0.015218746    0.000350773    0.000915656
    2.396661102    0.014386686    0.000350032    0.000999714
    2.403839733    0.012475572    0.000339044    0.001050108
    2.411018364    0.010461785    0.000335008    0.001087667
    2.418196995    0.008916595    0.000357032    0.001138390
    2.425375626    0.007981205    0.000421398    0.001225669
    2.432554257    0.007399433    0.000534230    0.001341326
    2.439732888    0.006985969    0.000684831    0.001466290
    2.446911519    0.006734091    0.000844841    0.001588836
    2.454090150    0.006584622    0.000977981    0.001695372
    2.461268781    0.006474132    0.001056275    0.001786760
    2.468447412    0.006224646    0.001044914    0.001794781
    2.475626043    0.005640072    0.000929972    0.001663634
    2.482804674    0.004934394    0.000763102    0.001487311
    2.489983306    0.004425110    0.000605202    0.001367707
    2.497161937    0.004310656    0.000496046    0.001357070
    2.504340568    0.004628702    0.000449434    0.001453002
    2.511519199    0.005273140    0.000456248    0.001621092
    2.518697830    0.006073351    0.000493166    0.001810229
    2.525876461    0.006836620    0.000532826    0.001972694
    2.533055092    0.007376250    0.000554176    0.002093350
    2.540233723    0.007560587    0.000543527    0.002095159
    2.547412354    0.007288251    0.000502788    0.001877706
    2.554590985    0.006730123    0.000455516    0.001617660
    2.561769616    0.006088113    0.000426877    0.001527321
    2.568948247    0.005517871    0.000432333    0.001719008
    2.576126878    0.005069796    0.000475616    0.002198750
    2.583305509    0.004638078    0.000551855    0.002873927
    2.590484140    0.004164913    0.000652715    0.003625667
    2.597662771    0.003801112    0.000771357    0.004521062
    2.604841402    0.003726230    0.000901759    0.006027500
    2.612020033    0.004065317    0.001034619    0.007907292
    2.619198664    0.004868648    0.001145888    0.008538862
    2.626377295    0.006137054    0.001207908    0.008375105
    2.633555927    0.007834779    0.001213480    0.008980282
    2.640734558    0.009807665    0.001151926    0.011407345
    2.647913189    0.011619657    0.001010351    0.012530877
    2.655091820    0.013084388    0.000837483    0.010002079
    2.662270451    0.014404000    0.000693907    0.006914116
    2.669449082    0.014878896    0.000615920    0.004858738
    2.676627713    0.013921291    0.000614555    0.003919754
    2.683806344    0.012065643    0.000677208    0.003727181
    2.690984975    0.010033680    0.000772840    0.003850883
    2.698163606    0.008263088    0.000867282    0.004126482
    2.705342237    0.006764893    0.000935293    0.004807399
    2.712520868    0.005534344    0.000958061    0.005756742
    2.719699499    0.004599259    0.000913274    0.005561636
    2.726878130    0.004022109    0.000817422    0.004641986
    2.734056761    0.003824023    0.000718010    0.004119686
    2.741235392    0.003943219    0.000650895    0.004253601
    2.748414023    0.004286924    0.000631777    0.004756449
    2.755592654    0.004762435    0.000660465    0.005291058
    2.762771285    0.005207937    0.000720961    0.005657900
    2.769949917    0.005540406    0.000793957    0.006148247
    2.777128548    0.005785323    0.000866586    0.008179735
    2.784307179    0.005947995    0.000925033    0.014600843
    2.791485810    0.005963188    0.000946528    0.020408386
    2.798664441    0.005738252    0.000927101    0.022306105
    2.805843072    0.005380969    0.000881354    0.023844756
    2.813021703    0.005144073    0.000820279    0.027752893
    2.820200334    0.005231576    0.000741916    0.031710477
    2.827378965    0.005863147    0.000663918    0.029462847
    2.834557596    0.007159061    0.000615376    0.022743247
    2.841736227    0.009068063    0.000615615    0.017851871
    2.848914858    0.011304642    0.000667804    0.017593147
    2.856093489    0.013355037    0.000757328    0.023067961
    2.863272120    0.015275381    0.000856889    0.024208300
    2.870450751    0.016995464    0.000938146    0.024344198
    2.877629382    0.016674453    0.000987862    0.025569924
    2.884808013    0.014134264    0.001010232    0.023983052
    2.891986644    0.010611779    0.001012833    0.023659767
    2.899165275    0.007265590    0.001023506    0.028878053
    2.906343907    0.004816439    0.001072849    0.037770818
    2.913522538    0.003441765    0.001158358    0.045908136
    2.920701169    0.003031450    0.001259288    0.050011717
    2.927879800    0.003357728    0.001362045    0.042317064
    2.935058431    0.004133349    0.001408091    0.033095434
    2.942237062    0.005047739    0.001342174    0.035056355
    2.949415693    0.005874270    0.001227027    0.044455087
    2.956594324    0.006535749    0.001137846    0.054339452
    2.963772955    0.006828207    0.001114456    0.053136047
    2.970951586    0.006483295    0.001161294    0.049668801
    2.978130217    0.005737881    0.001261557    0.058621554
    2.985308848    0.004943392    0.001379341    0.086116270
    2.992487479    0.004286302    0.001479006    0.156510828
    2.999666110    0.003781653    0.001558891    0.345080140
    3.006844741    0.003349690    0.001560702    0.458497912
    3.014023372    0.003020650    0.001415202    0.225549420
    3.021202003    0.002909083    0.001285459    0.130311478
    3.028380634    0.003111160    0.001351673    0.102623401
    3.035559265    0.003664293    0.001704483    0.090488608
    3.042737896    0.004529682    0.002337724    0.085483091
    3.049916528    0.005556928    0.003129847    0.102253848
    3.057095159    0.006527636    0.003922090    0.134429023
    3.064273790    0.007311925    0.004752365    0.148189249
    3.071452421    0.007872170    0.006122972    0.127307415
    3.078631052    0.007746641    0.008190239    0.094246630
    3.085809683    0.006814036    0.010684750    0.069829662
    3.092988314    0.005704872    0.015148307    0.053466322
    3.100166945    0.004919399    0.019706029    0.045288347
    3.107345576    0.004621880    0.025270347    0.044902726
    3.114524207    0.004768676    0.031806215    0.054110916
    3.121702838    0.005246998    0.034516627    0.060090748
    3.128881469    0.006009611    0.028028084    0.051609793
    3.136060100    0.006963061    0.019582337    0.041919076
    3.143238731    0.007798494    0.014727713    0.036202753
    3.150417362    0.008461389    0.012921814    0.031129061
    3.157595993    0.009065568    0.014571070    0.027287192
    3.164774624    0.009715778    0.021092415    0.025369487
    3.171953255    0.010572372    0.027209692    0.024964508
    3.179131886    0.011064996    0.029072800    0.025244552
    3.186310518    0.010568461    0.031425753    0.023862860
    3.193489149    0.009731501    0.040541328    0.022547853
    3.200667780    0.009239093    0.055537191    0.023428602
    3.207846411    0.009303878    0.073126092    0.024138754
    3.215025042    0.009334806    0.086604952    0.021472904
    3.222203673    0.009134947    0.079286365    0.016900877
    3.229382304    0.009046507    0.069775876    0.013196796
    3.236560935    0.009257059    0.074500079    0.011012699
    3.243739566    0.009882046    0.072266481    0.010029012
    3.250918197    0.010503488    0.059661900    0.009929389
    3.258096828    0.010561295    0.053188779    0.010447167
    3.265275459    0.009972830    0.057825559    0.010918122
    3.272454090    0.008771067    0.063960404    0.011027874
    3.279632721    0.007622021    0.053998643    0.010892884
    3.286811352    0.006732563    0.037424100    0.010710449
    3.293989983    0.006113157    0.025679445    0.010477814
    3.301168614    0.005778884    0.018250102    0.009887216
    3.308347245    0.005790520    0.014502121    0.009350638
    3.315525876    0.006042140    0.013023574    0.008956938
    3.322704508    0.006549916    0.012546292    0.008649769
    3.329883139    0.007499537    0.012850003    0.008267944
    3.337061770    0.009038649    0.014710177    0.007814016
    3.344240401    0.010946345    0.018657440    0.007511045
    3.351419032    0.012677594    0.021578879    0.007254713
    3.358597663    0.013747473    0.020104335    0.006733307
    3.365776294    0.015117780    0.017358481    0.006019468
    3.372954925    0.019106615    0.014824904    0.005234537
    3.380133556    0.026390936    0.012527641    0.004446155
    3.387312187    0.034085759    0.011144152    0.003810236
    3.394490818    0.032042308    0.010032700    0.003381430
    3.401669449    0.034744384    0.008971508    0.003188596
    3.408848080    0.043813269    0.008454216    0.003216778
    3.416026711    0.054132952    0.008658372    0.003366600
    3.423205342    0.058377027    0.009554246    0.003631992
    3.430383973    0.061577832    0.010383156    0.003994853
    3.437562604    0.065469838    0.011227930    0.004445799
    3.444741235    0.065971110    0.011523245    0.004891566
    3.451919866    0.066160944    0.010943434    0.005236533
    3.459098497    0.060388886    0.010169324    0.005416012
    3.466277129    0.038352313    0.009939386    0.005450179
    3.473455760    0.025196564    0.009783387    0.005290747
    3.480634391    0.022666263    0.008841041    0.004866387
    3.487813022    0.022234148    0.007421124    0.004311327
    3.494991653    0.020437112    0.006209115    0.003858578
    3.502170284    0.016641882    0.005416430    0.003547597
    3.509348915    0.012669356    0.005011682    0.003320061
    3.516527546    0.009815435    0.004821730    0.003168293
    3.523706177    0.008514198    0.004745403    0.003094100
    3.530884808    0.008929591    0.004834952    0.003087461
    3.538063439    0.010891541    0.005088084    0.003078226
    3.545242070    0.013595362    0.005185555    0.002944033
    3.552420701    0.015457946    0.004916405    0.002738717
    3.559599332    0.016400624    0.004352571    0.002580415
    3.566777963    0.017557092    0.003775758    0.002560894
    3.573956594    0.018976158    0.003311264    0.002682270
    3.581135225    0.020841650    0.003012165    0.002909319
    3.588313856    0.023592506    0.002958221    0.003212906
    3.595492487    0.027895649    0.003107435    0.003553387
    3.602671119    0.033296209    0.003427605    0.004014527
    3.609849750    0.038176353    0.003956760    0.004801877
    3.617028381    0.044098647    0.004534736    0.005506156
    3.624207012    0.051786316    0.004971629    0.005506288
    3.631385643    0.059417123    0.005033096    0.004898900
    3.638564274    0.066140089    0.004671084    0.004214902
    3.645742905    0.077106935    0.004186540    0.003743104
    3.652921536    0.096006823    0.003774600    0.003543540
    3.660100167    0.120911715    0.003586103    0.003684217
    3.667278798    0.155989689    0.003582833    0.003986541
    3.674457429    0.217626725    0.003721479    0.004218144
    3.681636060    0.319659778    0.004031796    0.004469938
    3.688814691    0.514350683    0.004282455    0.004649360
    3.695993322    0.830689480    0.004444794    0.004779871
    3.703171953    1.073054796    0.004889412    0.005286867
    3.710350584    1.019573855    0.006877852    0.007683887
    3.717529215    0.977319537    0.012634226    0.014497143
    3.724707846    1.216475228    0.017478724    0.019890526
    3.731886477    1.630057786    0.018719430    0.020818780
    3.739065109    1.567784572    0.017089411    0.018206743
    3.746243740    1.185534760    0.013775374    0.014228067
    3.753422371    1.019629146    0.011018343    0.011367888
    3.760601002    1.025167625    0.009098155    0.009447642
    3.767779633    1.052276882    0.008429875    0.008582183
    3.774958264    1.054464960    0.008396448    0.007898884
    3.782136895    1.073574116    0.008199036    0.007019938
    3.789315526    1.099802125    0.007525262    0.006356059
    3.796494157    1.092335042    0.006801452    0.005664814
    3.803672788    1.080542114    0.006337684    0.005135323
    3.810851419    1.129744400    0.005742566    0.004786857
    3.818030050    1.162251767    0.005225952    0.004636379
    3.825208681    1.121425044    0.005029815    0.004743911
    3.832387312    1.007118470    0.005095330    0.005097957
    3.839565943    0.879738415    0.005625195    0.005799564
    3.846744574    0.855231764    0.006738219    0.006834602
    3.853923205    1.019948383    0.008481775    0.008149645
    3.861101836    1.172706571    0.009298248    0.009175104
    3.868280467    1.145423537    0.009606111    0.009687771
    3.875459098    0.990215724    0.010250107    0.010135200
    3.882637730    0.810065167    0.011499601    0.010574290
    3.889816361    0.724732050    0.012883018    0.011142411
    3.896994992    0.726189051    0.013114452    0.010945287
    3.904173623    0.682766817    0.013527451    0.010638038
    3.911352254    0.548173808    0.015486662    0.011741680
    3.918530885    0.415781789    0.017515450    0.013252204
    3.925709516    0.326178734    0.017688092    0.014040828
    3.932888147    0.275761916    0.016660067    0.013280596
    3.940066778    0.255240651    0.015359349    0.012457952
    3.947245409    0.238356397    0.014398825    0.013633270
    3.954424040    0.205721440    0.013294151    0.015525548
    3.961602671    0.166214896    0.012375902    0.016327338
    3.968781302    0.132735296    0.011215021    0.014642041
    3.975959933    0.110212509    0.009895220    0.011701933
    3.983138564    0.097303817    0.010436582    0.011206793
    3.990317195    0.094616005    0.012008072    0.011890809
    3.997495826    0.099965008    0.012906537    0.012652429
    4.004674457    0.110780478    0.012186751    0.012735299
    4.011853088    0.122256039    0.011019235    0.012374871
    4.019031720    0.136548966    0.009674701    0.010927424
    4.026210351    0.157682977    0.007464719    0.008020682
    4.033388982    0.183838111    0.005997949    0.006182604
    4.040567613    0.211178862    0.005295378    0.005394232
    4.047746244    0.201208863    0.004956960    0.004988093
    4.054924875    0.162024275    0.005006484    0.004926467
    4.062103506    0.124687910    0.005292687    0.005146529
    4.069282137    0.098658578    0.005585544    0.005487505
    4.076460768    0.084948883    0.005853609    0.005918129
    4.083639399    0.081571191    0.005847669    0.006192125
    4.090818030    0.083593412    0.005307452    0.005787103
    4.097996661    0.083371529    0.004709061    0.004966493
    4.105175292    0.078923166    0.004448694    0.004565813
    4.112353923    0.073161724    0.004203924    0.004377071
    4.119532554    0.068901332    0.003749172    0.003959771
    4.126711185    0.066158299    0.003357540    0.003571681
    4.133889816    0.064125343    0.003126439    0.003329156
    4.141068447    0.062417444    0.002945090    0.003111340
    4.148247078    0.061726591    0.002778469    0.002873212
    4.155425710    0.061496692    0.002761581    0.002737751
    4.162604341    0.063182058    0.002853705    0.002643712
    4.169782972    0.066220827    0.002937251    0.002553418
    4.176961603    0.066862480    0.002894256    0.002453325
    4.184140234    0.065084805    0.002721576    0.002283813
    4.191318865    0.060868873    0.002519983    0.002088292
    4.198497496    0.054959718    0.002328154    0.001933603
    4.205676127    0.047405734    0.002150352    0.001814944
    4.212854758    0.040126551    0.001992701    0.001743817
    4.220033389    0.034863399    0.001905389    0.001749624
    4.227212020    0.031047673    0.001943845    0.001846406
    4.234390651    0.028542326    0.002114804    0.002017302
    4.241569282    0.026956359    0.002379561    0.002222766
    4.248747913    0.025570989    0.002661493    0.002412533
    4.255926544    0.024586500    0.002854693    0.002519471
    4.263105175    0.023928442    0.002922532    0.002542302
    4.270283806    0.023273483    0.002977912    0.002569634
    4.277462437    0.022881792    0.003098511    0.002641724
    4.284641068    0.023024287    0.003305978    0.002757932
    4.291819699    0.023740418    0.003559850    0.002893181
    4.298998331    0.024582786    0.003881819    0.003100251
    4.306176962    0.025545435    0.004221953    0.003393626
    4.313355593    0.026704311    0.004484871    0.003685682
    4.320534224    0.027554816    0.004749754    0.003927044
    4.327712855    0.028342548    0.005046635    0.004050507
    4.334891486    0.029914449    0.005308099    0.004007234
    4.342070117    0.031678939    0.005579298    0.003941746
    4.349248748    0.032222606    0.005787862    0.003927813
    4.356427379    0.032166405    0.005894642    0.003886011
    4.363606010    0.033007673    0.005965355    0.003841546
    4.370784641    0.034724352    0.005968158    0.003888358
    4.377963272    0.035571079    0.005987155    0.004051573
    4.385141903    0.035449772    0.005912205    0.004232261
    4.392320534    0.035267245    0.005574062    0.004320763
    4.399499165    0.034936990    0.005205821    0.004408166
    4.406677796    0.033807544    0.004962587    0.004599282
    4.413856427    0.031918555    0.004856149    0.004919645
    4.421035058    0.030161463    0.004814666    0.005280553
    4.428213689    0.029328847    0.004817197    0.005557843
    4.435392321    0.028640675    0.005029435    0.005888119
    4.442570952    0.027292359    0.005503578    0.006465325
    4.449749583    0.026129776    0.006149258    0.007188686
    4.456928214    0.025915927    0.006840179    0.007787186
    4.464106845    0.026061727    0.007427999    0.007958486
    4.471285476    0.025407544    0.008147628    0.008174778
    4.478464107    0.024565602    0.009260277    0.008714706
    4.485642738    0.024395178    0.010558147    0.009240330
    4.492821369    0.024904011    0.011698196    0.009656018
    4.500000000    0.026262465    0.012342014    0.009642174
