# energy grid [eV]  eels components [arbitrary units]
#
    0.200000000    0.000000000    0.000000000    0.000000000
    0.207178631    0.000000000    0.000000000    0.000000000
    0.214357262    0.000000000    0.000000000    0.000000000
    0.221535893    0.000000000    0.000000000    0.000000000
    0.228714524    0.000000000    0.000000000    0.000000000
    0.235893155    0.000000000    0.000000000    0.000000000
    0.243071786    0.000000000    0.000000000    0.000000000
    0.250250417    0.000000000    0.000000000    0.000000000
    0.257429048    0.000000000    0.000000000    0.000000000
    0.264607679    0.000000000    0.000000000    0.000000000
    0.271786311    0.000000000    0.000000000    0.000000000
    0.278964942    0.000000000    0.000000000    0.000000000
    0.286143573    0.000000000    0.000000000    0.000000000
    0.293322204    0.000000000    0.000000000    0.000000000
    0.300500835    0.000000000    0.000000000    0.000000000
    0.307679466    0.000000000    0.000000000    0.000000000
    0.314858097    0.000000000    0.000000000    0.000000000
    0.322036728    0.000000000    0.000000000    0.000000000
    0.329215359    0.000000000    0.000000000    0.000000000
    0.336393990    0.000000000    0.000000000    0.000000000
    0.343572621    0.000000000    0.000000000    0.000000000
    0.350751252    0.000000000    0.000000000    0.000000000
    0.357929883    0.000000000    0.000000000    0.000000000
    0.365108514    0.000000000    0.000000000    0.000000000
    0.372287145    0.000000000    0.000000000    0.000000000
    0.379465776    0.000000000    0.000000000    0.000000000
    0.386644407    0.000000000    0.000000000    0.000000000
    0.393823038    0.000000000    0.000000000    0.000000000
    0.401001669    0.000000000    0.000000000    0.000000000
    0.408180301    0.000000000    0.000000000    0.000000000
    0.415358932    0.000000000    0.000000000    0.000000000
    0.422537563    0.000000000    0.000000000    0.000000000
    0.429716194    0.000000000    0.000000000    0.000000000
    0.436894825    0.000000000    0.000000000    0.000000000
    0.444073456    0.000000000    0.000000000    0.000000000
    0.451252087    0.000000000    0.000000000    0.000000000
    0.458430718    0.000000000    0.000000000    0.000000000
    0.465609349    0.000000000    0.000000000    0.000000000
    0.472787980    0.000000000    0.000000000    0.000000000
    0.479966611    0.000000000    0.000000000    0.000000000
    0.487145242    0.000000000    0.000000000    0.000000000
    0.494323873    0.000000000    0.000000000    0.000000000
    0.501502504    0.000000000    0.000000000    0.000000000
    0.508681135    0.000000000    0.000000000    0.000000000
    0.515859766    0.000000000    0.000000000    0.000000000
    0.523038397    0.000000000    0.000000000    0.000000000
    0.530217028    0.000000000    0.000000000    0.000000000
    0.537395659    0.000000000    0.000000000    0.000000000
    0.544574290    0.000000000    0.000000000    0.000000000
    0.551752922    0.000000000    0.000000000    0.000000000
    0.558931553    0.000000000    0.000000000    0.000000000
    0.566110184    0.000000000    0.000000000    0.000000000
    0.573288815    0.000000000    0.000000000    0.000000000
    0.580467446    0.000000000    0.000000000    0.000000000
    0.587646077    0.000000000    0.000000000    0.000000000
    0.594824708    0.000000000    0.000000000    0.000000000
    0.602003339    0.000000000    0.000000000    0.000000000
    0.609181970    0.000000000    0.000000000    0.000000000
    0.616360601    0.000000000    0.000000000    0.000000000
    0.623539232    0.000000000    0.000000000    0.000000000
    0.630717863    0.000000000    0.000000000    0.000000000
    0.637896494    0.000000000    0.000000000    0.000000000
    0.645075125    0.000000000    0.000000000    0.000000000
    0.652253756    0.000000000    0.000000000    0.000000000
    0.659432387    0.000000000    0.000000000    0.000000000
    0.666611018    0.000000000    0.000000000    0.000000000
    0.673789649    0.000000000    0.000000000    0.000000000
    0.680968280    0.000000000    0.000000000    0.000000000
    0.688146912    0.000000000    0.000000000    0.000000000
    0.695325543    0.000000000    0.000000000    0.000000000
    0.702504174    0.000000000    0.000000000    0.000000000
    0.709682805    0.000000000    0.000000000    0.000000000
    0.716861436    0.000000000    0.000000000    0.000000000
    0.724040067    0.000000000    0.000000000    0.000000000
    0.731218698    0.000000000    0.000000000    0.000000000
    0.738397329    0.000000000    0.000000000    0.000000000
    0.745575960    0.000000000    0.000000000    0.000000000
    0.752754591    0.000000000    0.000000000    0.000000000
    0.759933222    0.000000000    0.000000000    0.000000000
    0.767111853    0.000000000    0.000000000    0.000000000
    0.774290484    0.000000000    0.000000000    0.000000000
    0.781469115    0.000000000    0.000000000    0.000000000
    0.788647746    0.000000000    0.000000000    0.000000000
    0.795826377    0.000000000    0.000000000    0.000000000
    0.803005008    0.000000000    0.000000000    0.000000000
    0.810183639    0.000000000    0.000000000    0.000000000
    0.817362270    0.000000000    0.000000000    0.000000000
    0.824540902    0.000000000    0.000000000    0.000000000
    0.831719533    0.000000000    0.000000000    0.000000000
    0.838898164    0.000000000    0.000000000    0.000000000
    0.846076795    0.000000000    0.000000000    0.000000000
    0.853255426    0.000000000    0.000000000    0.000000000
    0.860434057    0.000000000    0.000000000    0.000000000
    0.867612688    0.000000000    0.000000000    0.000000000
    0.874791319    0.000000000    0.000000000    0.000000000
    0.881969950    0.000000000    0.000000000    0.000000000
    0.889148581    0.000000000    0.000000000    0.000000000
    0.896327212    0.000000000    0.000000000    0.000000000
    0.903505843    0.000000000    0.000000000    0.000000000
    0.910684474    0.000000000    0.000000000    0.000000000
    0.917863105    0.000000000    0.000000000    0.000000000
    0.925041736    0.000000000    0.000000000    0.000000000
    0.932220367    0.000000000    0.000000000    0.000000000
    0.939398998    0.000000000    0.000000000    0.000000000
    0.946577629    0.000000000    0.000000000    0.000000000
    0.953756260    0.000000000    0.000000000    0.000000000
    0.960934891    0.000000000    0.000000000    0.000000000
    0.968113523    0.000000000    0.000000000    0.000000000
    0.975292154    0.000000000    0.000000000    0.000000000
    0.982470785    0.000000000    0.000000000    0.000000000
    0.989649416    0.000000000    0.000000000    0.000000000
    0.996828047    0.000000000    0.000000000    0.000000000
    1.004006678    0.000000000    0.000000000    0.000000000
    1.011185309    0.000000000    0.000000000    0.000000000
    1.018363940    0.000000000    0.000000000    0.000000000
    1.025542571    0.000000000    0.000000000    0.000000000
    1.032721202    0.000000000    0.000000000    0.000000000
    1.039899833    0.000000000    0.000000000    0.000000000
    1.047078464    0.000000000    0.000000000    0.000000000
    1.054257095    0.000000000    0.000000000    0.000000000
    1.061435726    0.000000000    0.000000000    0.000000000
    1.068614357    0.000000000    0.000000000    0.000000000
    1.075792988    0.000000000    0.000000000    0.000000000
    1.082971619    0.000000000    0.000000000    0.000000000
    1.090150250    0.000000000    0.000000000    0.000000000
    1.097328881    0.000000000    0.000000000    0.000000000
    1.104507513    0.000000000    0.000000000    0.000000000
    1.111686144    0.000000000    0.000000000    0.000000000
    1.118864775    0.000000000    0.000000000    0.000000000
    1.126043406    0.000000000    0.000000000    0.000000000
    1.133222037    0.000000000    0.000000000    0.000000000
    1.140400668    0.000000000    0.000000000    0.000000000
    1.147579299    0.000000000    0.000000000    0.000000000
    1.154757930    0.000000000    0.000000000    0.000000000
    1.161936561    0.000000000    0.000000000    0.000000000
    1.169115192    0.000000000    0.000000000    0.000000000
    1.176293823    0.000000000    0.000000000    0.000000000
    1.183472454    0.000000000    0.000000000    0.000000000
    1.190651085    0.000000000    0.000000000    0.000000000
    1.197829716    0.000000000    0.000000000    0.000000000
    1.205008347    0.000000000    0.000000000    0.000000000
    1.212186978    0.000000000    0.000000001    0.000000000
    1.219365609    0.000000000    0.000000001    0.000000000
    1.226544240    0.000000000    0.000000002    0.000000000
    1.233722871    0.000000000    0.000000002    0.000000000
    1.240901503    0.000000000    0.000000003    0.000000000
    1.248080134    0.000000000    0.000000003    0.000000000
    1.255258765    0.000000000    0.000000003    0.000000000
    1.262437396    0.000000000    0.000000003    0.000000000
    1.269616027    0.000000000    0.000000003    0.000000000
    1.276794658    0.000000000    0.000000002    0.000000000
    1.283973289    0.000000000    0.000000001    0.000000000
    1.291151920    0.000000000    0.000000001    0.000000000
    1.298330551    0.000000000    0.000000000    0.000000000
    1.305509182    0.000000000    0.000000000    0.000000000
    1.312687813    0.000000000    0.000000000    0.000000000
    1.319866444    0.000000000    0.000000000    0.000000000
    1.327045075    0.000000000    0.000000000    0.000000000
    1.334223706    0.000000000    0.000000000    0.000000000
    1.341402337    0.000000000    0.000000000    0.000000000
    1.348580968    0.000000000    0.000000000    0.000000000
    1.355759599    0.000000000    0.000000000    0.000000000
    1.362938230    0.000000000    0.000000000    0.000000000
    1.370116861    0.000000000    0.000000000    0.000000000
    1.377295492    0.000000000    0.000000000    0.000000000
    1.384474124    0.000000000    0.000000000    0.000000000
    1.391652755    0.000000000    0.000000000    0.000000000
    1.398831386    0.000000000    0.000000000    0.000000000
    1.406010017    0.000000000    0.000000000    0.000000000
    1.413188648    0.000000000    0.000000000    0.000000000
    1.420367279    0.000000000    0.000000000    0.000000000
    1.427545910    0.000000000    0.000000000    0.000000000
    1.434724541    0.000000000    0.000000000    0.000000000
    1.441903172    0.000000000    0.000000000    0.000000000
    1.449081803    0.000000000    0.000000000    0.000000000
    1.456260434    0.000000000    0.000000000    0.000000000
    1.463439065    0.000000000    0.000000000    0.000000000
    1.470617696    0.000000000    0.000000000    0.000000000
    1.477796327    0.000000000    0.000000000    0.000000000
    1.484974958    0.000000000    0.000000000    0.000000000
    1.492153589    0.000000000    0.000000000    0.000000000
    1.499332220    0.000000000    0.000000000    0.000000000
    1.506510851    0.000000000    0.000000000    0.000000000
    1.513689482    0.000000000    0.000000000    0.000000000
    1.520868114    0.000000000    0.000000000    0.000000000
    1.528046745    0.000000000    0.000000000    0.000000000
    1.535225376    0.000000000    0.000000000    0.000000000
    1.542404007    0.000000000    0.000000000    0.000000000
    1.549582638    0.000000000    0.000000000    0.000000000
    1.556761269    0.000000000    0.000000000    0.000000000
    1.563939900    0.000000000    0.000000000    0.000000000
    1.571118531    0.000000000    0.000000000    0.000000000
    1.578297162    0.000000000    0.000000000    0.000000000
    1.585475793    0.000000000    0.000000000    0.000000000
    1.592654424    0.000000000    0.000000000    0.000000000
    1.599833055    0.000000000    0.000000000    0.000000000
    1.607011686    0.000000001    0.000000000    0.000000000
    1.614190317    0.000000001    0.000000000    0.000000000
    1.621368948    0.000000001    0.000000000    0.000000000
    1.628547579    0.000000001    0.000000000    0.000000000
    1.635726210    0.000000001    0.000000000    0.000000000
    1.642904841    0.000000001    0.000000000    0.000000000
    1.650083472    0.000000000    0.000000001    0.000000000
    1.657262104    0.000000000    0.000000001    0.000000000
    1.664440735    0.000000000    0.000000001    0.000000000
    1.671619366    0.000000000    0.000000001    0.000000000
    1.678797997    0.000000000    0.000000001    0.000000000
    1.685976628    0.000000000    0.000000000    0.000000000
    1.693155259    0.000000000    0.000000000    0.000000000
    1.700333890    0.000000000    0.000000000    0.000000000
    1.707512521    0.000000000    0.000000000    0.000000000
    1.714691152    0.000000000    0.000000000    0.000000000
    1.721869783    0.000000000    0.000000000    0.000000000
    1.729048414    0.000000000    0.000000000    0.000000000
    1.736227045    0.000000000    0.000000000    0.000000000
    1.743405676    0.000000000    0.000000000    0.000000000
    1.750584307    0.000000000    0.000000000    0.000000000
    1.757762938    0.000000000    0.000000000    0.000000000
    1.764941569    0.000000000    0.000000000    0.000000000
    1.772120200    0.000000000    0.000000000    0.000000000
    1.779298831    0.000000000    0.000000000    0.000000000
    1.786477462    0.000000000    0.000000000    0.000000000
    1.793656093    0.000000000    0.000000000    0.000000000
    1.800834725    0.000000000    0.000000000    0.000000000
    1.808013356    0.000000000    0.000000000    0.000000000
    1.815191987    0.000000000    0.000000000    0.000000000
    1.822370618    0.000000000    0.000000000    0.000000000
    1.829549249    0.000000000    0.000000000    0.000000000
    1.836727880    0.000000000    0.000000000    0.000000000
    1.843906511    0.000000000    0.000000000    0.000000000
    1.851085142    0.000000000    0.000000000    0.000000000
    1.858263773    0.000000000    0.000000000    0.000000000
    1.865442404    0.000000000    0.000000000    0.000000000
    1.872621035    0.000000000    0.000000000    0.000000000
    1.879799666    0.000000000    0.000000000    0.000000000
    1.886978297    0.000000000    0.000000000    0.000000000
    1.894156928    0.000000001    0.000000000    0.000000000
    1.901335559    0.000000001    0.000000000    0.000000000
    1.908514190    0.000000001    0.000000000    0.000000000
    1.915692821    0.000000000    0.000000000    0.000000000
    1.922871452    0.000000000    0.000000000    0.000000000
    1.930050083    0.000000000    0.000000000    0.000000000
    1.937228715    0.000000000    0.000000000    0.000000000
    1.944407346    0.000000000    0.000000000    0.000000000
    1.951585977    0.000000000    0.000000000    0.000000000
    1.958764608    0.000000000    0.000000000    0.000000000
    1.965943239    0.000000000    0.000000000    0.000000000
    1.973121870    0.000000000    0.000000000    0.000000000
    1.980300501    0.000000000    0.000000000    0.000000000
    1.987479132    0.000000000    0.000000000    0.000000000
    1.994657763    0.000000000    0.000000000    0.000000000
    2.001836394    0.000000000    0.000000000    0.000000000
    2.009015025    0.000000000    0.000000001    0.000000000
    2.016193656    0.000000000    0.000000001    0.000000000
    2.023372287    0.000000000    0.000000001    0.000000000
    2.030550918    0.000000000    0.000000000    0.000000000
    2.037729549    0.000000000    0.000000000    0.000000000
    2.044908180    0.000000000    0.000000000    0.000000000
    2.052086811    0.000000000    0.000000000    0.000000000
    2.059265442    0.000000000    0.000000000    0.000000000
    2.066444073    0.000000000    0.000000000    0.000000000
    2.073622705    0.000000000    0.000000001    0.000000000
    2.080801336    0.000000000    0.000000001    0.000000000
    2.087979967    0.000000000    0.000000001    0.000000000
    2.095158598    0.000000000    0.000000001    0.000000000
    2.102337229    0.000000000    0.000000001    0.000000000
    2.109515860    0.000000000    0.000000001    0.000000000
    2.116694491    0.000000000    0.000000001    0.000000000
    2.123873122    0.000000000    0.000000001    0.000000000
    2.131051753    0.000000000    0.000000001    0.000000000
    2.138230384    0.000000000    0.000000000    0.000000000
    2.145409015    0.000000000    0.000000000    0.000000000
    2.152587646    0.000000000    0.000000000    0.000000000
    2.159766277    0.000000000    0.000000000    0.000000000
    2.166944908    0.000000000    0.000000000    0.000000000
    2.174123539    0.000000000    0.000000000    0.000000000
    2.181302170    0.000000000    0.000000000    0.000000000
    2.188480801    0.000000000    0.000000000    0.000000000
    2.195659432    0.000000000    0.000000000    0.000000000
    2.202838063    0.000000000    0.000000000    0.000000000
    2.210016694    0.000000000    0.000000000    0.000000000
    2.217195326    0.000000000    0.000000000    0.000000000
    2.224373957    0.000000000    0.000000000    0.000000000
    2.231552588    0.000000000    0.000000000    0.000000000
    2.238731219    0.000000000    0.000000000    0.000000000
    2.245909850    0.000000000    0.000000000    0.000000000
    2.253088481    0.000000001    0.000000000    0.000000000
    2.260267112    0.000000001    0.000000000    0.000000000
    2.267445743    0.000000002    0.000000000    0.000000001
    2.274624374    0.000000004    0.000000000    0.000000001
    2.281803005    0.000000006    0.000000001    0.000000001
    2.288981636    0.000000008    0.000000001    0.000000001
    2.296160267    0.000000010    0.000000001    0.000000001
    2.303338898    0.000000010    0.000000001    0.000000002
    2.310517529    0.000000010    0.000000001    0.000000002
    2.317696160    0.000000008    0.000000001    0.000000002
    2.324874791    0.000000006    0.000000002    0.000000003
    2.332053422    0.000000004    0.000000002    0.000000003
    2.339232053    0.000000003    0.000000002    0.000000003
    2.346410684    0.000000002    0.000000002    0.000000003
    2.353589316    0.000000001    0.000000001    0.000000003
    2.360767947    0.000000001    0.000000001    0.000000002
    2.367946578    0.000000001    0.000000001    0.000000001
    2.375125209    0.000000001    0.000000001    0.000000001
    2.382303840    0.000000002    0.000000000    0.000000001
    2.389482471    0.000000003    0.000000000    0.000000000
    2.396661102    0.000000005    0.000000000    0.000000000
    2.403839733    0.000000007    0.000000000    0.000000000
    2.411018364    0.000000008    0.000000000    0.000000000
    2.418196995    0.000000009    0.000000000    0.000000000
    2.425375626    0.000000009    0.000000000    0.000000000
    2.432554257    0.000000008    0.000000000    0.000000000
    2.439732888    0.000000006    0.000000001    0.000000000
    2.446911519    0.000000005    0.000000001    0.000000000
    2.454090150    0.000000003    0.000000001    0.000000000
    2.461268781    0.000000002    0.000000002    0.000000000
    2.468447412    0.000000002    0.000000004    0.000000000
    2.475626043    0.000000001    0.000000006    0.000000000
    2.482804674    0.000000002    0.000000008    0.000000000
    2.489983306    0.000000002    0.000000010    0.000000000
    2.497161937    0.000000002    0.000000012    0.000000000
    2.504340568    0.000000002    0.000000012    0.000000000
    2.511519199    0.000000002    0.000000011    0.000000000
    2.518697830    0.000000002    0.000000010    0.000000000
    2.525876461    0.000000002    0.000000010    0.000000000
    2.533055092    0.000000002    0.000000012    0.000000000
    2.540233723    0.000000002    0.000000016    0.000000000
    2.547412354    0.000000002    0.000000024    0.000000000
    2.554590985    0.000000002    0.000000033    0.000000000
    2.561769616    0.000000002    0.000000041    0.000000000
    2.568948247    0.000000002    0.000000047    0.000000000
    2.576126878    0.000000002    0.000000048    0.000000000
    2.583305509    0.000000002    0.000000044    0.000000000
    2.590484140    0.000000002    0.000000036    0.000000000
    2.597662771    0.000000002    0.000000027    0.000000000
    2.604841402    0.000000001    0.000000019    0.000000000
    2.612020033    0.000000001    0.000000012    0.000000000
    2.619198664    0.000000001    0.000000008    0.000000000
    2.626377295    0.000000001    0.000000005    0.000000001
    2.633555927    0.000000002    0.000000003    0.000000001
    2.640734558    0.000000002    0.000000002    0.000000001
    2.647913189    0.000000002    0.000000002    0.000000001
    2.655091820    0.000000002    0.000000001    0.000000001
    2.662270451    0.000000002    0.000000002    0.000000001
    2.669449082    0.000000002    0.000000002    0.000000002
    2.676627713    0.000000002    0.000000004    0.000000002
    2.683806344    0.000000003    0.000000008    0.000000002
    2.690984975    0.000000003    0.000000015    0.000000002
    2.698163606    0.000000003    0.000000037    0.000000002
    2.705342237    0.000000005    0.000000131    0.000000005
    2.712520868    0.000000016    0.000000560    0.000000017
    2.719699499    0.000000061    0.000002402    0.000000076
    2.726878130    0.000000246    0.000009421    0.000000315
    2.734056761    0.000000916    0.000032963    0.000001188
    2.741235392    0.000003085    0.000102055    0.000004010
    2.748414023    0.000009291    0.000278626    0.000012085
    2.755592654    0.000024971    0.000668721    0.000032473
    2.762771285    0.000059840    0.001404204    0.000077763
    2.769949917    0.000127828    0.002556082    0.000165921
    2.777128548    0.000243361    0.003973878    0.000315354
    2.784307179    0.000412888    0.005220225    0.000533806
    2.791485810    0.000624351    0.005910027    0.000805013
    2.798664441    0.000842432    0.006245577    0.001084451
    2.805843072    0.001018834    0.007421792    0.001318727
    2.813021703    0.001113839    0.012854324    0.001476924
    2.820200334    0.001092269    0.015491782    0.001497406
    2.827378965    0.000941809    0.013079181    0.001310595
    2.834557596    0.000716870    0.014366074    0.000998912
    2.841736227    0.000485273    0.017874255    0.000674830
    2.848914858    0.000292856    0.022606165    0.000406454
    2.856093489    0.000157633    0.027021360    0.000218515
    2.863272120    0.000075676    0.029267159    0.000104861
    2.870450751    0.000032401    0.029359315    0.000044907
    2.877629382    0.000012372    0.030468831    0.000017160
    2.884808013    0.000004215    0.044232966    0.000005851
    2.891986644    0.000001284    0.944352194    0.000001782
    2.899165275    0.000000353    0.009056771    0.000000487
    2.906343907    0.000000091    0.000546993    0.000000122
    2.913522538    0.000000026    0.000061328    0.000000031
    2.920701169    0.000000011    0.000009641    0.000000010
    2.927879800    0.000000008    0.000002402    0.000000006
    2.935058431    0.000000007    0.000000931    0.000000005
    2.942237062    0.000000006    0.000000439    0.000000004
    2.949415693    0.000000005    0.000000215    0.000000004
    2.956594324    0.000000004    0.000000104    0.000000003
    2.963772955    0.000000003    0.000000049    0.000000002
    2.970951586    0.000000002    0.000000023    0.000000002
    2.978130217    0.000000002    0.000000012    0.000000001
    2.985308848    0.000000002    0.000000010    0.000000001
    2.992487479    0.000000002    0.000000016    0.000000001
    2.999666110    0.000000004    0.000000031    0.000000001
    3.006844741    0.000000006    0.000000058    0.000000002
    3.014023372    0.000000008    0.000000097    0.000000003
    3.021202003    0.000000011    0.000000147    0.000000005
    3.028380634    0.000000014    0.000000204    0.000000006
    3.035559265    0.000000016    0.000000283    0.000000007
    3.042737896    0.000000017    0.000000508    0.000000010
    3.049916528    0.000000020    0.000001457    0.000000018
    3.057095159    0.000000037    0.000005309    0.000000058
    3.064273790    0.000000131    0.000019125    0.000000224
    3.071452421    0.000000585    0.000062493    0.000000850
    3.078631052    0.000002518    0.000181353    0.000002978
    3.085809683    0.000009834    0.000464519    0.000009560
    3.092988314    0.000034390    0.001045974    0.000028127
    3.100166945    0.000107144    0.002057728    0.000075879
    3.107345576    0.000296386    0.003495225    0.000187451
    3.114524207    0.000725604    0.005042385    0.000422526
    3.121702838    0.001565910    0.006147840    0.000863974
    3.128881469    0.002960525    0.006563767    0.001590458
    3.136060100    0.004857636    0.006787139    0.002614733
    3.143238731    0.006862491    0.008400454    0.003827295
    3.150417362    0.008432615    0.014090746    0.005027960
    3.157595993    0.009550594    0.013546760    0.006056094
    3.164774624    0.011773809    0.012072305    0.007522203
    3.171953255    0.021360731    0.012667025    0.012674041
    3.179131886    0.039909433    0.013213521    0.025930259
    3.186310518    0.047519849    0.013679383    0.035841334
    3.193489149    0.062120332    0.013526462    0.035804578
    3.200667780    0.087541786    0.012066196    0.026384577
    3.207846411    0.092541011    0.009569652    0.014609879
    3.215025042    0.047378235    0.006842584    0.006716570
    3.222203673    0.015900081    0.004496522    0.002753859
    3.229382304    0.004855025    0.002758521    0.001032157
    3.236560935    0.001528383    0.001604917    0.000364098
    3.243739566    0.000769218    0.000917335    0.000151355
    3.250918197    0.001034083    0.000614355    0.000146678
    3.258096828    0.002008350    0.000972448    0.000286700
    3.265275459    0.003726613    0.005555067    0.000598001
    3.272454090    0.006103292    0.192845535    0.001134060
    3.279632721    0.008602610    0.100190800    0.001911646
    3.286811352    0.010372026    0.028834014    0.002850956
    3.293989983    0.011071243    0.018024250    0.003780209
    3.301168614    0.011577536    0.013640369    0.004602853
    3.308347245    0.014852858    0.010943491    0.005718484
    3.315525876    0.026618646    0.008856600    0.008468787
    3.322704508    0.025890357    0.006681353    0.012020688
    3.329883139    0.023865686    0.004493026    0.011389541
    3.337061770    0.028147452    0.002737172    0.008001484
    3.344240401    0.036933778    0.001521670    0.004758955
    3.351419032    0.050149763    0.000770149    0.002508129
    3.358597663    0.068454730    0.000353492    0.001186906
    3.365776294    0.098108497    0.000146651    0.000505612
    3.372954925    0.193023853    0.000054852    0.000193624
    3.380133556    2.724492479    0.000018475    0.000066505
    3.387312187    0.050678470    0.000005641    0.000020476
    3.394490818    0.004042201    0.000001730    0.000005802
    3.401669449    0.000525580    0.000001192    0.000002203
    3.408848080    0.000077898    0.000003145    0.000003526
    3.416026711    0.000013709    0.000010546    0.000011272
    3.423205342    0.000007460    0.000032662    0.000034673
    3.430383973    0.000014146    0.000090724    0.000095039
    3.437562604    0.000030991    0.000225033    0.000230654
    3.444741235    0.000063837    0.000497636    0.000494335
    3.451919866    0.000122807    0.000980234    0.000932271
    3.459098497    0.000224621    0.001719377    0.001539317
    3.466277129    0.000402456    0.002688891    0.002216585
    3.473455760    0.000727881    0.003771075    0.002805123
    3.480634391    0.001341399    0.004833946    0.003255913
    3.487813022    0.002468312    0.005968868    0.003936821
    3.494991653    0.004369378    0.007748395    0.006221142
    3.502170284    0.007107968    0.010163435    0.010658743
    3.509348915    0.010221540    0.011827296    0.011739892
    3.516527546    0.012879747    0.012753366    0.009977751
    3.523706177    0.014641695    0.013428259    0.008220339
    3.530884808    0.016656249    0.014642716    0.007638272
    3.538063439    0.024458441    0.019834951    0.010037266
    3.545242070    0.051727697    0.038360997    0.015098522
    3.552420701    0.074340360    0.061762469    0.013424268
    3.559599332    0.092361145    0.064215672    0.014502922
    3.566777963    0.119486260    0.047907722    0.019544101
    3.573956594    0.119550963    0.027370924    0.030745996
    3.581135225    0.066872770    0.013112444    0.059468728
    3.588313856    0.025536046    0.005605975    0.156780076
    3.595492487    0.008626594    0.002184165    0.081028263
    3.602671119    0.002735808    0.000776035    0.010814466
    3.609849750    0.000809743    0.000250320    0.001905398
    3.617028381    0.000220940    0.000073058    0.000380983
    3.624207012    0.000055168    0.000019489    0.000092540
    3.631385643    0.000012810    0.000005580    0.000064400
    3.638564274    0.000003513    0.000004123    0.000131124
    3.645742905    0.000002945    0.000008803    0.000301909
    3.652921536    0.000005916    0.000021152    0.000640813
    3.660100167    0.000012467    0.000046331    0.001223323
    3.667278798    0.000023853    0.000090796    0.002078345
    3.674457429    0.000040881    0.000158847    0.003109797
    3.681636060    0.000062618    0.000247932    0.004074808
    3.688814691    0.000085642    0.000345209    0.004745525
    3.695993322    0.000104543    0.000429328    0.005241062
    3.703171953    0.000113955    0.000479376    0.006562804
    3.710350584    0.000111020    0.000483363    0.012169975
    3.717529215    0.000096577    0.000433820    0.022634684
    3.724707846    0.000075791    0.000342124    0.028211632
    3.731886477    0.000057496    0.000239240    0.027503162
    3.739065109    0.000054358    0.000150807    0.018074624
    3.746243740    0.000088255    0.000091021    0.008406870
    3.753422371    0.000200726    0.000066295    0.003491301
    3.760601002    0.000462596    0.000081996    0.001738430
    3.767779633    0.000967972    0.000147509    0.001491312
    3.774958264    0.001792484    0.000274808    0.001949686
    3.782136895    0.002910627    0.000468700    0.002690355
    3.789315526    0.004126087    0.000713129    0.003383863
    3.796494157    0.005151948    0.000965651    0.003817892
    3.803672788    0.005939129    0.001175745    0.004094988
    3.810851419    0.007279179    0.001333558    0.004957285
    3.818030050    0.012091566    0.001496703    0.008925536
    3.825208681    0.021973611    0.001657185    0.016395912
    3.832387312    0.025047881    0.001832891    0.020426732
    3.839565943    0.018715948    0.002206684    0.021587607
    3.846744574    0.010629917    0.002823641    0.015779583
    3.853923205    0.005341240    0.003513422    0.008632203
    3.861101836    0.002821158    0.004049789    0.005146507
    3.868280467    0.001958297    0.004475588    0.003948857
    3.875459098    0.001993540    0.005439276    0.003612909
    3.882637730    0.002534992    0.008109869    0.003711074
    3.889816361    0.003251949    0.012656520    0.004565460
    3.896994992    0.003870561    0.016098067    0.006036900
    3.904173623    0.004296549    0.017967974    0.006132123
    3.911352254    0.004729224    0.024420727    0.005566281
    3.918530885    0.005755276    0.037617146    0.005823428
    3.925709516    0.007091416    0.044163619    0.006598353
    3.932888147    0.007418373    0.024648658    0.006590162
    3.940066778    0.008370056    0.013045059    0.007005630
    3.947245409    0.009616719    0.009710663    0.008068397
    3.954424040    0.008383444    0.008501947    0.007777180
    3.961602671    0.008380719    0.007698952    0.008105214
    3.968781302    0.008991471    0.007537142    0.008818280
    3.975959933    0.008752184    0.009879565    0.008874564
    3.983138564    0.007179802    0.017969415    0.007671111
    3.990317195    0.005859805    0.021378981    0.007019669
    3.997495826    0.005342829    0.024652435    0.008199404
    4.004674457    0.004921271    0.027697787    0.011802521
    4.011853088    0.004288350    0.022260805    0.020281633
    4.019031720    0.003567739    0.014826899    0.029582407
    4.026210351    0.003152466    0.010684450    0.024278415
    4.033388982    0.003648168    0.009055802    0.017791819
    4.040567613    0.006066455    0.009767466    0.016412760
    4.047746244    0.012281252    0.011740013    0.015159181
    4.054924875    0.024648297    0.012273217    0.012852046
    4.062103506    0.041246176    0.010907571    0.010710609
    4.069282137    0.057220589    0.009168833    0.010042151
    4.076460768    0.060748785    0.009076247    0.012330316
    4.083639399    0.057245970    0.009491475    0.017419393
    4.090818030    0.061775574    0.011110075    0.021937894
    4.097996661    0.061348547    0.015329696    0.020425423
    4.105175292    0.052089138    0.023247339    0.017119393
    4.112353923    0.042800500    0.029692056    0.014161725
    4.119532554    0.035678744    0.028583529    0.012182414
    4.126711185    0.028918369    0.025009332    0.010955483
    4.133889816    0.025305987    0.016399272    0.009324859
    4.141068447    0.022096150    0.009661471    0.006462543
    4.148247078    0.011758109    0.008674883    0.004356691
    4.155425710    0.007917020    0.009856769    0.003683687
    4.162604341    0.007101400    0.012629642    0.003678569
    4.169782972    0.006508012    0.017684874    0.003885006
    4.176961603    0.005383128    0.024061449    0.004225836
    4.184140234    0.003844928    0.025822601    0.004482467
    4.191318865    0.002363603    0.017874197    0.003868048
    4.198497496    0.001268514    0.009355588    0.002806324
    4.205676127    0.000606147    0.006823066    0.002291371
    4.212854758    0.000263883    0.006169498    0.001997872
    4.220033389    0.000108379    0.005529724    0.001645559
    4.227212020    0.000044552    0.004475370    0.001220045
    4.234390651    0.000021066    0.003181808    0.000811343
    4.241569282    0.000016976    0.002003180    0.000509616
    4.248747913    0.000029078    0.001183113    0.000375801
    4.255926544    0.000065369    0.000813961    0.000467575
    4.263105175    0.000141952    0.000945656    0.000880841
    4.270283806    0.000278208    0.001699382    0.001767856
    4.277462437    0.000486495    0.003327870    0.003293365
    4.284641068    0.000757168    0.006198909    0.005450412
    4.291819699    0.001044357    0.010463095    0.007481456
    4.298998331    0.001261861    0.014663813    0.007329502
    4.306176962    0.001334571    0.017300670    0.005430496
    4.313355593    0.001273207    0.022322866    0.004376486
    4.320534224    0.001100974    0.032773746    0.003847420
    4.327712855    0.000853561    0.047929654    0.003269204
    4.334891486    0.000590504    0.056173074    0.002562724
    4.342070117    0.000364224    0.041859020    0.001844352
    4.349248748    0.000200384    0.028166892    0.001259388
    4.356427379    0.000098448    0.025398764    0.000852449
    4.363606010    0.000043311    0.026659469    0.000576230
    4.370784641    0.000017311    0.028862308    0.000385135
    4.377963272    0.000007171    0.032033812    0.000255787
    4.385141903    0.000006364    0.040700662    0.000193397
    4.392320534    0.000016473    0.094942664    0.000264234
    4.399499165    0.000051711    2.101958621    0.000721081
    4.406677796    0.000149861    0.088504284    0.002417881
    4.413856427    0.000389808    0.047032175    0.008172816
    4.421035058    0.000908208    0.038123680    0.026907303
    4.428213689    0.001896479    0.033086197    0.071542188
    4.435392321    0.003552083    0.028210820    0.089721640
    4.442570952    0.005965143    0.023765028    0.063777376
    4.449749583    0.008922220    0.021196802    0.045698181
    4.456928214    0.011555809    0.023936190    0.039994729
    4.464106845    0.012456939    0.037795675    0.029542750
    4.471285476    0.012018884    0.037633538    0.016476945
    4.478464107    0.011373072    0.037893909    0.014380728
    4.485642738    0.010560060    0.046596259    0.016776601
    4.492821369    0.009993235    0.048496745    0.022754841
    4.500000000    0.010547699    0.036412581    0.031556431
