# energy grid [eV]  eels components [arbitrary units]
#
    0.200000000    0.000000000    0.000000000    0.000000000
    0.207178631    0.000000000    0.000000000    0.000000000
    0.214357262    0.000000000    0.000000000    0.000000000
    0.221535893    0.000000000    0.000000000    0.000000000
    0.228714524    0.000000000    0.000000000    0.000000000
    0.235893155    0.000000000    0.000000000    0.000000000
    0.243071786    0.000000000    0.000000000    0.000000000
    0.250250417    0.000000000    0.000000000    0.000000000
    0.257429048    0.000000000    0.000000000    0.000000000
    0.264607679    0.000000000    0.000000000    0.000000000
    0.271786311    0.000000000    0.000000000    0.000000000
    0.278964942    0.000000000    0.000000000    0.000000000
    0.286143573    0.000000000    0.000000000    0.000000000
    0.293322204    0.000000000    0.000000000    0.000000000
    0.300500835    0.000000000    0.000000000    0.000000000
    0.307679466    0.000000000    0.000000000    0.000000000
    0.314858097    0.000000000    0.000000000    0.000000000
    0.322036728    0.000000000    0.000000000    0.000000000
    0.329215359    0.000000000    0.000000000    0.000000000
    0.336393990    0.000000000    0.000000000    0.000000000
    0.343572621    0.000000000    0.000000000    0.000000000
    0.350751252    0.000000000    0.000000000    0.000000000
    0.357929883    0.000000000    0.000000000    0.000000000
    0.365108514    0.000000000    0.000000000    0.000000000
    0.372287145    0.000000000    0.000000000    0.000000000
    0.379465776    0.000000000    0.000000000    0.000000000
    0.386644407    0.000000000    0.000000000    0.000000000
    0.393823038    0.000000000    0.000000000    0.000000000
    0.401001669    0.000000000    0.000000000    0.000000000
    0.408180301    0.000000000    0.000000000    0.000000000
    0.415358932    0.000000000    0.000000000    0.000000000
    0.422537563    0.000000000    0.000000000    0.000000000
    0.429716194    0.000000000    0.000000000    0.000000000
    0.436894825    0.000000000    0.000000000    0.000000000
    0.444073456    0.000000000    0.000000000    0.000000000
    0.451252087    0.000000000    0.000000000    0.000000000
    0.458430718    0.000000000    0.000000000    0.000000000
    0.465609349    0.000000000    0.000000000    0.000000000
    0.472787980    0.000000000    0.000000000    0.000000000
    0.479966611    0.000000000    0.000000000    0.000000000
    0.487145242    0.000000000    0.000000000    0.000000000
    0.494323873    0.000000000    0.000000000    0.000000000
    0.501502504    0.000000000    0.000000000    0.000000000
    0.508681135    0.000000000    0.000000000    0.000000000
    0.515859766    0.000000000    0.000000000    0.000000000
    0.523038397    0.000000000    0.000000000    0.000000000
    0.530217028    0.000000000    0.000000000    0.000000000
    0.537395659    0.000000000    0.000000000    0.000000000
    0.544574290    0.000000000    0.000000000    0.000000000
    0.551752922    0.000000000    0.000000000    0.000000000
    0.558931553    0.000000000    0.000000000    0.000000000
    0.566110184    0.000000000    0.000000000    0.000000000
    0.573288815    0.000000000    0.000000000    0.000000000
    0.580467446    0.000000000    0.000000000    0.000000000
    0.587646077    0.000000000    0.000000000    0.000000000
    0.594824708    0.000000000    0.000000000    0.000000000
    0.602003339    0.000000000    0.000000000    0.000000000
    0.609181970    0.000000000    0.000000000    0.000000000
    0.616360601    0.000000000    0.000000000    0.000000000
    0.623539232    0.000000000    0.000000000    0.000000000
    0.630717863    0.000000000    0.000000000    0.000000000
    0.637896494    0.000000000    0.000000000    0.000000000
    0.645075125    0.000000000    0.000000000    0.000000000
    0.652253756    0.000000000    0.000000000    0.000000000
    0.659432387    0.000000000    0.000000000    0.000000000
    0.666611018    0.000000000    0.000000000    0.000000000
    0.673789649    0.000000000    0.000000000    0.000000000
    0.680968280    0.000000000    0.000000000    0.000000000
    0.688146912    0.000000000    0.000000000    0.000000000
    0.695325543    0.000000000    0.000000000    0.000000000
    0.702504174    0.000000000    0.000000000    0.000000000
    0.709682805    0.000000000    0.000000000    0.000000000
    0.716861436    0.000000000    0.000000000    0.000000000
    0.724040067    0.000000000    0.000000000    0.000000000
    0.731218698    0.000000000    0.000000000    0.000000000
    0.738397329    0.000000000    0.000000000    0.000000000
    0.745575960    0.000000000    0.000000000    0.000000000
    0.752754591    0.000000000    0.000000000    0.000000000
    0.759933222    0.000000000    0.000000000    0.000000000
    0.767111853    0.000000000    0.000000000    0.000000000
    0.774290484    0.000000000    0.000000000    0.000000000
    0.781469115    0.000000000    0.000000000    0.000000000
    0.788647746    0.000000000    0.000000000    0.000000000
    0.795826377    0.000000000    0.000000000    0.000000000
    0.803005008    0.000000000    0.000000000    0.000000001
    0.810183639    0.000000001    0.000000002    0.000000004
    0.817362270    0.000000004    0.000000012    0.000000021
    0.824540902    0.000000018    0.000000059    0.000000106
    0.831719533    0.000000080    0.000000262    0.000000468
    0.838898164    0.000000315    0.000001033    0.000001843
    0.846076795    0.000001111    0.000003633    0.000006469
    0.853255426    0.000003501    0.000011402    0.000020263
    0.860434057    0.000009863    0.000031946    0.000056634
    0.867612688    0.000024866    0.000079956    0.000141292
    0.874791319    0.000056188    0.000178898    0.000314832
    0.881969950    0.000114018    0.000358228    0.000627056
    0.889148581    0.000208329    0.000642989    0.001117715
    0.896327212    0.000343932    0.001037030    0.001786907
    0.903505843    0.000515344    0.001509452    0.002575267
    0.910684474    0.000705342    0.002002322    0.003393357
    0.917863105    0.000889832    0.002467736    0.004215654
    0.925041736    0.001038157    0.002833688    0.004948733
    0.932220367    0.001111956    0.002940480    0.005176074
    0.939398998    0.001098993    0.002788161    0.004896762
    0.946577629    0.001008137    0.002465506    0.004340160
    0.953756260    0.000849734    0.001993816    0.003491561
    0.960934891    0.000662964    0.001468904    0.002516632
    0.968113523    0.000501340    0.001012132    0.001652477
    0.975292154    0.000406694    0.000689412    0.000999719
    0.982470785    0.000401195    0.000519631    0.000568144
    0.989649416    0.000482474    0.000485986    0.000320825
    0.996828047    0.000622397    0.000545504    0.000202102
    1.004006678    0.000773726    0.000641473    0.000157409
    1.011185309    0.000887503    0.000720343    0.000144477
    1.018363940    0.000926257    0.000743562    0.000136788
    1.025542571    0.000860339    0.000686535    0.000121979
    1.032721202    0.000704976    0.000561296    0.000098682
    1.039899833    0.000512988    0.000408104    0.000071595
    1.047078464    0.000332708    0.000264564    0.000046418
    1.054257095    0.000192501    0.000153016    0.000026861
    1.061435726    0.000099372    0.000078959    0.000013867
    1.068614357    0.000045764    0.000036349    0.000006386
    1.075792988    0.000018801    0.000014927    0.000002623
    1.082971619    0.000006890    0.000005468    0.000000962
    1.090150250    0.000002252    0.000001788    0.000000320
    1.097328881    0.000000658    0.000000530    0.000000122
    1.104507513    0.000000177    0.000000178    0.000000158
    1.111686144    0.000000065    0.000000198    0.000000533
    1.118864775    0.000000096    0.000000591    0.000001850
    1.126043406    0.000000278    0.000001831    0.000005781
    1.133222037    0.000000771    0.000005102    0.000016114
    1.140400668    0.000001917    0.000012686    0.000040046
    1.147579299    0.000004254    0.000028132    0.000088729
    1.154757930    0.000008418    0.000055625    0.000175258
    1.161936561    0.000014856    0.000098071    0.000308570
    1.169115192    0.000023379    0.000154171    0.000484306
    1.176293823    0.000032811    0.000216155    0.000678089
    1.183472454    0.000041075    0.000270562    0.000849632
    1.190651085    0.000045891    0.000303119    0.000960101
    1.197829716    0.000045796    0.000303911    0.000977066
    1.205008347    0.000040925    0.000271409    0.000877925
    1.212186978    0.000033215    0.000217279    0.000696452
    1.219365609    0.000025811    0.000160397    0.000493170
    1.226544240    0.000022339    0.000119427    0.000316805
    1.233722871    0.000026519    0.000109604    0.000194026
    1.240901503    0.000041866    0.000141924    0.000130908
    1.248080134    0.000070827    0.000221900    0.000120234
    1.255258765    0.000112966    0.000345655    0.000148326
    1.262437396    0.000163014    0.000495155    0.000198222
    1.269616027    0.000210640    0.000638595    0.000251001
    1.276794658    0.000243486    0.000741098    0.000288704
    1.283973289    0.000251885    0.000775409    0.000298488
    1.291151920    0.000232062    0.000720674    0.000275045
    1.298330551    0.000190007    0.000591000    0.000225166
    1.305509182    0.000138597    0.000430393    0.000164173
    1.312687813    0.000090353    0.000279383    0.000106887
    1.319866444    0.000053246    0.000162004    0.000062611
    1.327045075    0.000030029    0.000084522    0.000034295
    1.334223706    0.000020233    0.000041231    0.000020839
    1.341402337    0.000022929    0.000022416    0.000020436
    1.348580968    0.000038529    0.000020182    0.000033153
    1.355759599    0.000069024    0.000030971    0.000062298
    1.362938230    0.000117245    0.000055990    0.000115108
    1.370116861    0.000186503    0.000101138    0.000203247
    1.377295492    0.000281847    0.000176966    0.000342398
    1.384474124    0.000412933    0.000297804    0.000548809
    1.391652755    0.000595033    0.000478250    0.000829478
    1.398831386    0.000843045    0.000725841    0.001165799
    1.406010017    0.001166345    0.001035103    0.001511692
    1.413188648    0.001563293    0.001388225    0.001815713
    1.420367279    0.002013346    0.001758339    0.002042402
    1.427545910    0.002439649    0.002077176    0.002106298
    1.434724541    0.002741775    0.002262820    0.001943457
    1.441903172    0.002903831    0.002308752    0.001635556
    1.449081803    0.002866863    0.002192808    0.001272286
    1.456260434    0.002502444    0.001863858    0.000912528
    1.463439065    0.001928176    0.001412876    0.000607845
    1.470617696    0.001347643    0.000971245    0.000384094
    1.477796327    0.000886954    0.000619375    0.000242558
    1.484974958    0.000593905    0.000386323    0.000171223
    1.492153589    0.000456477    0.000262212    0.000151708
    1.499332220    0.000427038    0.000215418    0.000163673
    1.506510851    0.000448469    0.000210036    0.000189265
    1.513689482    0.000475842    0.000219010    0.000218678
    1.520868114    0.000485714    0.000230706    0.000254951
    1.528046745    0.000479474    0.000250469    0.000315789
    1.535225376    0.000485590    0.000298314    0.000429812
    1.542404007    0.000537902    0.000398709    0.000621095
    1.549582638    0.000652734    0.000568040    0.000888922
    1.556761269    0.000817079    0.000805028    0.001195612
    1.563939900    0.000993359    0.001089367    0.001478006
    1.571118531    0.001140483    0.001391394    0.001683521
    1.578297162    0.001217145    0.001665038    0.001754791
    1.585475793    0.001181412    0.001835254    0.001614427
    1.592654424    0.001054473    0.001880331    0.001318834
    1.599833055    0.000891630    0.001814553    0.000988134
    1.607011686    0.000738210    0.001616111    0.000712274
    1.614190317    0.000630401    0.001332712    0.000541709
    1.621368948    0.000584820    0.001060056    0.000488549
    1.628547579    0.000592781    0.000855994    0.000536630
    1.635726210    0.000630163    0.000735138    0.000655873
    1.642904841    0.000670185    0.000681231    0.000811803
    1.650083472    0.000687709    0.000660844    0.000963661
    1.657262104    0.000674772    0.000646698    0.001075180
    1.664440735    0.000649235    0.000631664    0.001134906
    1.671619366    0.000635248    0.000619303    0.001137722
    1.678797997    0.000650945    0.000616861    0.001082820
    1.685976628    0.000705039    0.000634836    0.001010527
    1.693155259    0.000789380    0.000676025    0.000964958
    1.700333890    0.000882322    0.000733659    0.000965639
    1.707512521    0.000960168    0.000799132    0.001012602
    1.714691152    0.001000810    0.000865636    0.001099000
    1.721869783    0.000996772    0.000932244    0.001205666
    1.729048414    0.000960635    0.001000888    0.001305808
    1.736227045    0.000911870    0.001067572    0.001381361
    1.743405676    0.000861148    0.001116580    0.001417320
    1.750584307    0.000810652    0.001127801    0.001403647
    1.757762938    0.000752578    0.001067170    0.001304983
    1.764941569    0.000686346    0.000921704    0.001111462
    1.772120200    0.000629010    0.000731975    0.000875508
    1.779298831    0.000594113    0.000545130    0.000647637
    1.786477462    0.000579302    0.000390034    0.000455405
    1.793656093    0.000568541    0.000276226    0.000308718
    1.800834725    0.000543450    0.000200890    0.000207261
    1.808013356    0.000488374    0.000156448    0.000145242
    1.815191987    0.000403229    0.000137582    0.000116890
    1.822370618    0.000307848    0.000143244    0.000118397
    1.829549249    0.000224991    0.000174869    0.000147603
    1.836727880    0.000170711    0.000234472    0.000204015
    1.843906511    0.000151682    0.000323692    0.000289455
    1.851085142    0.000166657    0.000442505    0.000407371
    1.858263773    0.000209256    0.000584031    0.000556785
    1.865442404    0.000270249    0.000732076    0.000725936
    1.872621035    0.000339494    0.000867484    0.000892985
    1.879799666    0.000407912    0.000976209    0.001033242
    1.886978297    0.000467880    0.001047695    0.001127236
    1.894156928    0.000517334    0.001080337    0.001155276
    1.901335559    0.000565701    0.001099441    0.001118533
    1.908514190    0.000627998    0.001143313    0.001060082
    1.915692821    0.000718708    0.001231686    0.001020679
    1.922871452    0.000850942    0.001360812    0.001020316
    1.930050083    0.001025157    0.001495560    0.001051646
    1.937228715    0.001224709    0.001573147    0.001086496
    1.944407346    0.001433417    0.001573139    0.001110459
    1.951585977    0.001626174    0.001490590    0.001113921
    1.958764608    0.001751165    0.001315392    0.001083058
    1.965943239    0.001803301    0.001104080    0.001025433
    1.973121870    0.001806107    0.000930626    0.000952640
    1.980300501    0.001771673    0.000843152    0.000876607
    1.987479132    0.001715731    0.000858988    0.000811512
    1.994657763    0.001665451    0.000963365    0.000770749
    2.001836394    0.001650554    0.001119802    0.000766082
    2.009015025    0.001668885    0.001288434    0.000795257
    2.016193656    0.001685504    0.001429634    0.000842698
    2.023372287    0.001657848    0.001493902    0.000889353
    2.030550918    0.001569135    0.001472610    0.000913972
    2.037729549    0.001424161    0.001396021    0.000905583
    2.044908180    0.001270198    0.001304304    0.000872313
    2.052086811    0.001155100    0.001214340    0.000826252
    2.059265442    0.001097729    0.001143429    0.000785114
    2.066444073    0.001091733    0.001108147    0.000762131
    2.073622705    0.001110274    0.001108489    0.000757920
    2.080801336    0.001121374    0.001131317    0.000762857
    2.087979967    0.001112730    0.001166479    0.000768395
    2.095158598    0.001092838    0.001209790    0.000772844
    2.102337229    0.001071737    0.001246755    0.000778250
    2.109515860    0.001050778    0.001254575    0.000787048
    2.116694491    0.001029562    0.001218327    0.000800471
    2.123873122    0.001002675    0.001128355    0.000820777
    2.131051753    0.000966029    0.001002480    0.000851956
    2.138230384    0.000917537    0.000880794    0.000899122
    2.145409015    0.000864051    0.000789636    0.000958397
    2.152587646    0.000820788    0.000739163    0.001015470
    2.159766277    0.000803666    0.000731763    0.001065276
    2.166944908    0.000826191    0.000767418    0.001115125
    2.174123539    0.000894249    0.000844913    0.001178785
    2.181302170    0.001008813    0.000966583    0.001263211
    2.188480801    0.001166190    0.001136311    0.001384723
    2.195659432    0.001353561    0.001349358    0.001568427
    2.202838063    0.001545516    0.001591017    0.001819206
    2.210016694    0.001707076    0.001838025    0.002122820
    2.217195326    0.001831602    0.002082506    0.002455875
    2.224373957    0.001883928    0.002276493    0.002729195
    2.231552588    0.001842877    0.002372723    0.002880235
    2.238731219    0.001746504    0.002396537    0.002888749
    2.245909850    0.001629535    0.002387524    0.002752010
    2.253088481    0.001479101    0.002304642    0.002449941
    2.260267112    0.001276488    0.002083978    0.001983008
    2.267445743    0.001060452    0.001792644    0.001502536
    2.274624374    0.000870307    0.001496780    0.001134133
    2.281803005    0.000724057    0.001211223    0.000941864
    2.288981636    0.000628891    0.000941119    0.000950265
    2.296160267    0.000582210    0.000701883    0.001151981
    2.303338898    0.000577468    0.000512133    0.001507414
    2.310517529    0.000607152    0.000380418    0.001944171
    2.317696160    0.000663701    0.000304234    0.002384453
    2.324874791    0.000740382    0.000273168    0.002801413
    2.332053422    0.000832675    0.000273483    0.003143653
    2.339232053    0.000935883    0.000292129    0.003180532
    2.346410684    0.001049694    0.000319939    0.002956703
    2.353589316    0.001172455    0.000351555    0.002671927
    2.360767947    0.001295278    0.000385186    0.002436464
    2.367946578    0.001409054    0.000422851    0.002288142
    2.375125209    0.001509740    0.000467447    0.002222883
    2.382303840    0.001606435    0.000522398    0.002243284
    2.389482471    0.001693648    0.000588589    0.002311925
    2.396661102    0.001741268    0.000665959    0.002356904
    2.403839733    0.001758825    0.000760691    0.002374807
    2.411018364    0.001784416    0.000882206    0.002400097
    2.418196995    0.001844546    0.001037502    0.002423348
    2.425375626    0.001969239    0.001222625    0.002438482
    2.432554257    0.002173539    0.001423487    0.002479451
    2.439732888    0.002449931    0.001621608    0.002541978
    2.446911519    0.002762769    0.001798840    0.002666738
    2.454090150    0.003017703    0.001912892    0.002918576
    2.461268781    0.003142983    0.001916661    0.003295123
    2.468447412    0.003127383    0.001819754    0.003793688
    2.475626043    0.002859847    0.001633350    0.004357829
    2.482804674    0.002423328    0.001425889    0.004914495
    2.489983306    0.002001878    0.001269476    0.005614312
    2.497161937    0.001684547    0.001187238    0.006381162
    2.504340568    0.001479649    0.001166053    0.006371785
    2.511519199    0.001376852    0.001187358    0.005680095
    2.518697830    0.001346917    0.001220591    0.004897316
    2.525876461    0.001363836    0.001251071    0.004431184
    2.533055092    0.001433764    0.001311532    0.004509522
    2.540233723    0.001554747    0.001425569    0.005093189
    2.547412354    0.001712140    0.001591457    0.005939768
    2.554590985    0.001892910    0.001792857    0.006880482
    2.561769616    0.002060497    0.002000561    0.008223082
    2.568948247    0.002180357    0.002181321    0.010459051
    2.576126878    0.002219715    0.002255872    0.011683156
    2.583305509    0.002179911    0.002189296    0.010346333
    2.590484140    0.002088998    0.002043044    0.007931211
    2.597662771    0.001952464    0.001855053    0.005646574
    2.604841402    0.001754063    0.001629950    0.003828145
    2.612020033    0.001561758    0.001446130    0.002525029
    2.619198664    0.001463802    0.001394488    0.001709132
    2.626377295    0.001514303    0.001520645    0.001277401
    2.633555927    0.001712541    0.001806055    0.001112280
    2.640734558    0.001998532    0.002174983    0.001108165
    2.647913189    0.002290934    0.002545300    0.001176198
    2.655091820    0.002563777    0.002908143    0.001253176
    2.662270451    0.002790827    0.003249887    0.001295621
    2.669449082    0.002722467    0.003230609    0.001258919
    2.676627713    0.002357300    0.002792041    0.001159420
    2.683806344    0.001964308    0.002253193    0.001061489
    2.690984975    0.001714051    0.001843231    0.001023601
    2.698163606    0.001652720    0.001636399    0.001074898
    2.705342237    0.001744387    0.001609066    0.001208736
    2.712520868    0.001927654    0.001704542    0.001397880
    2.719699499    0.002142459    0.001858351    0.001605849
    2.726878130    0.002316135    0.002017803    0.001789245
    2.734056761    0.002357708    0.002117931    0.001905629
    2.741235392    0.002242223    0.002116246    0.001929671
    2.748414023    0.002087652    0.002081116    0.001895604
    2.755592654    0.001968238    0.002050717    0.001833154
    2.762771285    0.001914049    0.002040544    0.001732168
    2.769949917    0.001954263    0.002076536    0.001616307
    2.777128548    0.002077569    0.002151501    0.001515901
    2.784307179    0.002242033    0.002248762    0.001432131
    2.791485810    0.002430589    0.002369248    0.001353467
    2.798664441    0.002678283    0.002522228    0.001261103
    2.805843072    0.002869746    0.002605076    0.001157823
    2.813021703    0.002830275    0.002511999    0.001068418
    2.820200334    0.002649104    0.002321726    0.001015931
    2.827378965    0.002458758    0.002134031    0.001001289
    2.834557596    0.002293997    0.001974066    0.001002475
    2.841736227    0.002131119    0.001829106    0.001000302
    2.848914858    0.001950794    0.001707062    0.000984204
    2.856093489    0.001713851    0.001577118    0.000942857
    2.863272120    0.001457512    0.001452132    0.000887079
    2.870450751    0.001249393    0.001374867    0.000851615
    2.877629382    0.001114338    0.001362709    0.000862490
    2.884808013    0.001039713    0.001411289    0.000927336
    2.891986644    0.000996286    0.001475942    0.001032218
    2.899165275    0.000975506    0.001514681    0.001150042
    2.906343907    0.000983398    0.001547353    0.001260134
    2.913522538    0.001025034    0.001597861    0.001348134
    2.920701169    0.001110398    0.001672182    0.001377643
    2.927879800    0.001258063    0.001776051    0.001329449
    2.935058431    0.001469816    0.001880079    0.001244257
    2.942237062    0.001738901    0.001982542    0.001176285
    2.949415693    0.002039134    0.002103608    0.001164342
    2.956594324    0.002332517    0.002242803    0.001223970
    2.963772955    0.002673252    0.002449291    0.001353791
    2.970951586    0.003273408    0.002873491    0.001531968
    2.978130217    0.003899847    0.003329130    0.001733505
    2.985308848    0.004014202    0.003445747    0.001956172
    2.992487479    0.003925708    0.003473598    0.002135526
    2.999666110    0.003915983    0.003594947    0.002238013
    3.006844741    0.004069667    0.003835102    0.002332828
    3.014023372    0.004593254    0.004368887    0.002450624
    3.021202003    0.005803081    0.005521091    0.002606020
    3.028380634    0.007610602    0.007264896    0.002817077
    3.035559265    0.008853194    0.008462872    0.003130196
    3.042737896    0.009120650    0.008705174    0.003371627
    3.049916528    0.009502539    0.009051100    0.003324653
    3.057095159    0.009371845    0.008932347    0.003089579
    3.064273790    0.009307186    0.008985766    0.002823112
    3.071452421    0.012056119    0.011687336    0.002622858
    3.078631052    0.019729879    0.018631296    0.002493740
    3.085809683    0.026009914    0.024149262    0.002417987
    3.092988314    0.030644547    0.028403940    0.002352145
    3.100166945    0.032630330    0.031228362    0.002133611
    3.107345576    0.027420185    0.028270943    0.001770122
    3.114524207    0.020002938    0.021785209    0.001447588
    3.121702838    0.016380069    0.018099495    0.001295248
    3.128881469    0.018699573    0.020841856    0.001372424
    3.136060100    0.026790019    0.030444689    0.001688191
    3.143238731    0.031058714    0.036184094    0.002179701
    3.150417362    0.029808851    0.035606216    0.002747530
    3.157595993    0.026542427    0.031675150    0.003369491
    3.164774624    0.022214795    0.026342905    0.004204823
    3.171953255    0.019479187    0.023615709    0.005555391
    3.179131886    0.018363727    0.022463448    0.006727838
    3.186310518    0.016347010    0.018980098    0.007282804
    3.193489149    0.014244344    0.015085478    0.009338941
    3.200667780    0.013217751    0.012856578    0.014587936
    3.207846411    0.012066448    0.011368209    0.017445843
    3.215025042    0.010774242    0.010419927    0.016023077
    3.222203673    0.010270371    0.010538877    0.014040479
    3.229382304    0.011319617    0.011843182    0.012050217
    3.236560935    0.014612898    0.014409519    0.010465723
    3.243739566    0.016287432    0.014726390    0.010690944
    3.250918197    0.014348427    0.012295841    0.014400255
    3.258096828    0.011599273    0.009868273    0.020727105
    3.265275459    0.009493913    0.008239356    0.024075620
    3.272454090    0.008289720    0.007555542    0.024086832
    3.279632721    0.007998159    0.007897971    0.024208297
    3.286811352    0.007444127    0.007936028    0.026771972
    3.293989983    0.006132912    0.006777155    0.025096944
    3.301168614    0.005050075    0.005585535    0.018785364
    3.308347245    0.004588499    0.005028753    0.014048458
    3.315525876    0.004609403    0.004958894    0.012065363
    3.322704508    0.004805402    0.005057154    0.012922233
    3.329883139    0.005094041    0.005273579    0.016261413
    3.337061770    0.005803469    0.005881408    0.019054043
    3.344240401    0.008095699    0.007955029    0.023068136
    3.351419032    0.011937715    0.011440447    0.025525940
    3.358597663    0.013350429    0.012796045    0.021972705
    3.365776294    0.013277461    0.012915655    0.017041949
    3.372954925    0.014771768    0.014816168    0.014676996
    3.380133556    0.016786873    0.017156274    0.014911090
    3.387312187    0.016467669    0.016777409    0.015451368
    3.394490818    0.014959731    0.015230020    0.015524221
    3.401669449    0.012913740    0.013172156    0.017280458
    3.408848080    0.011533815    0.011808906    0.020640077
    3.416026711    0.011784649    0.012430141    0.020680872
    3.423205342    0.013094125    0.014493307    0.018082789
    3.430383973    0.013210295    0.014589579    0.015973549
    3.437562604    0.012751432    0.012960791    0.015127041
    3.444741235    0.011963133    0.011116192    0.015411694
    3.451919866    0.010712448    0.009847759    0.015925671
    3.459098497    0.009819703    0.009333978    0.015508559
    3.466277129    0.009500469    0.009389023    0.014252446
    3.473455760    0.008857883    0.009191854    0.013272555
    3.480634391    0.008136935    0.008661943    0.011898861
    3.487813022    0.007334344    0.007692654    0.010353061
    3.494991653    0.006557165    0.006733683    0.010072073
    3.502170284    0.006373420    0.006401391    0.010460631
    3.509348915    0.006983610    0.006706818    0.009898723
    3.516527546    0.007725169    0.007130573    0.009209915
    3.523706177    0.008524208    0.007947395    0.008796348
    3.530884808    0.010390750    0.010026637    0.008533329
    3.538063439    0.010983502    0.010608794    0.008479366
    3.545242070    0.011377283    0.010908486    0.008304750
    3.552420701    0.012207691    0.011760269    0.008538948
    3.559599332    0.012700618    0.012325883    0.010294884
    3.566777963    0.013218605    0.012904306    0.013527575
    3.573956594    0.014213130    0.013944391    0.016324509
    3.581135225    0.014280852    0.013994420    0.017487183
    3.588313856    0.013113920    0.012735122    0.016983391
    3.595492487    0.013451506    0.013042683    0.016990959
    3.602671119    0.015336084    0.015075787    0.017204638
    3.609849750    0.017411459    0.017523755    0.016370318
    3.617028381    0.017754462    0.018259191    0.016673472
    3.624207012    0.015974474    0.016478934    0.019264915
    3.631385643    0.013074554    0.013154472    0.020165681
    3.638564274    0.012052083    0.011634776    0.017344517
    3.645742905    0.013631241    0.012788402    0.014264058
    3.652921536    0.015855491    0.015149621    0.013662643
    3.660100167    0.016938010    0.017577516    0.015720389
    3.667278798    0.019457976    0.022097377    0.017105302
    3.674457429    0.026757838    0.031050313    0.017347101
    3.681636060    0.035908705    0.038838894    0.017780503
    3.688814691    0.038374650    0.036372302    0.018055381
    3.695993322    0.033402964    0.029676752    0.018564433
    3.703171953    0.028574118    0.025123217    0.018886959
    3.710350584    0.024968101    0.022323953    0.019068193
    3.717529215    0.019123545    0.017453257    0.019200085
    3.724707846    0.016608940    0.014135968    0.019217584
    3.731886477    0.016631014    0.013383301    0.018934153
    3.739065109    0.017328745    0.013789590    0.018855798
    3.746243740    0.017093022    0.013522838    0.018948185
    3.753422371    0.017280024    0.013391055    0.018886355
    3.760601002    0.017320093    0.013576391    0.018229352
    3.767779633    0.015254454    0.013197681    0.016169838
    3.774958264    0.012864379    0.012215441    0.014821715
    3.782136895    0.010988829    0.010237636    0.016180125
    3.789315526    0.010709459    0.009167473    0.019177036
    3.796494157    0.012326204    0.009787806    0.022947432
    3.803672788    0.016262093    0.011678004    0.027710237
    3.810851419    0.023036637    0.014540735    0.029830452
    3.818030050    0.030459716    0.018023447    0.028038832
    3.825208681    0.033425385    0.021259394    0.025207304
    3.832387312    0.031065375    0.024826615    0.021727696
    3.839565943    0.024749951    0.028222358    0.015889023
    3.846744574    0.019394271    0.028000920    0.012604756
    3.853923205    0.016804776    0.026447492    0.012614296
    3.861101836    0.016656802    0.027609782    0.013267300
    3.868280467    0.018240007    0.031127819    0.013825690
    3.875459098    0.021895063    0.035303562    0.015159524
    3.882637730    0.025059124    0.033419331    0.016859953
    3.889816361    0.025207517    0.027414377    0.016712466
    3.896994992    0.025757580    0.026438838    0.014821516
    3.904173623    0.026823349    0.027554532    0.015026776
    3.911352254    0.024890817    0.026297706    0.016806097
    3.918530885    0.024656507    0.027281302    0.019303138
    3.925709516    0.027651849    0.030897879    0.020510146
    3.932888147    0.031322670    0.033503412    0.019685147
    3.940066778    0.038063338    0.036395532    0.020125890
    3.947245409    0.046763862    0.037032076    0.023563400
    3.954424040    0.049239420    0.029691827    0.031881322
    3.961602671    0.046951332    0.023054424    0.051667011
    3.968781302    0.042909232    0.021688947    0.099753991
    3.975959933    0.034023895    0.022110746    0.186650548
    3.983138564    0.023840785    0.021686904    0.217248124
    3.990317195    0.020822427    0.022463767    0.175211720
    3.997495826    0.021957430    0.023981317    0.134147596
    4.004674457    0.023650474    0.023327670    0.107403955
    4.011853088    0.026879326    0.024256443    0.079371487
    4.019031720    0.032920285    0.029542481    0.058338924
    4.026210351    0.038996888    0.038070999    0.046252057
    4.033388982    0.043096951    0.048088929    0.035026389
    4.040567613    0.044368788    0.054284161    0.026551367
    4.047746244    0.041132168    0.050190176    0.022632712
    4.054924875    0.034812735    0.044353129    0.022446316
    4.062103506    0.031274856    0.049454846    0.023054622
    4.069282137    0.032768993    0.063706099    0.021775542
    4.076460768    0.041118965    0.078182276    0.020088011
    4.083639399    0.056797669    0.081285672    0.021055505
    4.090818030    0.076453774    0.081634307    0.022851976
    4.097996661    0.090010781    0.091879393    0.021644253
    4.105175292    0.089355243    0.099763630    0.020058413
    4.112353923    0.081389433    0.089161606    0.020179771
    4.119532554    0.075456850    0.067042215    0.021458804
    4.126711185    0.070415607    0.050559113    0.025449280
    4.133889816    0.065622024    0.041506100    0.028204981
    4.141068447    0.062494094    0.036883378    0.030004274
    4.148247078    0.060187969    0.037185701    0.032903308
    4.155425710    0.056512385    0.036928581    0.036004110
    4.162604341    0.051997200    0.033174896    0.038293505
    4.169782972    0.046987391    0.033100727    0.038241060
    4.176961603    0.042919543    0.035497502    0.036875686
    4.184140234    0.038983793    0.039058825    0.033337420
    4.191318865    0.035867977    0.040700715    0.027520047
    4.198497496    0.033835377    0.038669192    0.024644043
    4.205676127    0.030107671    0.035336403    0.025054952
    4.212854758    0.026352842    0.032234791    0.024104642
    4.220033389    0.025549702    0.028815426    0.022557011
    4.227212020    0.025173561    0.024342646    0.021958257
    4.234390651    0.025111893    0.023096379    0.021521104
    4.241569282    0.026129745    0.023586693    0.021412627
    4.248747913    0.028118094    0.022970891    0.021010528
    4.255926544    0.030997835    0.021942659    0.020079924
    4.263105175    0.033167471    0.021921800    0.020001596
    4.270283806    0.031782846    0.020733871    0.019601767
    4.277462437    0.029304304    0.018879661    0.018645963
    4.284641068    0.026849857    0.018499839    0.017235242
    4.291819699    0.023058287    0.018771143    0.015208741
    4.298998331    0.021179764    0.019208838    0.013760086
    4.306176962    0.021357281    0.018327586    0.011916415
    4.313355593    0.021615865    0.017031025    0.009765120
    4.320534224    0.021031432    0.016586421    0.009330760
    4.327712855    0.018047211    0.015273718    0.009495767
    4.334891486    0.015617766    0.014735580    0.009296746
    4.342070117    0.015241831    0.015403561    0.008784224
    4.349248748    0.014751309    0.014846637    0.008060789
    4.356427379    0.013696216    0.013687590    0.007733992
    4.363606010    0.012942271    0.012838879    0.007812499
    4.370784641    0.012404594    0.012083046    0.007954676
    4.377963272    0.012997100    0.012154742    0.008384348
    4.385141903    0.015067608    0.013381837    0.009567133
    4.392320534    0.016787386    0.014663474    0.011754596
    4.399499165    0.016541470    0.014790038    0.014301912
    4.406677796    0.016898777    0.015336555    0.015484040
    4.413856427    0.016931443    0.015338108    0.013146107
    4.421035058    0.014384062    0.013643590    0.009992087
    4.428213689    0.012636980    0.012535540    0.008348642
    4.435392321    0.012623151    0.012201333    0.007706869
    4.442570952    0.012750790    0.011570402    0.007388546
    4.449749583    0.012587550    0.011190741    0.007520022
    4.456928214    0.012674160    0.011737296    0.008289083
    4.464106845    0.012454995    0.013066388    0.009936173
    4.471285476    0.011366146    0.013976741    0.012521370
    4.478464107    0.010243873    0.014126357    0.015887866
    4.485642738    0.009496303    0.013901396    0.019121947
    4.492821369    0.008889949    0.012601361    0.021362752
    4.500000000    0.008513416    0.011305018    0.023508135
