# energy grid [eV]  eels components [arbitrary units]
#
    0.200000000    0.000000000    0.000000000    0.000000000
    0.207178631    0.000000000    0.000000000    0.000000000
    0.214357262    0.000000000    0.000000000    0.000000000
    0.221535893    0.000000000    0.000000000    0.000000000
    0.228714524    0.000000000    0.000000000    0.000000000
    0.235893155    0.000000000    0.000000000    0.000000000
    0.243071786    0.000000000    0.000000000    0.000000000
    0.250250417    0.000000000    0.000000000    0.000000000
    0.257429048    0.000000000    0.000000000    0.000000000
    0.264607679    0.000000000    0.000000000    0.000000000
    0.271786311    0.000000000    0.000000000    0.000000000
    0.278964942    0.000000000    0.000000000    0.000000000
    0.286143573    0.000000000    0.000000000    0.000000000
    0.293322204    0.000000000    0.000000000    0.000000000
    0.300500835    0.000000000    0.000000000    0.000000000
    0.307679466    0.000000000    0.000000000    0.000000000
    0.314858097    0.000000000    0.000000000    0.000000000
    0.322036728    0.000000000    0.000000000    0.000000000
    0.329215359    0.000000000    0.000000000    0.000000000
    0.336393990    0.000000000    0.000000000    0.000000000
    0.343572621    0.000000000    0.000000000    0.000000000
    0.350751252    0.000000000    0.000000000    0.000000000
    0.357929883    0.000000000    0.000000000    0.000000000
    0.365108514    0.000000000    0.000000000    0.000000000
    0.372287145    0.000000000    0.000000000    0.000000000
    0.379465776    0.000000000    0.000000000    0.000000000
    0.386644407    0.000000000    0.000000000    0.000000000
    0.393823038    0.000000000    0.000000000    0.000000000
    0.401001669    0.000000000    0.000000000    0.000000000
    0.408180301    0.000000000    0.000000000    0.000000000
    0.415358932    0.000000000    0.000000000    0.000000000
    0.422537563    0.000000000    0.000000000    0.000000000
    0.429716194    0.000000000    0.000000000    0.000000000
    0.436894825    0.000000000    0.000000000    0.000000000
    0.444073456    0.000000000    0.000000000    0.000000000
    0.451252087    0.000000000    0.000000000    0.000000000
    0.458430718    0.000000000    0.000000000    0.000000000
    0.465609349    0.000000000    0.000000000    0.000000000
    0.472787980    0.000000000    0.000000000    0.000000000
    0.479966611    0.000000000    0.000000000    0.000000000
    0.487145242    0.000000000    0.000000000    0.000000000
    0.494323873    0.000000000    0.000000000    0.000000000
    0.501502504    0.000000000    0.000000000    0.000000000
    0.508681135    0.000000000    0.000000000    0.000000000
    0.515859766    0.000000000    0.000000000    0.000000000
    0.523038397    0.000000000    0.000000000    0.000000000
    0.530217028    0.000000000    0.000000000    0.000000000
    0.537395659    0.000000000    0.000000000    0.000000000
    0.544574290    0.000000000    0.000000000    0.000000000
    0.551752922    0.000000000    0.000000000    0.000000000
    0.558931553    0.000000000    0.000000000    0.000000000
    0.566110184    0.000000000    0.000000000    0.000000000
    0.573288815    0.000000000    0.000000000    0.000000000
    0.580467446    0.000000000    0.000000000    0.000000000
    0.587646077    0.000000000    0.000000000    0.000000000
    0.594824708    0.000000000    0.000000000    0.000000000
    0.602003339    0.000000000    0.000000000    0.000000000
    0.609181970    0.000000000    0.000000000    0.000000000
    0.616360601    0.000000000    0.000000000    0.000000000
    0.623539232    0.000000000    0.000000000    0.000000000
    0.630717863    0.000000000    0.000000000    0.000000000
    0.637896494    0.000000000    0.000000000    0.000000000
    0.645075125    0.000000000    0.000000000    0.000000000
    0.652253756    0.000000000    0.000000000    0.000000000
    0.659432387    0.000000000    0.000000000    0.000000000
    0.666611018    0.000000000    0.000000000    0.000000000
    0.673789649    0.000000000    0.000000000    0.000000000
    0.680968280    0.000000000    0.000000000    0.000000000
    0.688146912    0.000000000    0.000000000    0.000000000
    0.695325543    0.000000000    0.000000000    0.000000000
    0.702504174    0.000000000    0.000000000    0.000000000
    0.709682805    0.000000000    0.000000000    0.000000000
    0.716861436    0.000000000    0.000000000    0.000000000
    0.724040067    0.000000000    0.000000000    0.000000000
    0.731218698    0.000000000    0.000000000    0.000000000
    0.738397329    0.000000000    0.000000000    0.000000000
    0.745575960    0.000000000    0.000000000    0.000000000
    0.752754591    0.000000000    0.000000000    0.000000000
    0.759933222    0.000000000    0.000000000    0.000000000
    0.767111853    0.000000000    0.000000000    0.000000000
    0.774290484    0.000000000    0.000000000    0.000000000
    0.781469115    0.000000000    0.000000000    0.000000000
    0.788647746    0.000000000    0.000000000    0.000000000
    0.795826377    0.000000000    0.000000000    0.000000000
    0.803005008    0.000000000    0.000000000    0.000000000
    0.810183639    0.000000000    0.000000000    0.000000000
    0.817362270    0.000000000    0.000000000    0.000000000
    0.824540902    0.000000000    0.000000000    0.000000000
    0.831719533    0.000000000    0.000000000    0.000000000
    0.838898164    0.000000000    0.000000000    0.000000000
    0.846076795    0.000000000    0.000000000    0.000000000
    0.853255426    0.000000000    0.000000000    0.000000000
    0.860434057    0.000000000    0.000000000    0.000000000
    0.867612688    0.000000000    0.000000000    0.000000000
    0.874791319    0.000000000    0.000000000    0.000000000
    0.881969950    0.000000000    0.000000000    0.000000000
    0.889148581    0.000000000    0.000000000    0.000000000
    0.896327212    0.000000000    0.000000000    0.000000000
    0.903505843    0.000000000    0.000000000    0.000000000
    0.910684474    0.000000000    0.000000000    0.000000000
    0.917863105    0.000000000    0.000000000    0.000000000
    0.925041736    0.000000000    0.000000000    0.000000000
    0.932220367    0.000000000    0.000000000    0.000000000
    0.939398998    0.000000000    0.000000000    0.000000000
    0.946577629    0.000000000    0.000000000    0.000000000
    0.953756260    0.000000000    0.000000000    0.000000000
    0.960934891    0.000000000    0.000000000    0.000000000
    0.968113523    0.000000000    0.000000000    0.000000000
    0.975292154    0.000000000    0.000000000    0.000000000
    0.982470785    0.000000000    0.000000000    0.000000000
    0.989649416    0.000000000    0.000000000    0.000000000
    0.996828047    0.000000000    0.000000000    0.000000000
    1.004006678    0.000000000    0.000000000    0.000000000
    1.011185309    0.000000000    0.000000000    0.000000000
    1.018363940    0.000000000    0.000000000    0.000000000
    1.025542571    0.000000000    0.000000000    0.000000000
    1.032721202    0.000000000    0.000000000    0.000000000
    1.039899833    0.000000000    0.000000000    0.000000000
    1.047078464    0.000000000    0.000000000    0.000000000
    1.054257095    0.000000000    0.000000000    0.000000000
    1.061435726    0.000000000    0.000000000    0.000000000
    1.068614357    0.000000000    0.000000000    0.000000000
    1.075792988    0.000000000    0.000000000    0.000000000
    1.082971619    0.000000000    0.000000000    0.000000000
    1.090150250    0.000000000    0.000000000    0.000000000
    1.097328881    0.000000000    0.000000000    0.000000000
    1.104507513    0.000000000    0.000000000    0.000000000
    1.111686144    0.000000000    0.000000000    0.000000000
    1.118864775    0.000000000    0.000000000    0.000000000
    1.126043406    0.000000000    0.000000000    0.000000000
    1.133222037    0.000000000    0.000000000    0.000000000
    1.140400668    0.000000000    0.000000000    0.000000000
    1.147579299    0.000000000    0.000000000    0.000000000
    1.154757930    0.000000000    0.000000000    0.000000000
    1.161936561    0.000000000    0.000000000    0.000000000
    1.169115192    0.000000000    0.000000000    0.000000000
    1.176293823    0.000000000    0.000000000    0.000000000
    1.183472454    0.000000000    0.000000000    0.000000000
    1.190651085    0.000000000    0.000000000    0.000000000
    1.197829716    0.000000000    0.000000000    0.000000000
    1.205008347    0.000000000    0.000000000    0.000000000
    1.212186978    0.000000000    0.000000000    0.000000000
    1.219365609    0.000000000    0.000000000    0.000000000
    1.226544240    0.000000000    0.000000000    0.000000000
    1.233722871    0.000000000    0.000000000    0.000000000
    1.240901503    0.000000000    0.000000000    0.000000000
    1.248080134    0.000000000    0.000000000    0.000000000
    1.255258765    0.000000000    0.000000000    0.000000000
    1.262437396    0.000000000    0.000000000    0.000000000
    1.269616027    0.000000000    0.000000000    0.000000000
    1.276794658    0.000000000    0.000000000    0.000000000
    1.283973289    0.000000000    0.000000000    0.000000000
    1.291151920    0.000000000    0.000000000    0.000000000
    1.298330551    0.000000000    0.000000000    0.000000000
    1.305509182    0.000000000    0.000000000    0.000000000
    1.312687813    0.000000000    0.000000000    0.000000000
    1.319866444    0.000000000    0.000000000    0.000000000
    1.327045075    0.000000000    0.000000000    0.000000000
    1.334223706    0.000000000    0.000000000    0.000000000
    1.341402337    0.000000000    0.000000000    0.000000000
    1.348580968    0.000000000    0.000000000    0.000000000
    1.355759599    0.000000000    0.000000000    0.000000000
    1.362938230    0.000000000    0.000000000    0.000000000
    1.370116861    0.000000000    0.000000000    0.000000000
    1.377295492    0.000000000    0.000000000    0.000000000
    1.384474124    0.000000000    0.000000000    0.000000000
    1.391652755    0.000000000    0.000000000    0.000000000
    1.398831386    0.000000000    0.000000000    0.000000000
    1.406010017    0.000000000    0.000000000    0.000000000
    1.413188648    0.000000000    0.000000000    0.000000000
    1.420367279    0.000000000    0.000000000    0.000000000
    1.427545910    0.000000000    0.000000000    0.000000000
    1.434724541    0.000000000    0.000000000    0.000000000
    1.441903172    0.000000000    0.000000000    0.000000000
    1.449081803    0.000000000    0.000000000    0.000000000
    1.456260434    0.000000000    0.000000000    0.000000000
    1.463439065    0.000000000    0.000000000    0.000000000
    1.470617696    0.000000000    0.000000000    0.000000000
    1.477796327    0.000000000    0.000000000    0.000000000
    1.484974958    0.000000000    0.000000000    0.000000000
    1.492153589    0.000000000    0.000000000    0.000000001
    1.499332220    0.000000000    0.000000000    0.000000002
    1.506510851    0.000000000    0.000000000    0.000000003
    1.513689482    0.000000000    0.000000000    0.000000004
    1.520868114    0.000000000    0.000000000    0.000000005
    1.528046745    0.000000000    0.000000000    0.000000006
    1.535225376    0.000000000    0.000000000    0.000000006
    1.542404007    0.000000000    0.000000000    0.000000005
    1.549582638    0.000000000    0.000000000    0.000000004
    1.556761269    0.000000000    0.000000000    0.000000003
    1.563939900    0.000000000    0.000000000    0.000000002
    1.571118531    0.000000000    0.000000000    0.000000001
    1.578297162    0.000000000    0.000000000    0.000000001
    1.585475793    0.000000000    0.000000000    0.000000000
    1.592654424    0.000000000    0.000000000    0.000000000
    1.599833055    0.000000000    0.000000000    0.000000000
    1.607011686    0.000000000    0.000000000    0.000000000
    1.614190317    0.000000000    0.000000000    0.000000000
    1.621368948    0.000000000    0.000000000    0.000000000
    1.628547579    0.000000000    0.000000000    0.000000000
    1.635726210    0.000000000    0.000000000    0.000000000
    1.642904841    0.000000001    0.000000000    0.000000000
    1.650083472    0.000000001    0.000000000    0.000000000
    1.657262104    0.000000001    0.000000000    0.000000000
    1.664440735    0.000000002    0.000000000    0.000000000
    1.671619366    0.000000002    0.000000000    0.000000000
    1.678797997    0.000000002    0.000000000    0.000000000
    1.685976628    0.000000002    0.000000000    0.000000000
    1.693155259    0.000000002    0.000000000    0.000000000
    1.700333890    0.000000001    0.000000000    0.000000000
    1.707512521    0.000000001    0.000000000    0.000000000
    1.714691152    0.000000001    0.000000000    0.000000000
    1.721869783    0.000000000    0.000000000    0.000000000
    1.729048414    0.000000000    0.000000000    0.000000000
    1.736227045    0.000000000    0.000000000    0.000000000
    1.743405676    0.000000000    0.000000000    0.000000000
    1.750584307    0.000000000    0.000000000    0.000000000
    1.757762938    0.000000000    0.000000000    0.000000000
    1.764941569    0.000000000    0.000000000    0.000000000
    1.772120200    0.000000000    0.000000000    0.000000001
    1.779298831    0.000000000    0.000000000    0.000000001
    1.786477462    0.000000000    0.000000000    0.000000001
    1.793656093    0.000000000    0.000000000    0.000000001
    1.800834725    0.000000000    0.000000000    0.000000002
    1.808013356    0.000000000    0.000000000    0.000000001
    1.815191987    0.000000000    0.000000000    0.000000001
    1.822370618    0.000000000    0.000000000    0.000000001
    1.829549249    0.000000000    0.000000000    0.000000001
    1.836727880    0.000000000    0.000000000    0.000000000
    1.843906511    0.000000000    0.000000000    0.000000000
    1.851085142    0.000000001    0.000000000    0.000000000
    1.858263773    0.000000001    0.000000000    0.000000000
    1.865442404    0.000000001    0.000000000    0.000000000
    1.872621035    0.000000001    0.000000000    0.000000000
    1.879799666    0.000000002    0.000000000    0.000000000
    1.886978297    0.000000002    0.000000000    0.000000000
    1.894156928    0.000000001    0.000000000    0.000000000
    1.901335559    0.000000001    0.000000000    0.000000000
    1.908514190    0.000000001    0.000000000    0.000000000
    1.915692821    0.000000000    0.000000000    0.000000000
    1.922871452    0.000000000    0.000000000    0.000000000
    1.930050083    0.000000000    0.000000000    0.000000000
    1.937228715    0.000000000    0.000000000    0.000000000
    1.944407346    0.000000000    0.000000000    0.000000000
    1.951585977    0.000000000    0.000000000    0.000000000
    1.958764608    0.000000000    0.000000000    0.000000000
    1.965943239    0.000000000    0.000000000    0.000000000
    1.973121870    0.000000000    0.000000000    0.000000000
    1.980300501    0.000000000    0.000000000    0.000000000
    1.987479132    0.000000000    0.000000000    0.000000000
    1.994657763    0.000000000    0.000000000    0.000000000
    2.001836394    0.000000000    0.000000000    0.000000000
    2.009015025    0.000000000    0.000000000    0.000000000
    2.016193656    0.000000000    0.000000000    0.000000000
    2.023372287    0.000000000    0.000000000    0.000000000
    2.030550918    0.000000000    0.000000000    0.000000000
    2.037729549    0.000000000    0.000000000    0.000000000
    2.044908180    0.000000000    0.000000000    0.000000000
    2.052086811    0.000000000    0.000000000    0.000000000
    2.059265442    0.000000000    0.000000000    0.000000000
    2.066444073    0.000000000    0.000000000    0.000000000
    2.073622705    0.000000000    0.000000000    0.000000000
    2.080801336    0.000000000    0.000000000    0.000000000
    2.087979967    0.000000000    0.000000000    0.000000000
    2.095158598    0.000000000    0.000000000    0.000000000
    2.102337229    0.000000000    0.000000000    0.000000000
    2.109515860    0.000000000    0.000000000    0.000000000
    2.116694491    0.000000000    0.000000000    0.000000000
    2.123873122    0.000000000    0.000000000    0.000000000
    2.131051753    0.000000000    0.000000000    0.000000001
    2.138230384    0.000000000    0.000000000    0.000000001
    2.145409015    0.000000000    0.000000000    0.000000001
    2.152587646    0.000000000    0.000000000    0.000000001
    2.159766277    0.000000000    0.000000000    0.000000001
    2.166944908    0.000000000    0.000000000    0.000000000
    2.174123539    0.000000000    0.000000000    0.000000000
    2.181302170    0.000000000    0.000000000    0.000000000
    2.188480801    0.000000000    0.000000000    0.000000000
    2.195659432    0.000000000    0.000000000    0.000000000
    2.202838063    0.000000000    0.000000000    0.000000000
    2.210016694    0.000000000    0.000000000    0.000000000
    2.217195326    0.000000000    0.000000000    0.000000000
    2.224373957    0.000000000    0.000000000    0.000000000
    2.231552588    0.000000000    0.000000000    0.000000000
    2.238731219    0.000000000    0.000000000    0.000000000
    2.245909850    0.000000000    0.000000000    0.000000000
    2.253088481    0.000000000    0.000000000    0.000000000
    2.260267112    0.000000000    0.000000000    0.000000000
    2.267445743    0.000000000    0.000000000    0.000000000
    2.274624374    0.000000000    0.000000000    0.000000000
    2.281803005    0.000000000    0.000000000    0.000000000
    2.288981636    0.000000000    0.000000000    0.000000000
    2.296160267    0.000000001    0.000000000    0.000000000
    2.303338898    0.000000001    0.000000000    0.000000000
    2.310517529    0.000000002    0.000000000    0.000000000
    2.317696160    0.000000003    0.000000000    0.000000000
    2.324874791    0.000000003    0.000000000    0.000000000
    2.332053422    0.000000004    0.000000000    0.000000000
    2.339232053    0.000000004    0.000000000    0.000000000
    2.346410684    0.000000003    0.000000000    0.000000000
    2.353589316    0.000000002    0.000000000    0.000000000
    2.360767947    0.000000002    0.000000000    0.000000000
    2.367946578    0.000000001    0.000000000    0.000000001
    2.375125209    0.000000001    0.000000000    0.000000001
    2.382303840    0.000000000    0.000000000    0.000000002
    2.389482471    0.000000000    0.000000000    0.000000003
    2.396661102    0.000000000    0.000000000    0.000000004
    2.403839733    0.000000000    0.000000000    0.000000005
    2.411018364    0.000000000    0.000000000    0.000000005
    2.418196995    0.000000000    0.000000000    0.000000005
    2.425375626    0.000000000    0.000000000    0.000000004
    2.432554257    0.000000000    0.000000000    0.000000003
    2.439732888    0.000000000    0.000000000    0.000000002
    2.446911519    0.000000000    0.000000000    0.000000002
    2.454090150    0.000000000    0.000000000    0.000000001
    2.461268781    0.000000001    0.000000000    0.000000001
    2.468447412    0.000000002    0.000000000    0.000000001
    2.475626043    0.000000003    0.000000000    0.000000002
    2.482804674    0.000000007    0.000000000    0.000000003
    2.489983306    0.000000011    0.000000000    0.000000004
    2.497161937    0.000000017    0.000000000    0.000000004
    2.504340568    0.000000023    0.000000000    0.000000005
    2.511519199    0.000000028    0.000000000    0.000000004
    2.518697830    0.000000030    0.000000000    0.000000004
    2.525876461    0.000000030    0.000000001    0.000000003
    2.533055092    0.000000026    0.000000001    0.000000002
    2.540233723    0.000000021    0.000000001    0.000000001
    2.547412354    0.000000015    0.000000001    0.000000001
    2.554590985    0.000000011    0.000000001    0.000000000
    2.561769616    0.000000008    0.000000001    0.000000000
    2.568948247    0.000000008    0.000000001    0.000000000
    2.576126878    0.000000010    0.000000001    0.000000000
    2.583305509    0.000000013    0.000000001    0.000000000
    2.590484140    0.000000018    0.000000001    0.000000000
    2.597662771    0.000000022    0.000000001    0.000000001
    2.604841402    0.000000024    0.000000002    0.000000002
    2.612020033    0.000000024    0.000000002    0.000000004
    2.619198664    0.000000022    0.000000002    0.000000009
    2.626377295    0.000000018    0.000000002    0.000000016
    2.633555927    0.000000013    0.000000002    0.000000026
    2.640734558    0.000000009    0.000000002    0.000000040
    2.647913189    0.000000006    0.000000001    0.000000055
    2.655091820    0.000000004    0.000000001    0.000000068
    2.662270451    0.000000002    0.000000001    0.000000075
    2.669449082    0.000000001    0.000000001    0.000000075
    2.676627713    0.000000001    0.000000000    0.000000067
    2.683806344    0.000000001    0.000000000    0.000000054
    2.690984975    0.000000000    0.000000000    0.000000038
    2.698163606    0.000000000    0.000000000    0.000000024
    2.705342237    0.000000000    0.000000000    0.000000014
    2.712520868    0.000000000    0.000000000    0.000000007
    2.719699499    0.000000000    0.000000000    0.000000003
    2.726878130    0.000000000    0.000000000    0.000000001
    2.734056761    0.000000000    0.000000000    0.000000001
    2.741235392    0.000000000    0.000000000    0.000000001
    2.748414023    0.000000000    0.000000000    0.000000002
    2.755592654    0.000000001    0.000000000    0.000000004
    2.762771285    0.000000001    0.000000000    0.000000008
    2.769949917    0.000000002    0.000000001    0.000000016
    2.777128548    0.000000002    0.000000001    0.000000028
    2.784307179    0.000000004    0.000000001    0.000000045
    2.791485810    0.000000005    0.000000002    0.000000067
    2.798664441    0.000000007    0.000000003    0.000000117
    2.805843072    0.000000009    0.000000008    0.000000316
    2.813021703    0.000000011    0.000000029    0.000001213
    2.820200334    0.000000020    0.000000121    0.000004889
    2.827378965    0.000000055    0.000000484    0.000018170
    2.834557596    0.000000176    0.000001756    0.000060189
    2.841736227    0.000000546    0.000005702    0.000176202
    2.848914858    0.000001543    0.000016510    0.000454262
    2.856093489    0.000003905    0.000042620    0.001027710
    2.863272120    0.000008813    0.000098053    0.002027617
    2.870450751    0.000017722    0.000201008    0.003447269
    2.877629382    0.000031740    0.000367103    0.004971744
    2.884808013    0.000050628    0.000597259    0.006069178
    2.891986644    0.000071916    0.000866175    0.006531564
    2.899165275    0.000090987    0.001123576    0.006934760
    2.906343907    0.000102615    0.001318372    0.009247210
    2.913522538    0.000103227    0.001414502    0.016260861
    2.920701169    0.000092392    0.001347166    0.014492609
    2.927879800    0.000073455    0.001114874    0.013443969
    2.935058431    0.000051934    0.000813119    0.015674859
    2.942237062    0.000032682    0.000527579    0.019741813
    2.949415693    0.000018317    0.000305283    0.024615249
    2.956594324    0.000009154    0.000157599    0.028762864
    2.963772955    0.000004090    0.000072575    0.031376820
    2.970951586    0.000001645    0.000029808    0.035014884
    2.978130217    0.000000616    0.000010921    0.054079600
    2.985308848    0.000000302    0.000003585    1.252747206
    2.992487479    0.000000566    0.000001137    0.011263850
    2.999666110    0.000002260    0.000000734    0.000699062
    3.006844741    0.000008866    0.000002025    0.000078621
    3.014023372    0.000031016    0.000007413    0.000021594
    3.021202003    0.000095941    0.000024852    0.000037498
    3.028380634    0.000261837    0.000074255    0.000101706
    3.035559265    0.000629055    0.000197317    0.000266048
    3.042737896    0.001325552    0.000465912    0.000641432
    3.049916528    0.002433161    0.000976479    0.001404144
    3.057095159    0.003847245    0.001813739    0.002756887
    3.064273790    0.005192786    0.002981053    0.004782911
    3.071452421    0.006063669    0.004341224    0.007176833
    3.078631052    0.006534534    0.005682005    0.009119222
    3.085809683    0.007666871    0.007067032    0.009867521
    3.092988314    0.013128390    0.009421771    0.009621398
    3.100166945    0.021929628    0.012930317    0.009463145
    3.107345576    0.023070328    0.013631016    0.011615496
    3.114524207    0.028515836    0.011357264    0.017026736
    3.121702838    0.037686311    0.008564257    0.012080453
    3.128881469    0.038602349    0.006509299    0.009988479
    3.136060100    0.028271023    0.005635297    0.010349274
    3.143238731    0.019985430    0.005721005    0.010871107
    3.150417362    0.015981750    0.006317523    0.010271696
    3.157595993    0.016423901    0.007266201    0.008194686
    3.164774624    0.020933405    0.009139755    0.005465916
    3.171953255    0.013926322    0.011343531    0.003110013
    3.179131886    0.010582520    0.010719178    0.001540373
    3.186310518    0.010566094    0.007986269    0.000672030
    3.193489149    0.010916169    0.005143294    0.000260299
    3.200667780    0.010284286    0.002952537    0.000090421
    3.207846411    0.008297497    0.001521042    0.000028797
    3.215025042    0.005656115    0.000703682    0.000008996
    3.222203673    0.003306002    0.000292081    0.000003438
    3.229382304    0.001685342    0.000108641    0.000002299
    3.236560935    0.000756839    0.000036174    0.000002451
    3.243739566    0.000300915    0.000010776    0.000002910
    3.250918197    0.000106310    0.000002875    0.000003311
    3.258096828    0.000033596    0.000000693    0.000003511
    3.265275459    0.000009809    0.000000161    0.000003506
    3.272454090    0.000003177    0.000000048    0.000003409
    3.279632721    0.000001906    0.000000029    0.000003393
    3.286811352    0.000002171    0.000000028    0.000003629
    3.293989983    0.000002819    0.000000026    0.000004248
    3.301168614    0.000003454    0.000000023    0.000005352
    3.308347245    0.000003889    0.000000018    0.000007132
    3.315525876    0.000004039    0.000000013    0.000010268
    3.322704508    0.000003914    0.000000009    0.000017944
    3.329883139    0.000003613    0.000000005    0.000062231
    3.337061770    0.000003307    0.000000004    0.000395512
    3.344240401    0.000003302    0.000000003    0.000008430
    3.351419032    0.000004693    0.000000003    0.000001610
    3.358597663    0.000019641    0.000000003    0.000000580
    3.365776294    0.000526907    0.000000004    0.000000323
    3.372954925    0.000019036    0.000000004    0.000000238
    3.380133556    0.000008545    0.000000005    0.000000203
    3.387312187    0.000005783    0.000000006    0.000000186
    3.394490818    0.000004486    0.000000006    0.000000174
    3.401669449    0.000003650    0.000000007    0.000000161
    3.408848080    0.000002995    0.000000008    0.000000146
    3.416026711    0.000002425    0.000000009    0.000000128
    3.423205342    0.000001905    0.000000008    0.000000106
    3.430383973    0.000001434    0.000000008    0.000000084
    3.437562604    0.000001023    0.000000006    0.000000062
    3.444741235    0.000000692    0.000000005    0.000000044
    3.451919866    0.000000453    0.000000004    0.000000030
    3.459098497    0.000000307    0.000000003    0.000000021
    3.466277129    0.000000240    0.000000002    0.000000016
    3.473455760    0.000000231    0.000000002    0.000000016
    3.480634391    0.000000253    0.000000002    0.000000018
    3.487813022    0.000000282    0.000000002    0.000000024
    3.494991653    0.000000297    0.000000003    0.000000034
    3.502170284    0.000000289    0.000000004    0.000000046
    3.509348915    0.000000260    0.000000005    0.000000061
    3.516527546    0.000000219    0.000000006    0.000000076
    3.523706177    0.000000179    0.000000007    0.000000090
    3.530884808    0.000000148    0.000000008    0.000000099
    3.538063439    0.000000130    0.000000008    0.000000101
    3.545242070    0.000000123    0.000000008    0.000000096
    3.552420701    0.000000121    0.000000007    0.000000083
    3.559599332    0.000000121    0.000000006    0.000000067
    3.566777963    0.000000122    0.000000004    0.000000050
    3.573956594    0.000000123    0.000000003    0.000000037
    3.581135225    0.000000124    0.000000002    0.000000031
    3.588313856    0.000000124    0.000000002    0.000000033
    3.595492487    0.000000118    0.000000002    0.000000046
    3.602671119    0.000000107    0.000000002    0.000000067
    3.609849750    0.000000090    0.000000003    0.000000095
    3.617028381    0.000000073    0.000000005    0.000000122
    3.624207012    0.000000059    0.000000006    0.000000144
    3.631385643    0.000000052    0.000000009    0.000000154
    3.638564274    0.000000053    0.000000011    0.000000152
    3.645742905    0.000000061    0.000000013    0.000000140
    3.652921536    0.000000070    0.000000015    0.000000125
    3.660100167    0.000000078    0.000000017    0.000000111
    3.667278798    0.000000082    0.000000026    0.000000106
    3.674457429    0.000000083    0.000000070    0.000000120
    3.681636060    0.000000087    0.000000266    0.000000207
    3.688814691    0.000000122    0.000001071    0.000000575
    3.695993322    0.000000278    0.000004002    0.000001940
    3.703171953    0.000000817    0.000013425    0.000006435
    3.710350584    0.000002397    0.000040069    0.000019518
    3.717529215    0.000006447    0.000106043    0.000053080
    3.724707846    0.000015547    0.000248343    0.000128748
    3.731886477    0.000033497    0.000513493    0.000278073
    3.739065109    0.000064593    0.000934386    0.000534489
    3.746243740    0.000112294    0.001490322    0.000914439
    3.753422371    0.000179201    0.002081739    0.001394985
    3.760601002    0.000272674    0.002584682    0.001909523
    3.767779633    0.000421038    0.003031614    0.002390563
    3.774958264    0.000700725    0.003960354    0.002868870
    3.782136895    0.001258645    0.006644091    0.003498097
    3.789315526    0.002282035    0.009409409    0.004361027
    3.796494157    0.003895739    0.008768034    0.005631933
    3.803672788    0.006002710    0.007037786    0.007455357
    3.810851419    0.008186584    0.005834451    0.009576364
    3.818030050    0.009988345    0.005205168    0.011533499
    3.825208681    0.011720367    0.005178390    0.013518851
    3.832387312    0.016200389    0.006912630    0.018266547
    3.839565943    0.031929413    0.013677637    0.033674195
    3.846744574    0.054172152    0.019060615    0.054010999
    3.853923205    0.059017562    0.022849705    0.053963890
    3.861101836    0.045931168    0.026822359    0.038676824
    3.868280467    0.026694849    0.023316598    0.022431647
    3.875459098    0.012757533    0.015429403    0.011536809
    3.882637730    0.005447915    0.010659597    0.005730627
    3.889816361    0.002179159    0.008736533    0.003049600
    3.896994992    0.000859126    0.009265498    0.001922277
    3.904173623    0.000364668    0.015294865    0.001436138
    3.911352254    0.000182895    0.026567055    0.001129069
    3.918530885    0.000111408    0.030764976    0.000838518
    3.925709516    0.000086144    0.024670965    0.000568032
    3.932888147    0.000099546    0.013296191    0.000348017
    3.940066778    0.000167951    0.005925709    0.000194178
    3.947245409    0.000318621    0.002860087    0.000104521
    3.954424040    0.000579227    0.001973953    0.000068594
    3.961602671    0.000963697    0.002004298    0.000079341
    3.968781302    0.001460033    0.002339052    0.000141664
    3.975959933    0.002033823    0.002689489    0.000275026
    3.983138564    0.002664486    0.003014342    0.000507513
    3.990317195    0.003430537    0.003610672    0.000859046
    3.997495826    0.004455895    0.004966278    0.001316309
    4.004674457    0.005279230    0.005921314    0.001811390
    4.011853088    0.005543401    0.005532180    0.002244755
    4.019031720    0.005850120    0.005244662    0.002575098
    4.026210351    0.007406838    0.006433811    0.002908714
    4.033388982    0.010563342    0.009084718    0.003232987
    4.040567613    0.011300374    0.009898891    0.003272971
    4.047746244    0.009983330    0.009807468    0.003312579
    4.054924875    0.008813314    0.009938221    0.003667309
    4.062103506    0.008208626    0.009492470    0.004301315
    4.069282137    0.008903288    0.009324075    0.005006367
    4.076460768    0.010126471    0.009545820    0.005606209
    4.083639399    0.010540681    0.009508219    0.006379544
    4.090818030    0.011608056    0.009886099    0.009008583
    4.097996661    0.009546315    0.008631887    0.015104989
    4.105175292    0.007036139    0.007327354    0.017560218
    4.112353923    0.006724353    0.008218819    0.015036600
    4.119532554    0.007064952    0.010620662    0.012350977
    4.126711185    0.007078101    0.013024068    0.011907943
    4.133889816    0.006245947    0.012292353    0.015612877
    4.141068447    0.004830508    0.010399316    0.019577739
    4.148247078    0.003491462    0.011336727    0.019148019
    4.155425710    0.002606125    0.013608301    0.018438091
    4.162604341    0.002594373    0.013075770    0.021783490
    4.169782972    0.004764399    0.009539779    0.023589077
    4.176961603    0.013881482    0.008560387    0.022785632
    4.184140234    0.045096658    0.010271029    0.028276930
    4.191318865    0.098502028    0.015119199    0.036813658
    4.198497496    0.090929629    0.025341415    0.036892024
    4.205676127    0.065509147    0.036266065    0.028777644
    4.212854758    0.057175744    0.035321472    0.023937069
    4.220033389    0.044289591    0.031406895    0.026201627
    4.227212020    0.026419356    0.022581577    0.024829615
    4.234390651    0.024063811    0.014738115    0.017023842
    4.241569282    0.029269035    0.015316263    0.016603589
    4.248747913    0.042962613    0.021699505    0.020621228
    4.255926544    0.069751476    0.034768424    0.029770377
    4.263105175    0.076713314    0.038412568    0.049500691
    4.270283806    0.052365578    0.025546673    0.069513247
    4.277462437    0.035580594    0.016711156    0.055249537
    4.284641068    0.029360643    0.013131104    0.038776098
    4.291819699    0.028820713    0.013513730    0.034577887
    4.298998331    0.016755011    0.011399863    0.034243202
    4.306176962    0.010467178    0.007100193    0.022891997
    4.313355593    0.009337049    0.006457772    0.020914429
    4.320534224    0.008966473    0.007337062    0.024970481
    4.327712855    0.008050747    0.008785500    0.030900914
    4.334891486    0.006408977    0.009486050    0.034148614
    4.342070117    0.004545182    0.007681099    0.028945414
    4.349248748    0.003061190    0.005083986    0.016406766
    4.356427379    0.002110553    0.003915962    0.011411545
    4.363606010    0.001499121    0.003448183    0.010440648
    4.370784641    0.001055147    0.002977881    0.009924808
    4.377963272    0.000716978    0.002371928    0.008741307
    4.385141903    0.000485950    0.001781998    0.006894478
    4.392320534    0.000384144    0.001444990    0.004992991
    4.399499165    0.000432160    0.001584145    0.003713757
    4.406677796    0.000638525    0.002392567    0.003546395
    4.413856427    0.000987020    0.003997922    0.004875441
    4.421035058    0.001417039    0.006190017    0.008086280
    4.428213689    0.001802482    0.007569715    0.013026534
    4.435392321    0.001991971    0.006715885    0.018053894
    4.442570952    0.001977099    0.005758272    0.025260522
    4.449749583    0.001808030    0.005481356    0.046542739
    4.456928214    0.001529650    0.005408243    0.169027727
    4.464106845    0.001261943    0.005773007    0.855104395
    4.471285476    0.001188500    0.008021594    0.164497164
    4.478464107    0.001540889    0.016005335    0.079406203
    4.485642738    0.002610927    0.036696360    0.053241020
    4.492821369    0.004780092    0.062006771    0.039447005
    4.500000000    0.008543921    0.060967588    0.031263374
