# energy grid [eV]  eels components [arbitrary units]
#
    0.200000000    0.000000000    0.000000000    0.000000000
    0.207178631    0.000000000    0.000000000    0.000000000
    0.214357262    0.000000000    0.000000000    0.000000000
    0.221535893    0.000000000    0.000000000    0.000000000
    0.228714524    0.000000000    0.000000000    0.000000000
    0.235893155    0.000000000    0.000000000    0.000000000
    0.243071786    0.000000000    0.000000000    0.000000000
    0.250250417    0.000000000    0.000000000    0.000000000
    0.257429048    0.000000000    0.000000000    0.000000000
    0.264607679    0.000000000    0.000000000    0.000000000
    0.271786311    0.000000000    0.000000000    0.000000000
    0.278964942    0.000000000    0.000000000    0.000000000
    0.286143573    0.000000000    0.000000000    0.000000000
    0.293322204    0.000000000    0.000000000    0.000000000
    0.300500835    0.000000000    0.000000000    0.000000000
    0.307679466    0.000000000    0.000000000    0.000000000
    0.314858097    0.000000000    0.000000000    0.000000000
    0.322036728    0.000000000    0.000000000    0.000000000
    0.329215359    0.000000000    0.000000000    0.000000000
    0.336393990    0.000000000    0.000000000    0.000000000
    0.343572621    0.000000000    0.000000000    0.000000000
    0.350751252    0.000000000    0.000000000    0.000000000
    0.357929883    0.000000000    0.000000000    0.000000000
    0.365108514    0.000000000    0.000000000    0.000000000
    0.372287145    0.000000000    0.000000000    0.000000000
    0.379465776    0.000000000    0.000000000    0.000000000
    0.386644407    0.000000000    0.000000000    0.000000000
    0.393823038    0.000000000    0.000000000    0.000000000
    0.401001669    0.000000000    0.000000000    0.000000000
    0.408180301    0.000000000    0.000000000    0.000000000
    0.415358932    0.000000000    0.000000000    0.000000000
    0.422537563    0.000000000    0.000000000    0.000000000
    0.429716194    0.000000000    0.000000000    0.000000000
    0.436894825    0.000000000    0.000000000    0.000000000
    0.444073456    0.000000000    0.000000000    0.000000000
    0.451252087    0.000000000    0.000000000    0.000000000
    0.458430718    0.000000000    0.000000000    0.000000000
    0.465609349    0.000000000    0.000000000    0.000000000
    0.472787980    0.000000000    0.000000000    0.000000000
    0.479966611    0.000000000    0.000000000    0.000000000
    0.487145242    0.000000000    0.000000000    0.000000000
    0.494323873    0.000000000    0.000000000    0.000000000
    0.501502504    0.000000000    0.000000000    0.000000000
    0.508681135    0.000000000    0.000000000    0.000000000
    0.515859766    0.000000000    0.000000000    0.000000000
    0.523038397    0.000000000    0.000000000    0.000000000
    0.530217028    0.000000000    0.000000000    0.000000000
    0.537395659    0.000000000    0.000000000    0.000000000
    0.544574290    0.000000000    0.000000000    0.000000000
    0.551752922    0.000000000    0.000000000    0.000000000
    0.558931553    0.000000000    0.000000000    0.000000000
    0.566110184    0.000000000    0.000000000    0.000000000
    0.573288815    0.000000000    0.000000000    0.000000000
    0.580467446    0.000000000    0.000000000    0.000000000
    0.587646077    0.000000000    0.000000000    0.000000000
    0.594824708    0.000000000    0.000000000    0.000000000
    0.602003339    0.000000000    0.000000000    0.000000000
    0.609181970    0.000000000    0.000000000    0.000000000
    0.616360601    0.000000000    0.000000000    0.000000000
    0.623539232    0.000000000    0.000000000    0.000000000
    0.630717863    0.000000000    0.000000000    0.000000000
    0.637896494    0.000000000    0.000000000    0.000000000
    0.645075125    0.000000000    0.000000000    0.000000000
    0.652253756    0.000000000    0.000000000    0.000000000
    0.659432387    0.000000000    0.000000000    0.000000000
    0.666611018    0.000000000    0.000000000    0.000000000
    0.673789649    0.000000000    0.000000000    0.000000000
    0.680968280    0.000000000    0.000000000    0.000000000
    0.688146912    0.000000000    0.000000000    0.000000000
    0.695325543    0.000000000    0.000000000    0.000000000
    0.702504174    0.000000000    0.000000000    0.000000000
    0.709682805    0.000000000    0.000000000    0.000000000
    0.716861436    0.000000000    0.000000000    0.000000000
    0.724040067    0.000000000    0.000000000    0.000000000
    0.731218698    0.000000000    0.000000000    0.000000000
    0.738397329    0.000000000    0.000000000    0.000000000
    0.745575960    0.000000000    0.000000000    0.000000000
    0.752754591    0.000000000    0.000000000    0.000000000
    0.759933222    0.000000000    0.000000000    0.000000000
    0.767111853    0.000000000    0.000000000    0.000000000
    0.774290484    0.000000000    0.000000000    0.000000000
    0.781469115    0.000000000    0.000000000    0.000000000
    0.788647746    0.000000000    0.000000000    0.000000000
    0.795826377    0.000000001    0.000000000    0.000000001
    0.803005008    0.000000008    0.000000003    0.000000007
    0.810183639    0.000000039    0.000000014    0.000000035
    0.817362270    0.000000177    0.000000064    0.000000158
    0.824540902    0.000000716    0.000000258    0.000000638
    0.831719533    0.000002582    0.000000929    0.000002302
    0.838898164    0.000008300    0.000002989    0.000007400
    0.846076795    0.000023784    0.000008576    0.000021211
    0.853255426    0.000060755    0.000021935    0.000054198
    0.860434057    0.000138333    0.000050027    0.000123442
    0.867612688    0.000280708    0.000101722    0.000250587
    0.874791319    0.000507589    0.000184399    0.000453321
    0.881969950    0.000817890    0.000298011    0.000730814
    0.889148581    0.001175253    0.000429497    0.001050686
    0.896327212    0.001511662    0.000552770    0.001351931
    0.903505843    0.001759890    0.000637921    0.001573350
    0.910684474    0.001864333    0.000661349    0.001664418
    0.917863105    0.001743868    0.000609130    0.001555574
    0.925041736    0.001424826    0.000496532    0.001271373
    0.932220367    0.001030083    0.000359922    0.000919856
    0.939398998    0.000663393    0.000232610    0.000592895
    0.946577629    0.000381658    0.000134333    0.000341189
    0.953756260    0.000197883    0.000070161    0.000176155
    0.960934891    0.000098041    0.000035884    0.000084312
    0.968113523    0.000062287    0.000025669    0.000045283
    0.975292154    0.000081233    0.000038314    0.000045048
    0.982470785    0.000163476    0.000080406    0.000081609
    0.989649416    0.000333368    0.000165455    0.000163696
    0.996828047    0.000617782    0.000307845    0.000303381
    1.004006678    0.001022869    0.000511685    0.000503796
    1.011185309    0.001510655    0.000759104    0.000746648
    1.018363940    0.001997445    0.001008010    0.000989124
    1.025542571    0.002396925    0.001209447    0.001179746
    1.032721202    0.002656988    0.001330627    0.001279013
    1.039899833    0.002650313    0.001341695    0.001244881
    1.047078464    0.002334478    0.001261075    0.001081096
    1.054257095    0.001894471    0.001175822    0.000862616
    1.061435726    0.001505156    0.001159431    0.000663014
    1.068614357    0.001249015    0.001230205    0.000522071
    1.075792988    0.001120914    0.001349648    0.000441923
    1.082971619    0.001063400    0.001454298    0.000399405
    1.090150250    0.001006304    0.001480372    0.000364856
    1.097328881    0.000889902    0.001357820    0.000316659
    1.104507513    0.000711225    0.001100978    0.000251702
    1.111686144    0.000510222    0.000793886    0.000180563
    1.118864775    0.000327703    0.000510806    0.000116152
    1.126043406    0.000188118    0.000293419    0.000066803
    1.133222037    0.000096424    0.000150445    0.000034304
    1.140400668    0.000044108    0.000068837    0.000015718
    1.147579299    0.000018002    0.000028103    0.000006425
    1.154757930    0.000006556    0.000010236    0.000002343
    1.161936561    0.000002137    0.000003328    0.000000762
    1.169115192    0.000000657    0.000000978    0.000000224
    1.176293823    0.000000330    0.000000309    0.000000071
    1.183472454    0.000000678    0.000000281    0.000000066
    1.190651085    0.000002154    0.000000761    0.000000180
    1.197829716    0.000006410    0.000002240    0.000000532
    1.205008347    0.000017058    0.000005963    0.000001417
    1.212186978    0.000040482    0.000014169    0.000003368
    1.219365609    0.000085658    0.000030024    0.000007140
    1.226544240    0.000161585    0.000056731    0.000013500
    1.233722871    0.000271727    0.000095588    0.000022762
    1.240901503    0.000407399    0.000143624    0.000034224
    1.248080134    0.000545063    0.000192501    0.000045892
    1.255258765    0.000652889    0.000230427    0.000054898
    1.262437396    0.000703606    0.000246755    0.000058611
    1.269616027    0.000677669    0.000235751    0.000055809
    1.276794658    0.000579613    0.000200249    0.000047358
    1.283973289    0.000448677    0.000151482    0.000035838
    1.291151920    0.000334199    0.000102331    0.000024226
    1.298330551    0.000282874    0.000062103    0.000014716
    1.305509182    0.000336481    0.000034635    0.000008221
    1.312687813    0.000530208    0.000019256    0.000004592
    1.319866444    0.000882544    0.000013039    0.000003141
    1.327045075    0.001374673    0.000012666    0.000003082
    1.334223706    0.001934127    0.000015267    0.000003733
    1.341402337    0.002453244    0.000018546    0.000004542
    1.348580968    0.002856457    0.000020775    0.000005089
    1.355759599    0.003065502    0.000020928    0.000005126
    1.362938230    0.002870261    0.000018834    0.000004613
    1.370116861    0.002315944    0.000015119    0.000003703
    1.377295492    0.001646966    0.000010822    0.000002651
    1.384474124    0.001042926    0.000006908    0.000001693
    1.391652755    0.000589509    0.000003934    0.000000966
    1.398831386    0.000297526    0.000002004    0.000000503
    1.406010017    0.000134078    0.000000941    0.000000287
    1.413188648    0.000054044    0.000000526    0.000000375
    1.420367279    0.000019893    0.000000756    0.000001134
    1.427545910    0.000008093    0.000002195    0.000003803
    1.434724541    0.000007596    0.000006628    0.000011641
    1.441903172    0.000016372    0.000018145    0.000031840
    1.449081803    0.000038886    0.000044422    0.000077665
    1.456260434    0.000084266    0.000097224    0.000168924
    1.463439065    0.000163174    0.000190528    0.000327675
    1.470617696    0.000281797    0.000335260    0.000567108
    1.477796327    0.000434036    0.000532193    0.000876671
    1.484974958    0.000596892    0.000768081    0.001214297
    1.492153589    0.000735816    0.001021422    0.001520948
    1.499332220    0.000820203    0.001276758    0.001754028
    1.506510851    0.000828453    0.001512773    0.001858771
    1.513689482    0.000758981    0.001687429    0.001768755
    1.520868114    0.000656967    0.001789120    0.001542096
    1.528046745    0.000583088    0.001827049    0.001277772
    1.535225376    0.000581762    0.001803138    0.001039383
    1.542404007    0.000664474    0.001670959    0.000845712
    1.549582638    0.000805197    0.001431643    0.000697539
    1.556761269    0.000952016    0.001153032    0.000587082
    1.563939900    0.001052777    0.000888516    0.000499138
    1.571118531    0.001065511    0.000660862    0.000418357
    1.578297162    0.000959883    0.000471793    0.000335307
    1.585475793    0.000770673    0.000321435    0.000254166
    1.592654424    0.000570613    0.000209249    0.000187450
    1.599833055    0.000428257    0.000134268    0.000149349
    1.607011686    0.000398684    0.000095520    0.000151744
    1.614190317    0.000523120    0.000091074    0.000200972
    1.621368948    0.000825774    0.000117114    0.000294635
    1.628547579    0.001300043    0.000166786    0.000418779
    1.635726210    0.001890631    0.000229071    0.000548407
    1.642904841    0.002497004    0.000289505    0.000654507
    1.650083472    0.003013973    0.000333949    0.000711255
    1.657262104    0.003381800    0.000354595    0.000702392
    1.664440735    0.003458876    0.000355245    0.000638560
    1.671619366    0.003054434    0.000353831    0.000553256
    1.678797997    0.002376889    0.000379173    0.000491195
    1.685976628    0.001719827    0.000457894    0.000486993
    1.693155259    0.001264720    0.000603583    0.000552044
    1.700333890    0.001094115    0.000813430    0.000672492
    1.707512521    0.001219254    0.001074995    0.000817533
    1.714691152    0.001604150    0.001374701    0.000951654
    1.721869783    0.002174298    0.001681518    0.001036190
    1.729048414    0.002825772    0.001952031    0.001048672
    1.736227045    0.003428124    0.002149460    0.000988024
    1.743405676    0.003896963    0.002251325    0.000867550
    1.750584307    0.004184445    0.002238967    0.000714324
    1.757762938    0.004011619    0.002039355    0.000550017
    1.764941569    0.003374088    0.001671856    0.000395516
    1.772120200    0.002543105    0.001237452    0.000269146
    1.779298831    0.001776052    0.000834860    0.000182688
    1.786477462    0.001230322    0.000527607    0.000142685
    1.793656093    0.000947569    0.000338714    0.000152790
    1.800834725    0.000887586    0.000264131    0.000214877
    1.808013356    0.000964265    0.000286576    0.000327516
    1.815191987    0.001082428    0.000382924    0.000481983
    1.822370618    0.001169607    0.000524675    0.000658518
    1.829549249    0.001169133    0.000676508    0.000825051
    1.836727880    0.001057834    0.000802177    0.000947170
    1.843906511    0.000886565    0.000878380    0.001005973
    1.851085142    0.000720994    0.000890447    0.000985681
    1.858263773    0.000606396    0.000842401    0.000893183
    1.865442404    0.000558750    0.000775376    0.000772612
    1.872621035    0.000566236    0.000730768    0.000661472
    1.879799666    0.000601741    0.000726641    0.000573661
    1.886978297    0.000634654    0.000756038    0.000503836
    1.894156928    0.000646311    0.000801961    0.000438396
    1.901335559    0.000636453    0.000850183    0.000370754
    1.908514190    0.000612576    0.000886532    0.000309532
    1.915692821    0.000589516    0.000912519    0.000270486
    1.922871452    0.000580395    0.000937657    0.000269054
    1.930050083    0.000589957    0.000966389    0.000316890
    1.937228715    0.000616116    0.000997486    0.000420693
    1.944407346    0.000649977    0.001018898    0.000578978
    1.951585977    0.000683076    0.001029281    0.000775590
    1.958764608    0.000707630    0.001037335    0.000978078
    1.965943239    0.000713598    0.001042926    0.001147856
    1.973121870    0.000689529    0.001035667    0.001251375
    1.980300501    0.000626366    0.001000177    0.001256917
    1.987479132    0.000534742    0.000925106    0.001151384
    1.994657763    0.000444676    0.000837625    0.000983412
    2.001836394    0.000389627    0.000787354    0.000829979
    2.009015025    0.000394435    0.000808594    0.000743290
    2.016193656    0.000470551    0.000909736    0.000740464
    2.023372287    0.000614455    0.001078392    0.000808272
    2.030550918    0.000807285    0.001285959    0.000913371
    2.037729549    0.001019274    0.001498510    0.001020136
    2.044908180    0.001216252    0.001702108    0.001104408
    2.052086811    0.001354086    0.001862243    0.001137423
    2.059265442    0.001407061    0.001949354    0.001106149
    2.066444073    0.001375309    0.001962653    0.001021239
    2.073622705    0.001270548    0.001900581    0.000896359
    2.080801336    0.001148238    0.001746093    0.000752186
    2.087979967    0.001066773    0.001510624    0.000615954
    2.095158598    0.001055640    0.001278500    0.000515433
    2.102337229    0.001104138    0.001110699    0.000462536
    2.109515860    0.001174176    0.001017392    0.000451601
    2.116694491    0.001219748    0.000975118    0.000466727
    2.123873122    0.001194958    0.000947669    0.000491403
    2.131051753    0.001084041    0.000897844    0.000515554
    2.138230384    0.000911919    0.000819590    0.000545316
    2.145409015    0.000726688    0.000749246    0.000600639
    2.152587646    0.000570457    0.000726014    0.000701288
    2.159766277    0.000470019    0.000767186    0.000860525
    2.166944908    0.000433097    0.000859875    0.001078414
    2.174123539    0.000449533    0.000969995    0.001334337
    2.181302170    0.000497621    0.001059194    0.001591466
    2.188480801    0.000551550    0.001084514    0.001795579
    2.195659432    0.000589268    0.001032015    0.001914125
    2.202838063    0.000595236    0.000927594    0.001931470
    2.210016694    0.000565795    0.000812441    0.001790073
    2.217195326    0.000517239    0.000733506    0.001531115
    2.224373957    0.000473268    0.000722058    0.001247264
    2.231552588    0.000452430    0.000781743    0.000993856
    2.238731219    0.000466918    0.000893967    0.000811969
    2.245909850    0.000521261    0.001028853    0.000723500
    2.253088481    0.000613701    0.001160490    0.000725040
    2.260267112    0.000742089    0.001259157    0.000798544
    2.267445743    0.000909016    0.001293443    0.000920720
    2.274624374    0.001122952    0.001277287    0.001067266
    2.281803005    0.001379939    0.001233273    0.001202545
    2.288981636    0.001663340    0.001176629    0.001303607
    2.296160267    0.001937499    0.001109322    0.001363196
    2.303338898    0.002152692    0.001026202    0.001369273
    2.310517529    0.002286745    0.000935210    0.001312585
    2.317696160    0.002298714    0.000856251    0.001202147
    2.324874791    0.002086224    0.000807359    0.001061495
    2.332053422    0.001757306    0.000807199    0.000928693
    2.339232053    0.001520626    0.000867313    0.000843092
    2.346410684    0.001530251    0.000986361    0.000831859
    2.353589316    0.001865969    0.001150153    0.000901424
    2.360767947    0.002522445    0.001334023    0.001038187
    2.367946578    0.003411472    0.001499326    0.001212632
    2.375125209    0.004419619    0.001619558    0.001390443
    2.382303840    0.005481198    0.001682621    0.001540567
    2.389482471    0.006692403    0.001688067    0.001644168
    2.396661102    0.008052380    0.001655462    0.001695420
    2.403839733    0.008580527    0.001594417    0.001687568
    2.411018364    0.008252762    0.001535206    0.001670403
    2.418196995    0.007635093    0.001511775    0.001705010
    2.425375626    0.007110900    0.001532647    0.001808718
    2.432554257    0.006643738    0.001580372    0.001958958
    2.439732888    0.006187018    0.001634443    0.002127709
    2.446911519    0.005779298    0.001668226    0.002251262
    2.454090150    0.005428788    0.001666914    0.002273051
    2.461268781    0.005273202    0.001655362    0.002211825
    2.468447412    0.005118432    0.001649530    0.002092103
    2.475626043    0.004919626    0.001654477    0.001928262
    2.482804674    0.004783891    0.001665013    0.001740773
    2.489983306    0.004801837    0.001673678    0.001570250
    2.497161937    0.004956594    0.001647790    0.001425672
    2.504340568    0.004818798    0.001551272    0.001311920
    2.511519199    0.004245409    0.001401006    0.001239994
    2.518697830    0.003481827    0.001242788    0.001208484
    2.525876461    0.002840322    0.001122631    0.001210331
    2.533055092    0.002486055    0.001065596    0.001236718
    2.540233723    0.002446327    0.001078798    0.001280933
    2.547412354    0.002672749    0.001170519    0.001351540
    2.554590985    0.003100141    0.001358972    0.001488717
    2.561769616    0.003655673    0.001647818    0.001726298
    2.568948247    0.004187262    0.002000831    0.002052343
    2.576126878    0.004674795    0.002378061    0.002436915
    2.583305509    0.005158330    0.002747160    0.002843629
    2.590484140    0.005262791    0.003013250    0.003180758
    2.597662771    0.004813311    0.003108658    0.003383682
    2.604841402    0.003946324    0.002935873    0.003311022
    2.612020033    0.002994794    0.002536264    0.002972129
    2.619198664    0.002326184    0.002067913    0.002499036
    2.626377295    0.002119817    0.001696080    0.002058182
    2.633555927    0.002432377    0.001569510    0.001827933
    2.640734558    0.003223462    0.001755912    0.001887904
    2.647913189    0.004323151    0.002246430    0.002228517
    2.655091820    0.005501231    0.002964454    0.002775423
    2.662270451    0.006716569    0.003820007    0.003444004
    2.669449082    0.008488529    0.004788391    0.004205899
    2.676627713    0.011264375    0.005799348    0.004984838
    2.683806344    0.013662408    0.006765785    0.005593033
    2.690984975    0.013066651    0.007541300    0.005813053
    2.698163606    0.010218121    0.007294833    0.005332022
    2.705342237    0.007326226    0.006005930    0.004312454
    2.712520868    0.005058099    0.004331427    0.003165078
    2.719699499    0.003427912    0.002881726    0.002210898
    2.726878130    0.002407157    0.001911776    0.001573109
    2.734056761    0.001855187    0.001400626    0.001234232
    2.741235392    0.001605097    0.001228610    0.001119201
    2.748414023    0.001552416    0.001266555    0.001148074
    2.755592654    0.001705323    0.001426627    0.001269896
    2.762771285    0.002146430    0.001663175    0.001459061
    2.769949917    0.002991410    0.001943821    0.001696979
    2.777128548    0.004333977    0.002293011    0.002005731
    2.784307179    0.006052458    0.002766589    0.002426839
    2.791485810    0.007706574    0.003337009    0.002932703
    2.798664441    0.008971015    0.003928110    0.003458167
    2.805843072    0.010484425    0.004497009    0.003966444
    2.813021703    0.015718785    0.005308441    0.004667643
    2.820200334    0.033169961    0.006553489    0.005706644
    2.827378965    0.051090013    0.007034466    0.006158753
    2.834557596    0.061318173    0.006469812    0.005827461
    2.841736227    0.065078230    0.005696662    0.005343049
    2.848914858    0.052654638    0.005122170    0.005000213
    2.856093489    0.031786440    0.004870493    0.004952620
    2.863272120    0.017124862    0.004530099    0.004798473
    2.870450751    0.009505710    0.003850086    0.004175234
    2.877629382    0.005844139    0.003071776    0.003346509
    2.884808013    0.004172238    0.002357403    0.002536910
    2.891986644    0.003483135    0.001831747    0.001917327
    2.899165275    0.003263896    0.001514987    0.001532234
    2.906343907    0.003248812    0.001359614    0.001341733
    2.913522538    0.003332300    0.001299809    0.001276640
    2.920701169    0.003381763    0.001269528    0.001262921
    2.927879800    0.003325756    0.001250351    0.001269418
    2.935058431    0.003179972    0.001255729    0.001302331
    2.942237062    0.002905573    0.001304111    0.001376404
    2.949415693    0.002493212    0.001441182    0.001526085
    2.956594324    0.002039479    0.001738592    0.001827296
    2.963772955    0.001661345    0.002229752    0.002317867
    2.970951586    0.001422299    0.002873175    0.002940974
    2.978130217    0.001326229    0.003569146    0.003603217
    2.985308848    0.001333662    0.004245817    0.004248944
    2.992487479    0.001387210    0.005126865    0.005127881
    2.999666110    0.001447906    0.006937681    0.007073520
    3.006844741    0.001483608    0.008730868    0.009127738
    3.014023372    0.001453276    0.008180949    0.008620276
    3.021202003    0.001366355    0.006372156    0.006766745
    3.028380634    0.001276691    0.004620265    0.005049001
    3.035559265    0.001224832    0.003424757    0.003950681
    3.042737896    0.001218824    0.002792671    0.003375844
    3.049916528    0.001245396    0.002609674    0.003188012
    3.057095159    0.001280660    0.002742642    0.003289148
    3.064273790    0.001303786    0.003070543    0.003593863
    3.071452421    0.001305963    0.003514462    0.004027521
    3.078631052    0.001277487    0.004038056    0.004523263
    3.085809683    0.001244103    0.004457237    0.004996182
    3.092988314    0.001234804    0.004695715    0.005401129
    3.100166945    0.001255512    0.004838614    0.005732444
    3.107345576    0.001301535    0.004403065    0.005276744
    3.114524207    0.001364862    0.003789423    0.004499348
    3.121702838    0.001454863    0.003549540    0.004121876
    3.128881469    0.001557359    0.003695187    0.004133802
    3.136060100    0.001625213    0.004051639    0.004343289
    3.143238731    0.001713742    0.004565754    0.004730626
    3.150417362    0.001937844    0.005498724    0.005554651
    3.157595993    0.002348274    0.007063554    0.007038344
    3.164774624    0.002896063    0.008722590    0.008744502
    3.171953255    0.003526198    0.011615239    0.011718800
    3.179131886    0.004203341    0.015693948    0.015808267
    3.186310518    0.005091897    0.017987976    0.018049073
    3.193489149    0.006661348    0.019317859    0.019176321
    3.200667780    0.008300016    0.021748697    0.021149915
    3.207846411    0.009271837    0.021464329    0.020515600
    3.215025042    0.011886488    0.017995672    0.017298908
    3.222203673    0.017794854    0.014298132    0.014129398
    3.229382304    0.020912500    0.012407775    0.012636570
    3.236560935    0.020019491    0.011728598    0.012179503
    3.243739566    0.018647100    0.011186225    0.011556810
    3.250918197    0.020555648    0.011929662    0.011889404
    3.258096828    0.026680207    0.012865396    0.012414753
    3.265275459    0.028386510    0.011301085    0.010961660
    3.272454090    0.024184594    0.009108000    0.009088843
    3.279632721    0.019576013    0.007630150    0.007842415
    3.286811352    0.017555454    0.006989519    0.007317552
    3.293989983    0.017155963    0.006792609    0.007143640
    3.301168614    0.018171168    0.006925555    0.007252871
    3.308347245    0.023713843    0.007938690    0.008378335
    3.315525876    0.031943528    0.011793819    0.012918264
    3.322704508    0.038418173    0.018022278    0.020349693
    3.329883139    0.041936706    0.019719901    0.022983601
    3.337061770    0.042746246    0.018616304    0.022266930
    3.344240401    0.042275606    0.017638644    0.020949867
    3.351419032    0.038213956    0.016615578    0.019698954
    3.358597663    0.031352894    0.013884139    0.016378042
    3.365776294    0.026935414    0.011142679    0.012802841
    3.372954925    0.029622464    0.010511052    0.011721082
    3.380133556    0.035105633    0.012587510    0.013612205
    3.387312187    0.034299519    0.013662021    0.014130113
    3.394490818    0.033471278    0.011992145    0.011715770
    3.401669449    0.036399902    0.009907200    0.009378810
    3.408848080    0.038802021    0.008214851    0.007881572
    3.416026711    0.039031923    0.007420291    0.007279218
    3.423205342    0.035388605    0.007719386    0.007723898
    3.430383973    0.030641265    0.009263709    0.009439275
    3.437562604    0.026834862    0.011085342    0.011257654
    3.444741235    0.025314072    0.012128064    0.011893130
    3.451919866    0.026629734    0.012527542    0.011788181
    3.459098497    0.030418277    0.013297705    0.012129883
    3.466277129    0.038480512    0.013840754    0.012450771
    3.473455760    0.046577966    0.013146395    0.011939824
    3.480634391    0.045796588    0.011890146    0.010982858
    3.487813022    0.038160756    0.010239183    0.009530362
    3.494991653    0.029686656    0.009625646    0.008964617
    3.502170284    0.024484523    0.010321552    0.009728908
    3.509348915    0.021487574    0.011153558    0.010788646
    3.516527546    0.020685609    0.010836758    0.010707737
    3.523706177    0.020455436    0.010034264    0.010037473
    3.530884808    0.018820216    0.009732052    0.009787274
    3.538063439    0.017175697    0.009446397    0.009539330
    3.545242070    0.016035575    0.008877089    0.008910008
    3.552420701    0.015366638    0.008947405    0.008858734
    3.559599332    0.015629621    0.010448193    0.010346737
    3.566777963    0.017070908    0.010539942    0.010462470
    3.573956594    0.018970460    0.009690852    0.009581095
    3.581135225    0.018987385    0.010615523    0.010541799
    3.588313856    0.016861990    0.012392077    0.012364818
    3.595492487    0.014778178    0.013473995    0.013476263
    3.602671119    0.013590043    0.011650540    0.011707389
    3.609849750    0.012747761    0.008748112    0.008799988
    3.617028381    0.011293396    0.008346769    0.008425558
    3.624207012    0.010011277    0.009578221    0.009753010
    3.631385643    0.009460442    0.011567995    0.011962268
    3.638564274    0.008468209    0.013235473    0.013835255
    3.645742905    0.007110027    0.012677052    0.012793390
    3.652921536    0.006221475    0.011438437    0.010725963
    3.660100167    0.005937059    0.012199796    0.010657314
    3.667278798    0.006069485    0.015530038    0.012686150
    3.674457429    0.006240924    0.021143188    0.016586474
    3.681636060    0.006539804    0.025397061    0.020689660
    3.688814691    0.007249853    0.024833136    0.023100653
    3.695993322    0.008359486    0.023056632    0.025434508
    3.703171953    0.009429750    0.024277132    0.030106316
    3.710350584    0.010918462    0.030106069    0.038223089
    3.717529215    0.013006798    0.037777307    0.045045643
    3.724707846    0.014975438    0.039989240    0.043925567
    3.731886477    0.018610902    0.034385200    0.035531436
    3.739065109    0.023107099    0.028056621    0.027845935
    3.746243740    0.024914468    0.024800954    0.024466057
    3.753422371    0.024378289    0.020969259    0.022457919
    3.760601002    0.021773688    0.012870292    0.014662621
    3.767779633    0.018514272    0.010385673    0.011743049
    3.774958264    0.015793757    0.010909442    0.012283593
    3.782136895    0.014738286    0.012156001    0.013851596
    3.789315526    0.017154758    0.013141067    0.014625126
    3.796494157    0.021354998    0.014152033    0.015091370
    3.803672788    0.023023976    0.014231437    0.017058795
    3.810851419    0.021565333    0.013721509    0.021010172
    3.818030050    0.018079004    0.014486589    0.026204878
    3.825208681    0.014242074    0.017500395    0.032007013
    3.832387312    0.012057531    0.022380745    0.034566210
    3.839565943    0.012199445    0.027102659    0.033102530
    3.846744574    0.013723837    0.030375701    0.030921682
    3.853923205    0.015074892    0.030925793    0.027734317
    3.861101836    0.016052419    0.028404202    0.024404557
    3.868280467    0.016710815    0.023043450    0.020756730
    3.875459098    0.017105322    0.018964638    0.018158217
    3.882637730    0.017897739    0.016189223    0.016619910
    3.889816361    0.017166551    0.014104454    0.015839979
    3.896994992    0.016272676    0.013869007    0.015718215
    3.904173623    0.019241101    0.014986097    0.015187174
    3.911352254    0.024834125    0.018015969    0.015765016
    3.918530885    0.028598577    0.024325246    0.018449371
    3.925709516    0.028218204    0.032925972    0.021832700
    3.932888147    0.028953005    0.037428823    0.022640638
    3.940066778    0.029846238    0.035174797    0.021411908
    3.947245409    0.028115564    0.028815108    0.020977525
    3.954424040    0.028006722    0.021336555    0.020913853
    3.961602671    0.029073002    0.017317990    0.021845171
    3.968781302    0.028594414    0.015794211    0.023913010
    3.975959933    0.025961843    0.015247490    0.025983710
    3.983138564    0.022319152    0.015010159    0.025561783
    3.990317195    0.020575518    0.015352623    0.025047662
    3.997495826    0.017368277    0.016927786    0.025792982
    4.004674457    0.013614952    0.021975793    0.028639324
    4.011853088    0.012678812    0.033376649    0.035533093
    4.019031720    0.013248777    0.050257165    0.046557775
    4.026210351    0.014116659    0.062212621    0.058450232
    4.033388982    0.015487012    0.062165968    0.070487249
    4.040567613    0.018014423    0.049492049    0.079388867
    4.047746244    0.022322281    0.036324125    0.080921912
    4.054924875    0.028006376    0.031881884    0.075354174
    4.062103506    0.033523798    0.033292769    0.066558338
    4.069282137    0.041197270    0.039413959    0.058488977
    4.076460768    0.052455621    0.052029744    0.052770709
    4.083639399    0.062461525    0.069329856    0.046134569
    4.090818030    0.073309305    0.089031662    0.035053698
    4.097996661    0.089705042    0.108818839    0.032249785
    4.105175292    0.102377822    0.108844889    0.035638911
    4.112353923    0.108269434    0.090558018    0.040606171
    4.119532554    0.112428841    0.074704234    0.041578725
    4.126711185    0.117183739    0.065920180    0.036791499
    4.133889816    0.125904160    0.059612935    0.030918162
    4.141068447    0.140626633    0.050394138    0.024576064
    4.148247078    0.150415541    0.041986928    0.019237531
    4.155425710    0.133651725    0.043482920    0.017797201
    4.162604341    0.097956377    0.049408353    0.018826649
    4.169782972    0.072275523    0.052029794    0.021360112
    4.176961603    0.059503835    0.047300399    0.025043717
    4.184140234    0.048464363    0.035746603    0.030888157
    4.191318865    0.038971689    0.029689837    0.043085637
    4.198497496    0.032546439    0.027405209    0.061010544
    4.205676127    0.028255872    0.026060345    0.076820194
    4.212854758    0.026443062    0.026753989    0.087393075
    4.220033389    0.026061658    0.028305754    0.091040427
    4.227212020    0.023138090    0.030057769    0.086438175
    4.234390651    0.018271674    0.035151310    0.089751852
    4.241569282    0.014560829    0.048881437    0.102331800
    4.248747913    0.012735336    0.078481162    0.104576879
    4.255926544    0.011260057    0.145413172    0.092100169
    4.263105175    0.010303447    0.228401832    0.074938295
    4.270283806    0.009609315    0.194187924    0.060126606
    4.277462437    0.008959361    0.121362004    0.050197872
    4.284641068    0.008775126    0.084983484    0.049803917
    4.291819699    0.009286195    0.065084168    0.048611255
    4.298998331    0.010845349    0.052379554    0.044665680
    4.306176962    0.012788370    0.044738209    0.040987346
    4.313355593    0.013690961    0.043199809    0.038576126
    4.320534224    0.013765409    0.044296158    0.037268677
    4.327712855    0.013412569    0.042532257    0.035107364
    4.334891486    0.013547050    0.039365713    0.032873038
    4.342070117    0.014173218    0.035123941    0.032318783
    4.349248748    0.013770381    0.032444373    0.031560610
    4.356427379    0.012927429    0.031945712    0.029421676
    4.363606010    0.012459284    0.030527167    0.027805098
    4.370784641    0.012157939    0.028911687    0.026651635
    4.377963272    0.012256481    0.027420894    0.024788236
    4.385141903    0.012260790    0.025354708    0.021655641
    4.392320534    0.011499714    0.023016829    0.016964981
    4.399499165    0.011734025    0.022323226    0.014080157
    4.406677796    0.013935207    0.021531201    0.013666738
    4.413856427    0.017464305    0.019556267    0.013772013
    4.421035058    0.020766693    0.017488381    0.013534707
    4.428213689    0.021870926    0.014370809    0.011776444
    4.435392321    0.021465989    0.012431475    0.010467552
    4.442570952    0.018188335    0.012123968    0.010204194
    4.449749583    0.013917329    0.012279667    0.009899969
    4.456928214    0.011665340    0.012770755    0.009051581
    4.464106845    0.010176992    0.013315388    0.007745631
    4.471285476    0.009732290    0.014469931    0.007224677
    4.478464107    0.009786043    0.015500635    0.007544175
    4.485642738    0.009997118    0.017005875    0.008578313
    4.492821369    0.009415049    0.018040375    0.010081414
    4.500000000    0.008422388    0.016887990    0.010966004
