# energy grid [eV]  eels components [arbitrary units]
#
    0.200000000    0.000000000    0.000000000    0.000000000
    0.207178631    0.000000000    0.000000000    0.000000000
    0.214357262    0.000000000    0.000000000    0.000000000
    0.221535893    0.000000000    0.000000000    0.000000000
    0.228714524    0.000000000    0.000000000    0.000000000
    0.235893155    0.000000000    0.000000000    0.000000000
    0.243071786    0.000000000    0.000000000    0.000000000
    0.250250417    0.000000000    0.000000000    0.000000000
    0.257429048    0.000000000    0.000000000    0.000000000
    0.264607679    0.000000000    0.000000000    0.000000000
    0.271786311    0.000000000    0.000000000    0.000000000
    0.278964942    0.000000000    0.000000000    0.000000000
    0.286143573    0.000000000    0.000000000    0.000000000
    0.293322204    0.000000000    0.000000000    0.000000000
    0.300500835    0.000000000    0.000000000    0.000000000
    0.307679466    0.000000000    0.000000000    0.000000000
    0.314858097    0.000000000    0.000000000    0.000000000
    0.322036728    0.000000000    0.000000000    0.000000000
    0.329215359    0.000000000    0.000000000    0.000000000
    0.336393990    0.000000000    0.000000000    0.000000000
    0.343572621    0.000000000    0.000000000    0.000000000
    0.350751252    0.000000000    0.000000000    0.000000000
    0.357929883    0.000000000    0.000000000    0.000000000
    0.365108514    0.000000000    0.000000000    0.000000000
    0.372287145    0.000000000    0.000000000    0.000000000
    0.379465776    0.000000000    0.000000000    0.000000000
    0.386644407    0.000000000    0.000000000    0.000000000
    0.393823038    0.000000000    0.000000000    0.000000000
    0.401001669    0.000000000    0.000000000    0.000000000
    0.408180301    0.000000000    0.000000000    0.000000000
    0.415358932    0.000000000    0.000000000    0.000000000
    0.422537563    0.000000000    0.000000000    0.000000000
    0.429716194    0.000000000    0.000000000    0.000000000
    0.436894825    0.000000000    0.000000000    0.000000000
    0.444073456    0.000000000    0.000000000    0.000000000
    0.451252087    0.000000000    0.000000000    0.000000000
    0.458430718    0.000000000    0.000000000    0.000000000
    0.465609349    0.000000000    0.000000000    0.000000000
    0.472787980    0.000000000    0.000000000    0.000000000
    0.479966611    0.000000000    0.000000000    0.000000000
    0.487145242    0.000000000    0.000000000    0.000000000
    0.494323873    0.000000000    0.000000000    0.000000000
    0.501502504    0.000000000    0.000000000    0.000000000
    0.508681135    0.000000000    0.000000000    0.000000000
    0.515859766    0.000000000    0.000000000    0.000000000
    0.523038397    0.000000000    0.000000000    0.000000000
    0.530217028    0.000000000    0.000000000    0.000000000
    0.537395659    0.000000000    0.000000000    0.000000000
    0.544574290    0.000000000    0.000000000    0.000000000
    0.551752922    0.000000000    0.000000000    0.000000000
    0.558931553    0.000000000    0.000000000    0.000000000
    0.566110184    0.000000000    0.000000000    0.000000000
    0.573288815    0.000000000    0.000000000    0.000000000
    0.580467446    0.000000000    0.000000000    0.000000000
    0.587646077    0.000000000    0.000000000    0.000000000
    0.594824708    0.000000000    0.000000000    0.000000000
    0.602003339    0.000000000    0.000000000    0.000000000
    0.609181970    0.000000000    0.000000000    0.000000000
    0.616360601    0.000000000    0.000000000    0.000000000
    0.623539232    0.000000000    0.000000000    0.000000000
    0.630717863    0.000000000    0.000000000    0.000000000
    0.637896494    0.000000000    0.000000000    0.000000000
    0.645075125    0.000000000    0.000000000    0.000000000
    0.652253756    0.000000000    0.000000000    0.000000000
    0.659432387    0.000000000    0.000000000    0.000000000
    0.666611018    0.000000000    0.000000000    0.000000000
    0.673789649    0.000000000    0.000000000    0.000000000
    0.680968280    0.000000000    0.000000000    0.000000000
    0.688146912    0.000000000    0.000000000    0.000000000
    0.695325543    0.000000000    0.000000000    0.000000000
    0.702504174    0.000000000    0.000000000    0.000000000
    0.709682805    0.000000000    0.000000000    0.000000000
    0.716861436    0.000000000    0.000000000    0.000000000
    0.724040067    0.000000000    0.000000000    0.000000000
    0.731218698    0.000000000    0.000000000    0.000000000
    0.738397329    0.000000000    0.000000000    0.000000000
    0.745575960    0.000000000    0.000000000    0.000000000
    0.752754591    0.000000000    0.000000000    0.000000000
    0.759933222    0.000000000    0.000000000    0.000000000
    0.767111853    0.000000000    0.000000000    0.000000000
    0.774290484    0.000000000    0.000000000    0.000000000
    0.781469115    0.000000000    0.000000000    0.000000000
    0.788647746    0.000000000    0.000000000    0.000000000
    0.795826377    0.000000000    0.000000000    0.000000000
    0.803005008    0.000000000    0.000000000    0.000000000
    0.810183639    0.000000000    0.000000000    0.000000000
    0.817362270    0.000000000    0.000000000    0.000000000
    0.824540902    0.000000000    0.000000000    0.000000000
    0.831719533    0.000000000    0.000000000    0.000000000
    0.838898164    0.000000000    0.000000000    0.000000000
    0.846076795    0.000000000    0.000000000    0.000000000
    0.853255426    0.000000000    0.000000000    0.000000000
    0.860434057    0.000000000    0.000000000    0.000000000
    0.867612688    0.000000000    0.000000000    0.000000000
    0.874791319    0.000000000    0.000000000    0.000000000
    0.881969950    0.000000000    0.000000000    0.000000000
    0.889148581    0.000000000    0.000000000    0.000000000
    0.896327212    0.000000000    0.000000000    0.000000000
    0.903505843    0.000000000    0.000000000    0.000000000
    0.910684474    0.000000000    0.000000000    0.000000000
    0.917863105    0.000000000    0.000000000    0.000000000
    0.925041736    0.000000000    0.000000000    0.000000000
    0.932220367    0.000000000    0.000000000    0.000000000
    0.939398998    0.000000000    0.000000000    0.000000000
    0.946577629    0.000000000    0.000000000    0.000000000
    0.953756260    0.000000000    0.000000000    0.000000000
    0.960934891    0.000000000    0.000000000    0.000000000
    0.968113523    0.000000000    0.000000000    0.000000000
    0.975292154    0.000000000    0.000000000    0.000000000
    0.982470785    0.000000000    0.000000000    0.000000000
    0.989649416    0.000000000    0.000000000    0.000000000
    0.996828047    0.000000000    0.000000000    0.000000000
    1.004006678    0.000000000    0.000000000    0.000000000
    1.011185309    0.000000000    0.000000000    0.000000000
    1.018363940    0.000000000    0.000000000    0.000000000
    1.025542571    0.000000000    0.000000000    0.000000000
    1.032721202    0.000000000    0.000000000    0.000000000
    1.039899833    0.000000000    0.000000000    0.000000000
    1.047078464    0.000000000    0.000000000    0.000000000
    1.054257095    0.000000000    0.000000000    0.000000000
    1.061435726    0.000000000    0.000000000    0.000000000
    1.068614357    0.000000000    0.000000000    0.000000000
    1.075792988    0.000000000    0.000000000    0.000000000
    1.082971619    0.000000000    0.000000000    0.000000000
    1.090150250    0.000000000    0.000000000    0.000000000
    1.097328881    0.000000000    0.000000000    0.000000000
    1.104507513    0.000000000    0.000000000    0.000000000
    1.111686144    0.000000000    0.000000000    0.000000000
    1.118864775    0.000000000    0.000000000    0.000000000
    1.126043406    0.000000000    0.000000000    0.000000000
    1.133222037    0.000000000    0.000000000    0.000000000
    1.140400668    0.000000000    0.000000000    0.000000000
    1.147579299    0.000000000    0.000000000    0.000000000
    1.154757930    0.000000000    0.000000000    0.000000000
    1.161936561    0.000000000    0.000000000    0.000000000
    1.169115192    0.000000000    0.000000000    0.000000000
    1.176293823    0.000000000    0.000000000    0.000000000
    1.183472454    0.000000000    0.000000000    0.000000000
    1.190651085    0.000000000    0.000000000    0.000000000
    1.197829716    0.000000000    0.000000000    0.000000000
    1.205008347    0.000000000    0.000000000    0.000000000
    1.212186978    0.000000000    0.000000000    0.000000000
    1.219365609    0.000000000    0.000000000    0.000000000
    1.226544240    0.000000000    0.000000000    0.000000000
    1.233722871    0.000000000    0.000000000    0.000000000
    1.240901503    0.000000000    0.000000000    0.000000000
    1.248080134    0.000000000    0.000000000    0.000000000
    1.255258765    0.000000000    0.000000000    0.000000000
    1.262437396    0.000000000    0.000000000    0.000000000
    1.269616027    0.000000000    0.000000000    0.000000000
    1.276794658    0.000000000    0.000000000    0.000000000
    1.283973289    0.000000000    0.000000000    0.000000000
    1.291151920    0.000000000    0.000000000    0.000000000
    1.298330551    0.000000000    0.000000000    0.000000000
    1.305509182    0.000000000    0.000000000    0.000000000
    1.312687813    0.000000000    0.000000000    0.000000000
    1.319866444    0.000000000    0.000000000    0.000000000
    1.327045075    0.000000000    0.000000000    0.000000000
    1.334223706    0.000000000    0.000000000    0.000000000
    1.341402337    0.000000000    0.000000000    0.000000000
    1.348580968    0.000000000    0.000000000    0.000000000
    1.355759599    0.000000000    0.000000000    0.000000000
    1.362938230    0.000000000    0.000000000    0.000000000
    1.370116861    0.000000000    0.000000000    0.000000000
    1.377295492    0.000000000    0.000000000    0.000000000
    1.384474124    0.000000000    0.000000000    0.000000000
    1.391652755    0.000000000    0.000000000    0.000000000
    1.398831386    0.000000000    0.000000000    0.000000000
    1.406010017    0.000000000    0.000000000    0.000000000
    1.413188648    0.000000000    0.000000000    0.000000000
    1.420367279    0.000000000    0.000000000    0.000000000
    1.427545910    0.000000000    0.000000000    0.000000000
    1.434724541    0.000000000    0.000000000    0.000000000
    1.441903172    0.000000000    0.000000000    0.000000000
    1.449081803    0.000000000    0.000000000    0.000000000
    1.456260434    0.000000000    0.000000000    0.000000000
    1.463439065    0.000000000    0.000000000    0.000000000
    1.470617696    0.000000000    0.000000000    0.000000000
    1.477796327    0.000000000    0.000000000    0.000000000
    1.484974958    0.000000000    0.000000000    0.000000000
    1.492153589    0.000000000    0.000000000    0.000000000
    1.499332220    0.000000000    0.000000000    0.000000000
    1.506510851    0.000000000    0.000000000    0.000000000
    1.513689482    0.000000000    0.000000000    0.000000000
    1.520868114    0.000000000    0.000000000    0.000000000
    1.528046745    0.000000000    0.000000000    0.000000000
    1.535225376    0.000000000    0.000000000    0.000000000
    1.542404007    0.000000000    0.000000000    0.000000000
    1.549582638    0.000000000    0.000000000    0.000000000
    1.556761269    0.000000000    0.000000000    0.000000000
    1.563939900    0.000000000    0.000000000    0.000000000
    1.571118531    0.000000000    0.000000000    0.000000000
    1.578297162    0.000000000    0.000000000    0.000000000
    1.585475793    0.000000000    0.000000000    0.000000000
    1.592654424    0.000000000    0.000000000    0.000000000
    1.599833055    0.000000000    0.000000000    0.000000000
    1.607011686    0.000000000    0.000000000    0.000000000
    1.614190317    0.000000000    0.000000000    0.000000000
    1.621368948    0.000000000    0.000000000    0.000000000
    1.628547579    0.000000000    0.000000000    0.000000000
    1.635726210    0.000000000    0.000000000    0.000000000
    1.642904841    0.000000000    0.000000000    0.000000000
    1.650083472    0.000000000    0.000000000    0.000000000
    1.657262104    0.000000000    0.000000000    0.000000000
    1.664440735    0.000000000    0.000000000    0.000000000
    1.671619366    0.000000000    0.000000000    0.000000000
    1.678797997    0.000000000    0.000000000    0.000000000
    1.685976628    0.000000000    0.000000000    0.000000000
    1.693155259    0.000000001    0.000000000    0.000000000
    1.700333890    0.000000001    0.000000000    0.000000000
    1.707512521    0.000000001    0.000000000    0.000000000
    1.714691152    0.000000001    0.000000000    0.000000000
    1.721869783    0.000000001    0.000000000    0.000000000
    1.729048414    0.000000000    0.000000000    0.000000000
    1.736227045    0.000000000    0.000000000    0.000000000
    1.743405676    0.000000000    0.000000000    0.000000000
    1.750584307    0.000000000    0.000000000    0.000000000
    1.757762938    0.000000000    0.000000000    0.000000000
    1.764941569    0.000000000    0.000000000    0.000000000
    1.772120200    0.000000000    0.000000000    0.000000000
    1.779298831    0.000000000    0.000000000    0.000000001
    1.786477462    0.000000000    0.000000000    0.000000001
    1.793656093    0.000000000    0.000000000    0.000000001
    1.800834725    0.000000000    0.000000000    0.000000001
    1.808013356    0.000000000    0.000000000    0.000000001
    1.815191987    0.000000000    0.000000000    0.000000001
    1.822370618    0.000000000    0.000000000    0.000000000
    1.829549249    0.000000000    0.000000000    0.000000000
    1.836727880    0.000000000    0.000000000    0.000000000
    1.843906511    0.000000000    0.000000000    0.000000000
    1.851085142    0.000000000    0.000000000    0.000000000
    1.858263773    0.000000000    0.000000000    0.000000000
    1.865442404    0.000000000    0.000000000    0.000000000
    1.872621035    0.000000000    0.000000000    0.000000000
    1.879799666    0.000000000    0.000000000    0.000000000
    1.886978297    0.000000000    0.000000000    0.000000000
    1.894156928    0.000000000    0.000000000    0.000000000
    1.901335559    0.000000000    0.000000000    0.000000000
    1.908514190    0.000000000    0.000000000    0.000000000
    1.915692821    0.000000000    0.000000000    0.000000000
    1.922871452    0.000000000    0.000000000    0.000000000
    1.930050083    0.000000000    0.000000000    0.000000000
    1.937228715    0.000000000    0.000000000    0.000000000
    1.944407346    0.000000000    0.000000000    0.000000000
    1.951585977    0.000000000    0.000000000    0.000000000
    1.958764608    0.000000000    0.000000000    0.000000000
    1.965943239    0.000000000    0.000000000    0.000000000
    1.973121870    0.000000001    0.000000000    0.000000000
    1.980300501    0.000000001    0.000000000    0.000000000
    1.987479132    0.000000001    0.000000000    0.000000000
    1.994657763    0.000000001    0.000000000    0.000000000
    2.001836394    0.000000001    0.000000000    0.000000000
    2.009015025    0.000000000    0.000000000    0.000000000
    2.016193656    0.000000000    0.000000000    0.000000000
    2.023372287    0.000000000    0.000000000    0.000000000
    2.030550918    0.000000000    0.000000000    0.000000001
    2.037729549    0.000000000    0.000000000    0.000000001
    2.044908180    0.000000000    0.000000000    0.000000001
    2.052086811    0.000000000    0.000000000    0.000000001
    2.059265442    0.000000000    0.000000000    0.000000001
    2.066444073    0.000000000    0.000000000    0.000000001
    2.073622705    0.000000000    0.000000000    0.000000001
    2.080801336    0.000000000    0.000000001    0.000000001
    2.087979967    0.000000000    0.000000001    0.000000001
    2.095158598    0.000000000    0.000000001    0.000000001
    2.102337229    0.000000000    0.000000001    0.000000001
    2.109515860    0.000000000    0.000000001    0.000000001
    2.116694491    0.000000000    0.000000000    0.000000001
    2.123873122    0.000000000    0.000000000    0.000000001
    2.131051753    0.000000000    0.000000000    0.000000001
    2.138230384    0.000000000    0.000000000    0.000000001
    2.145409015    0.000000000    0.000000000    0.000000001
    2.152587646    0.000000000    0.000000000    0.000000001
    2.159766277    0.000000000    0.000000000    0.000000001
    2.166944908    0.000000000    0.000000000    0.000000001
    2.174123539    0.000000000    0.000000000    0.000000000
    2.181302170    0.000000000    0.000000000    0.000000000
    2.188480801    0.000000001    0.000000000    0.000000001
    2.195659432    0.000000001    0.000000000    0.000000001
    2.202838063    0.000000001    0.000000001    0.000000001
    2.210016694    0.000000002    0.000000001    0.000000001
    2.217195326    0.000000002    0.000000001    0.000000001
    2.224373957    0.000000002    0.000000001    0.000000001
    2.231552588    0.000000001    0.000000002    0.000000001
    2.238731219    0.000000001    0.000000002    0.000000001
    2.245909850    0.000000001    0.000000003    0.000000001
    2.253088481    0.000000001    0.000000004    0.000000001
    2.260267112    0.000000000    0.000000004    0.000000001
    2.267445743    0.000000000    0.000000005    0.000000001
    2.274624374    0.000000000    0.000000005    0.000000001
    2.281803005    0.000000000    0.000000005    0.000000001
    2.288981636    0.000000000    0.000000004    0.000000000
    2.296160267    0.000000000    0.000000003    0.000000000
    2.303338898    0.000000000    0.000000002    0.000000000
    2.310517529    0.000000000    0.000000002    0.000000000
    2.317696160    0.000000000    0.000000001    0.000000000
    2.324874791    0.000000000    0.000000001    0.000000000
    2.332053422    0.000000000    0.000000001    0.000000000
    2.339232053    0.000000000    0.000000002    0.000000000
    2.346410684    0.000000000    0.000000003    0.000000000
    2.353589316    0.000000001    0.000000004    0.000000001
    2.360767947    0.000000001    0.000000006    0.000000001
    2.367946578    0.000000001    0.000000006    0.000000002
    2.375125209    0.000000002    0.000000007    0.000000002
    2.382303840    0.000000002    0.000000007    0.000000003
    2.389482471    0.000000002    0.000000006    0.000000003
    2.396661102    0.000000002    0.000000005    0.000000003
    2.403839733    0.000000002    0.000000004    0.000000003
    2.411018364    0.000000002    0.000000003    0.000000003
    2.418196995    0.000000002    0.000000002    0.000000003
    2.425375626    0.000000002    0.000000001    0.000000003
    2.432554257    0.000000002    0.000000001    0.000000004
    2.439732888    0.000000002    0.000000001    0.000000004
    2.446911519    0.000000002    0.000000002    0.000000003
    2.454090150    0.000000002    0.000000002    0.000000003
    2.461268781    0.000000002    0.000000002    0.000000003
    2.468447412    0.000000001    0.000000002    0.000000002
    2.475626043    0.000000001    0.000000002    0.000000002
    2.482804674    0.000000001    0.000000002    0.000000001
    2.489983306    0.000000000    0.000000003    0.000000001
    2.497161937    0.000000000    0.000000003    0.000000001
    2.504340568    0.000000001    0.000000005    0.000000001
    2.511519199    0.000000001    0.000000007    0.000000002
    2.518697830    0.000000002    0.000000010    0.000000002
    2.525876461    0.000000002    0.000000013    0.000000004
    2.533055092    0.000000004    0.000000015    0.000000006
    2.540233723    0.000000005    0.000000016    0.000000007
    2.547412354    0.000000006    0.000000016    0.000000009
    2.554590985    0.000000007    0.000000016    0.000000010
    2.561769616    0.000000007    0.000000015    0.000000010
    2.568948247    0.000000006    0.000000016    0.000000009
    2.576126878    0.000000005    0.000000017    0.000000007
    2.583305509    0.000000004    0.000000017    0.000000005
    2.590484140    0.000000003    0.000000017    0.000000004
    2.597662771    0.000000002    0.000000016    0.000000002
    2.604841402    0.000000001    0.000000014    0.000000001
    2.612020033    0.000000001    0.000000011    0.000000001
    2.619198664    0.000000000    0.000000008    0.000000000
    2.626377295    0.000000000    0.000000006    0.000000000
    2.633555927    0.000000000    0.000000004    0.000000000
    2.640734558    0.000000000    0.000000003    0.000000000
    2.647913189    0.000000000    0.000000002    0.000000000
    2.655091820    0.000000000    0.000000001    0.000000000
    2.662270451    0.000000000    0.000000001    0.000000000
    2.669449082    0.000000000    0.000000002    0.000000000
    2.676627713    0.000000000    0.000000002    0.000000000
    2.683806344    0.000000000    0.000000002    0.000000000
    2.690984975    0.000000000    0.000000003    0.000000000
    2.698163606    0.000000000    0.000000003    0.000000001
    2.705342237    0.000000000    0.000000004    0.000000003
    2.712520868    0.000000000    0.000000005    0.000000018
    2.719699499    0.000000001    0.000000006    0.000000096
    2.726878130    0.000000005    0.000000010    0.000000460
    2.734056761    0.000000020    0.000000021    0.000001949
    2.741235392    0.000000079    0.000000063    0.000007317
    2.748414023    0.000000274    0.000000206    0.000024316
    2.755592654    0.000000852    0.000000645    0.000071398
    2.762771285    0.000002356    0.000001843    0.000184918
    2.769949917    0.000005795    0.000004726    0.000421284
    2.777128548    0.000012682    0.000010827    0.000840176
    2.784307179    0.000024673    0.000022133    0.001453820
    2.791485810    0.000042665    0.000040355    0.002157557
    2.798664441    0.000065553    0.000065620    0.002741718
    2.805843072    0.000089490    0.000095157    0.003087106
    2.813021703    0.000108714    0.000123074    0.003429120
    2.820200334    0.000118258    0.000142027    0.004833474
    2.827378965    0.000116794    0.000146366    0.009677185
    2.834557596    0.000108798    0.000135055    0.011635643
    2.841736227    0.000110501    0.000112982    0.013145746
    2.848914858    0.000153179    0.000089985    0.018614594
    2.856093489    0.000284361    0.000079110    0.030256176
    2.863272120    0.000562583    0.000095914    0.037847841
    2.870450751    0.001029644    0.000158270    0.019584883
    2.877629382    0.001653321    0.000283719    0.009876153
    2.884808013    0.002283727    0.000481426    0.007739722
    2.891986644    0.002736287    0.000740039    0.007170063
    2.899165275    0.003018290    0.001019273    0.006578118
    2.906343907    0.003606358    0.001255953    0.006025005
    2.913522538    0.006287721    0.001387080    0.006268076
    2.920701169    0.011360419    0.001372279    0.009157009
    2.927879800    0.012942198    0.001214608    0.009956135
    2.935058431    0.016379011    0.000972773    0.007235887
    2.942237062    0.021164397    0.000729709    0.007179105
    2.949415693    0.019728518    0.000557693    0.008093517
    2.956594324    0.013384745    0.000497600    0.008943447
    2.963772955    0.009436494    0.000551712    0.008874422
    2.970951586    0.007487460    0.000686750    0.007579175
    2.978130217    0.006865923    0.000844868    0.005629538
    2.985308848    0.008628709    0.000962547    0.003811448
    2.992487479    0.011389604    0.000991903    0.002538475
    2.999666110    0.008011426    0.000914058    0.001890937
    3.006844741    0.007339725    0.000750077    0.001803420
    3.014023372    0.008190116    0.000548532    0.002331744
    3.021202003    0.009342958    0.000357723    0.004513584
    3.028380634    0.009885161    0.000208075    0.033914932
    3.035559265    0.009167611    0.000107957    0.008858430
    3.042737896    0.007385601    0.000049968    0.000626311
    3.049916528    0.005321297    0.000020638    0.000107613
    3.057095159    0.003583806    0.000007611    0.000023167
    3.064273790    0.002388551    0.000002511    0.000005557
    3.071452421    0.001748214    0.000000744    0.000001544
    3.078631052    0.001903461    0.000000201    0.000000564
    3.085809683    0.076366513    0.000000053    0.000000292
    3.092988314    0.000176900    0.000000017    0.000000205
    3.100166945    0.000011529    0.000000011    0.000000183
    3.107345576    0.000002492    0.000000012    0.000000188
    3.114524207    0.000001138    0.000000016    0.000000202
    3.121702838    0.000000687    0.000000021    0.000000210
    3.128881469    0.000000468    0.000000027    0.000000205
    3.136060100    0.000000350    0.000000034    0.000000185
    3.143238731    0.000000278    0.000000042    0.000000154
    3.150417362    0.000000225    0.000000052    0.000000119
    3.157595993    0.000000178    0.000000063    0.000000087
    3.164774624    0.000000135    0.000000074    0.000000064
    3.171953255    0.000000101    0.000000082    0.000000051
    3.179131886    0.000000078    0.000000087    0.000000048
    3.186310518    0.000000070    0.000000087    0.000000051
    3.193489149    0.000000072    0.000000083    0.000000057
    3.200667780    0.000000082    0.000000075    0.000000062
    3.207846411    0.000000091    0.000000066    0.000000064
    3.215025042    0.000000096    0.000000058    0.000000060
    3.222203673    0.000000092    0.000000052    0.000000052
    3.229382304    0.000000082    0.000000048    0.000000042
    3.236560935    0.000000068    0.000000044    0.000000034
    3.243739566    0.000000056    0.000000040    0.000000029
    3.250918197    0.000000047    0.000000035    0.000000027
    3.258096828    0.000000043    0.000000029    0.000000028
    3.265275459    0.000000042    0.000000022    0.000000029
    3.272454090    0.000000041    0.000000016    0.000000029
    3.279632721    0.000000039    0.000000011    0.000000026
    3.286811352    0.000000034    0.000000008    0.000000021
    3.293989983    0.000000028    0.000000007    0.000000015
    3.301168614    0.000000023    0.000000007    0.000000011
    3.308347245    0.000000021    0.000000008    0.000000008
    3.315525876    0.000000021    0.000000011    0.000000007
    3.322704508    0.000000024    0.000000013    0.000000008
    3.329883139    0.000000028    0.000000015    0.000000010
    3.337061770    0.000000030    0.000000015    0.000000012
    3.344240401    0.000000031    0.000000015    0.000000015
    3.351419032    0.000000030    0.000000013    0.000000017
    3.358597663    0.000000026    0.000000011    0.000000019
    3.365776294    0.000000022    0.000000009    0.000000021
    3.372954925    0.000000019    0.000000008    0.000000022
    3.380133556    0.000000016    0.000000008    0.000000024
    3.387312187    0.000000014    0.000000008    0.000000025
    3.394490818    0.000000013    0.000000008    0.000000025
    3.401669449    0.000000015    0.000000009    0.000000027
    3.408848080    0.000000033    0.000000011    0.000000048
    3.416026711    0.000000123    0.000000025    0.000000160
    3.423205342    0.000000498    0.000000100    0.000000634
    3.430383973    0.000001863    0.000000442    0.000002364
    3.437562604    0.000006237    0.000001888    0.000007909
    3.444741235    0.000018612    0.000007489    0.000023541
    3.451919866    0.000049453    0.000027324    0.000062266
    3.459098497    0.000117049    0.000091114    0.000146298
    3.466277129    0.000246953    0.000276123    0.000305281
    3.473455760    0.000464693    0.000756325    0.000565352
    3.480634391    0.000779785    0.001862943    0.000927711
    3.487813022    0.001166924    0.004107303    0.001348201
    3.494991653    0.001566745    0.008070240    0.001751246
    3.502170284    0.001945217    0.014074192    0.002119354
    3.509348915    0.002425387    0.021732189    0.002662304
    3.516527546    0.003198960    0.029808742    0.003731401
    3.523706177    0.003799760    0.037147284    0.004641876
    3.530884808    0.004501221    0.045808712    0.005417797
    3.538063439    0.007232088    0.064191158    0.008209622
    3.545242070    0.010059615    0.086868201    0.011402244
    3.552420701    0.011909047    0.084842971    0.013897159
    3.559599332    0.015556722    0.070041183    0.017492016
    3.566777963    0.017237657    0.060936253    0.017009825
    3.573956594    0.012756399    0.060717705    0.011589283
    3.581135225    0.008374013    0.065447849    0.007797838
    3.588313856    0.006308783    0.071458279    0.006264678
    3.595492487    0.005940702    0.083822401    0.006137240
    3.602671119    0.008456216    0.135541659    0.008406925
    3.609849750    0.015283141    0.290530574    0.014756155
    3.617028381    0.019309420    0.420496163    0.018389159
    3.624207012    0.020148606    0.504435991    0.015298840
    3.631385643    0.014074166    0.506133293    0.008747374
    3.638564274    0.007435392    0.345980717    0.004617345
    3.645742905    0.004513363    0.169954735    0.003061688
    3.652921536    0.003613309    0.077378554    0.002716289
    3.660100167    0.003398852    0.043413793    0.002774686
    3.667278798    0.003447438    0.037388179    0.002937052
    3.674457429    0.003828489    0.043849548    0.003221775
    3.681636060    0.004310299    0.055438472    0.003519833
    3.688814691    0.004793607    0.068626726    0.003944173
    3.695993322    0.006174115    0.083499751    0.005293448
    3.703171953    0.007278890    0.099323340    0.006513338
    3.710350584    0.007533026    0.125935191    0.006768785
    3.717529215    0.007226210    0.171703324    0.006381271
    3.724707846    0.007816777    0.177493005    0.006729870
    3.731886477    0.010694652    0.133208420    0.008876022
    3.739065109    0.018528268    0.083528769    0.014333605
    3.746243740    0.044515382    0.046544480    0.031671415
    3.753422371    0.037663639    0.023497930    0.060742468
    3.760601002    0.007386513    0.010939940    0.012064487
    3.767779633    0.003280641    0.005025339    0.004308517
    3.774958264    0.002769818    0.002863839    0.003252590
    3.782136895    0.002819040    0.002677022    0.003136520
    3.789315526    0.002857339    0.003501294    0.003083322
    3.796494157    0.002797229    0.004835029    0.002963112
    3.803672788    0.002787565    0.006427665    0.002925129
    3.810851419    0.003114758    0.008238143    0.003264777
    3.818030050    0.003626369    0.010330442    0.003802910
    3.825208681    0.003989938    0.012738381    0.004154881
    3.832387312    0.004466597    0.015622889    0.004600132
    3.839565943    0.004321309    0.018872303    0.004436092
    3.846744574    0.004044090    0.022200910    0.004140886
    3.853923205    0.003909453    0.025652771    0.003998776
    3.861101836    0.003707338    0.028919747    0.003780944
    3.868280467    0.002890754    0.030592959    0.002948584
    3.875459098    0.002191523    0.029377412    0.002267619
    3.882637730    0.001921401    0.025914983    0.002000820
    3.889816361    0.001614140    0.021639169    0.001666394
    3.896994992    0.001319778    0.016634531    0.001352457
    3.904173623    0.001100644    0.011584110    0.001130903
    3.911352254    0.000868176    0.007387413    0.000899198
    3.918530885    0.000618567    0.004321965    0.000646733
    3.925709516    0.000393506    0.002309531    0.000415259
    3.932888147    0.000223488    0.001121542    0.000238212
    3.940066778    0.000113474    0.000493500    0.000123247
    3.947245409    0.000051640    0.000197926    0.000060193
    3.954424040    0.000021367    0.000075795    0.000033568
    3.961602671    0.000008671    0.000033706    0.000030439
    3.968781302    0.000004503    0.000024495    0.000042342
    3.975959933    0.000003988    0.000026925    0.000063407
    3.983138564    0.000004776    0.000031783    0.000087583
    3.990317195    0.000005727    0.000034866    0.000107192
    3.997495826    0.000006243    0.000034397    0.000115506
    4.004674457    0.000006072    0.000030320    0.000111314
    4.011853088    0.000005254    0.000023851    0.000096188
    4.019031720    0.000004042    0.000016742    0.000074100
    4.026210351    0.000002764    0.000010489    0.000050768
    4.033388982    0.000001681    0.000005870    0.000030923
    4.040567613    0.000000910    0.000002944    0.000016747
    4.047746244    0.000000438    0.000001336    0.000008068
    4.054924875    0.000000189    0.000000566    0.000003459
    4.062103506    0.000000073    0.000000245    0.000001321
    4.069282137    0.000000026    0.000000129    0.000000451
    4.076460768    0.000000009    0.000000090    0.000000139
    4.083639399    0.000000003    0.000000073    0.000000040
    4.090818030    0.000000001    0.000000061    0.000000012
    4.097996661    0.000000001    0.000000048    0.000000004
    4.105175292    0.000000001    0.000000038    0.000000002
    4.112353923    0.000000001    0.000000030    0.000000001
    4.119532554    0.000000001    0.000000026    0.000000001
    4.126711185    0.000000001    0.000000025    0.000000001
    4.133889816    0.000000001    0.000000026    0.000000001
    4.141068447    0.000000001    0.000000027    0.000000001
    4.148247078    0.000000001    0.000000026    0.000000001
    4.155425710    0.000000001    0.000000025    0.000000001
    4.162604341    0.000000001    0.000000022    0.000000001
    4.169782972    0.000000001    0.000000019    0.000000001
    4.176961603    0.000000001    0.000000016    0.000000001
    4.184140234    0.000000001    0.000000013    0.000000001
    4.191318865    0.000000001    0.000000011    0.000000002
    4.198497496    0.000000001    0.000000010    0.000000002
    4.205676127    0.000000002    0.000000011    0.000000002
    4.212854758    0.000000002    0.000000013    0.000000002
    4.220033389    0.000000002    0.000000017    0.000000003
    4.227212020    0.000000003    0.000000022    0.000000003
    4.234390651    0.000000003    0.000000028    0.000000003
    4.241569282    0.000000003    0.000000035    0.000000003
    4.248747913    0.000000003    0.000000041    0.000000003
    4.255926544    0.000000002    0.000000047    0.000000002
    4.263105175    0.000000002    0.000000051    0.000000002
    4.270283806    0.000000002    0.000000054    0.000000002
    4.277462437    0.000000002    0.000000053    0.000000002
    4.284641068    0.000000002    0.000000051    0.000000002
    4.291819699    0.000000002    0.000000049    0.000000002
    4.298998331    0.000000002    0.000000049    0.000000002
    4.306176962    0.000000002    0.000000052    0.000000002
    4.313355593    0.000000003    0.000000058    0.000000003
    4.320534224    0.000000003    0.000000069    0.000000003
    4.327712855    0.000000004    0.000000081    0.000000004
    4.334891486    0.000000005    0.000000093    0.000000004
    4.342070117    0.000000006    0.000000102    0.000000004
    4.349248748    0.000000008    0.000000107    0.000000004
    4.356427379    0.000000009    0.000000108    0.000000004
    4.363606010    0.000000011    0.000000105    0.000000004
    4.370784641    0.000000012    0.000000101    0.000000003
    4.377963272    0.000000013    0.000000098    0.000000003
    4.385141903    0.000000014    0.000000098    0.000000003
    4.392320534    0.000000014    0.000000101    0.000000003
    4.399499165    0.000000015    0.000000109    0.000000003
    4.406677796    0.000000015    0.000000119    0.000000004
    4.413856427    0.000000015    0.000000132    0.000000005
    4.421035058    0.000000015    0.000000148    0.000000007
    4.428213689    0.000000015    0.000000168    0.000000009
    4.435392321    0.000000015    0.000000189    0.000000011
    4.442570952    0.000000015    0.000000208    0.000000015
    4.449749583    0.000000016    0.000000222    0.000000021
    4.456928214    0.000000016    0.000000232    0.000000029
    4.464106845    0.000000016    0.000000270    0.000000040
    4.471285476    0.000000016    0.000000496    0.000000064
    4.478464107    0.000000017    0.000001578    0.000000144
    4.485642738    0.000000021    0.000005964    0.000000462
    4.492821369    0.000000036    0.000021506    0.000001670
    4.500000000    0.000000081    0.000070010    0.000005806
