# energy grid [eV]  eels components [arbitrary units]
#
    0.200000000    0.000000000    0.000000000    0.000000000
    0.207178631    0.000000000    0.000000000    0.000000000
    0.214357262    0.000000000    0.000000000    0.000000000
    0.221535893    0.000000000    0.000000000    0.000000000
    0.228714524    0.000000000    0.000000000    0.000000000
    0.235893155    0.000000000    0.000000000    0.000000000
    0.243071786    0.000000000    0.000000000    0.000000000
    0.250250417    0.000000000    0.000000000    0.000000000
    0.257429048    0.000000000    0.000000000    0.000000000
    0.264607679    0.000000000    0.000000000    0.000000000
    0.271786311    0.000000000    0.000000000    0.000000000
    0.278964942    0.000000000    0.000000000    0.000000000
    0.286143573    0.000000000    0.000000000    0.000000000
    0.293322204    0.000000000    0.000000000    0.000000000
    0.300500835    0.000000000    0.000000000    0.000000000
    0.307679466    0.000000000    0.000000000    0.000000000
    0.314858097    0.000000000    0.000000000    0.000000000
    0.322036728    0.000000000    0.000000000    0.000000000
    0.329215359    0.000000000    0.000000000    0.000000000
    0.336393990    0.000000000    0.000000000    0.000000000
    0.343572621    0.000000000    0.000000000    0.000000000
    0.350751252    0.000000000    0.000000000    0.000000000
    0.357929883    0.000000000    0.000000000    0.000000000
    0.365108514    0.000000000    0.000000000    0.000000000
    0.372287145    0.000000000    0.000000000    0.000000000
    0.379465776    0.000000000    0.000000000    0.000000000
    0.386644407    0.000000000    0.000000000    0.000000000
    0.393823038    0.000000000    0.000000000    0.000000000
    0.401001669    0.000000000    0.000000000    0.000000000
    0.408180301    0.000000000    0.000000000    0.000000000
    0.415358932    0.000000000    0.000000000    0.000000000
    0.422537563    0.000000000    0.000000000    0.000000000
    0.429716194    0.000000000    0.000000000    0.000000000
    0.436894825    0.000000000    0.000000000    0.000000000
    0.444073456    0.000000000    0.000000000    0.000000000
    0.451252087    0.000000000    0.000000000    0.000000000
    0.458430718    0.000000000    0.000000000    0.000000000
    0.465609349    0.000000000    0.000000000    0.000000000
    0.472787980    0.000000000    0.000000000    0.000000000
    0.479966611    0.000000000    0.000000000    0.000000000
    0.487145242    0.000000000    0.000000000    0.000000000
    0.494323873    0.000000000    0.000000000    0.000000000
    0.501502504    0.000000000    0.000000000    0.000000000
    0.508681135    0.000000000    0.000000000    0.000000000
    0.515859766    0.000000000    0.000000000    0.000000000
    0.523038397    0.000000000    0.000000000    0.000000000
    0.530217028    0.000000000    0.000000000    0.000000000
    0.537395659    0.000000000    0.000000000    0.000000000
    0.544574290    0.000000000    0.000000000    0.000000000
    0.551752922    0.000000000    0.000000000    0.000000000
    0.558931553    0.000000000    0.000000000    0.000000000
    0.566110184    0.000000000    0.000000000    0.000000000
    0.573288815    0.000000000    0.000000000    0.000000000
    0.580467446    0.000000000    0.000000000    0.000000000
    0.587646077    0.000000000    0.000000000    0.000000000
    0.594824708    0.000000000    0.000000000    0.000000000
    0.602003339    0.000000000    0.000000000    0.000000000
    0.609181970    0.000000000    0.000000000    0.000000000
    0.616360601    0.000000000    0.000000000    0.000000000
    0.623539232    0.000000000    0.000000000    0.000000000
    0.630717863    0.000000000    0.000000000    0.000000000
    0.637896494    0.000000000    0.000000000    0.000000000
    0.645075125    0.000000000    0.000000000    0.000000000
    0.652253756    0.000000000    0.000000000    0.000000000
    0.659432387    0.000000000    0.000000000    0.000000000
    0.666611018    0.000000000    0.000000000    0.000000000
    0.673789649    0.000000000    0.000000000    0.000000000
    0.680968280    0.000000000    0.000000000    0.000000000
    0.688146912    0.000000000    0.000000000    0.000000000
    0.695325543    0.000000000    0.000000000    0.000000000
    0.702504174    0.000000000    0.000000000    0.000000000
    0.709682805    0.000000000    0.000000000    0.000000000
    0.716861436    0.000000000    0.000000000    0.000000000
    0.724040067    0.000000000    0.000000000    0.000000000
    0.731218698    0.000000000    0.000000000    0.000000000
    0.738397329    0.000000000    0.000000000    0.000000000
    0.745575960    0.000000000    0.000000000    0.000000000
    0.752754591    0.000000000    0.000000000    0.000000000
    0.759933222    0.000000000    0.000000000    0.000000000
    0.767111853    0.000000000    0.000000000    0.000000000
    0.774290484    0.000000000    0.000000000    0.000000000
    0.781469115    0.000000000    0.000000000    0.000000000
    0.788647746    0.000000000    0.000000000    0.000000000
    0.795826377    0.000000000    0.000000000    0.000000000
    0.803005008    0.000000000    0.000000000    0.000000000
    0.810183639    0.000000000    0.000000000    0.000000000
    0.817362270    0.000000000    0.000000000    0.000000000
    0.824540902    0.000000000    0.000000000    0.000000000
    0.831719533    0.000000000    0.000000000    0.000000000
    0.838898164    0.000000000    0.000000000    0.000000000
    0.846076795    0.000000000    0.000000000    0.000000000
    0.853255426    0.000000000    0.000000000    0.000000000
    0.860434057    0.000000000    0.000000000    0.000000000
    0.867612688    0.000000000    0.000000000    0.000000000
    0.874791319    0.000000000    0.000000000    0.000000000
    0.881969950    0.000000000    0.000000000    0.000000000
    0.889148581    0.000000000    0.000000000    0.000000000
    0.896327212    0.000000000    0.000000000    0.000000000
    0.903505843    0.000000000    0.000000000    0.000000000
    0.910684474    0.000000000    0.000000000    0.000000000
    0.917863105    0.000000000    0.000000000    0.000000000
    0.925041736    0.000000000    0.000000000    0.000000000
    0.932220367    0.000000000    0.000000000    0.000000000
    0.939398998    0.000000000    0.000000000    0.000000000
    0.946577629    0.000000000    0.000000000    0.000000000
    0.953756260    0.000000000    0.000000000    0.000000000
    0.960934891    0.000000000    0.000000000    0.000000000
    0.968113523    0.000000000    0.000000000    0.000000000
    0.975292154    0.000000000    0.000000000    0.000000000
    0.982470785    0.000000000    0.000000000    0.000000000
    0.989649416    0.000000000    0.000000000    0.000000000
    0.996828047    0.000000000    0.000000000    0.000000000
    1.004006678    0.000000000    0.000000000    0.000000000
    1.011185309    0.000000000    0.000000000    0.000000000
    1.018363940    0.000000000    0.000000000    0.000000000
    1.025542571    0.000000000    0.000000000    0.000000000
    1.032721202    0.000000000    0.000000000    0.000000000
    1.039899833    0.000000000    0.000000000    0.000000000
    1.047078464    0.000000000    0.000000000    0.000000000
    1.054257095    0.000000000    0.000000000    0.000000000
    1.061435726    0.000000000    0.000000000    0.000000000
    1.068614357    0.000000000    0.000000000    0.000000000
    1.075792988    0.000000000    0.000000000    0.000000000
    1.082971619    0.000000000    0.000000000    0.000000000
    1.090150250    0.000000000    0.000000000    0.000000000
    1.097328881    0.000000000    0.000000000    0.000000000
    1.104507513    0.000000000    0.000000000    0.000000000
    1.111686144    0.000000000    0.000000000    0.000000000
    1.118864775    0.000000000    0.000000000    0.000000000
    1.126043406    0.000000000    0.000000000    0.000000000
    1.133222037    0.000000000    0.000000000    0.000000000
    1.140400668    0.000000000    0.000000000    0.000000000
    1.147579299    0.000000000    0.000000000    0.000000000
    1.154757930    0.000000000    0.000000000    0.000000000
    1.161936561    0.000000000    0.000000000    0.000000000
    1.169115192    0.000000000    0.000000000    0.000000000
    1.176293823    0.000000000    0.000000000    0.000000000
    1.183472454    0.000000000    0.000000000    0.000000000
    1.190651085    0.000000000    0.000000000    0.000000000
    1.197829716    0.000000000    0.000000000    0.000000000
    1.205008347    0.000000000    0.000000000    0.000000000
    1.212186978    0.000000000    0.000000000    0.000000000
    1.219365609    0.000000000    0.000000000    0.000000000
    1.226544240    0.000000000    0.000000000    0.000000000
    1.233722871    0.000000000    0.000000000    0.000000000
    1.240901503    0.000000000    0.000000000    0.000000000
    1.248080134    0.000000000    0.000000000    0.000000000
    1.255258765    0.000000000    0.000000000    0.000000000
    1.262437396    0.000000000    0.000000000    0.000000000
    1.269616027    0.000000000    0.000000000    0.000000000
    1.276794658    0.000000000    0.000000000    0.000000000
    1.283973289    0.000000000    0.000000000    0.000000000
    1.291151920    0.000000000    0.000000000    0.000000000
    1.298330551    0.000000000    0.000000000    0.000000000
    1.305509182    0.000000000    0.000000000    0.000000000
    1.312687813    0.000000000    0.000000000    0.000000000
    1.319866444    0.000000000    0.000000000    0.000000000
    1.327045075    0.000000000    0.000000000    0.000000000
    1.334223706    0.000000000    0.000000000    0.000000000
    1.341402337    0.000000000    0.000000000    0.000000000
    1.348580968    0.000000000    0.000000000    0.000000000
    1.355759599    0.000000000    0.000000000    0.000000000
    1.362938230    0.000000000    0.000000000    0.000000000
    1.370116861    0.000000000    0.000000000    0.000000000
    1.377295492    0.000000000    0.000000000    0.000000000
    1.384474124    0.000000000    0.000000000    0.000000000
    1.391652755    0.000000000    0.000000000    0.000000000
    1.398831386    0.000000000    0.000000000    0.000000000
    1.406010017    0.000000000    0.000000000    0.000000000
    1.413188648    0.000000000    0.000000000    0.000000000
    1.420367279    0.000000000    0.000000000    0.000000000
    1.427545910    0.000000000    0.000000000    0.000000000
    1.434724541    0.000000000    0.000000000    0.000000000
    1.441903172    0.000000000    0.000000000    0.000000000
    1.449081803    0.000000000    0.000000000    0.000000000
    1.456260434    0.000000000    0.000000000    0.000000000
    1.463439065    0.000000000    0.000000000    0.000000000
    1.470617696    0.000000000    0.000000000    0.000000000
    1.477796327    0.000000000    0.000000000    0.000000000
    1.484974958    0.000000000    0.000000000    0.000000000
    1.492153589    0.000000000    0.000000000    0.000000000
    1.499332220    0.000000000    0.000000000    0.000000000
    1.506510851    0.000000000    0.000000000    0.000000000
    1.513689482    0.000000000    0.000000000    0.000000000
    1.520868114    0.000000000    0.000000000    0.000000000
    1.528046745    0.000000000    0.000000000    0.000000000
    1.535225376    0.000000000    0.000000000    0.000000000
    1.542404007    0.000000000    0.000000000    0.000000000
    1.549582638    0.000000000    0.000000000    0.000000000
    1.556761269    0.000000000    0.000000000    0.000000000
    1.563939900    0.000000000    0.000000000    0.000000000
    1.571118531    0.000000000    0.000000000    0.000000000
    1.578297162    0.000000000    0.000000000    0.000000000
    1.585475793    0.000000000    0.000000000    0.000000000
    1.592654424    0.000000000    0.000000000    0.000000000
    1.599833055    0.000000000    0.000000000    0.000000000
    1.607011686    0.000000000    0.000000000    0.000000000
    1.614190317    0.000000000    0.000000000    0.000000000
    1.621368948    0.000000000    0.000000000    0.000000000
    1.628547579    0.000000000    0.000000000    0.000000000
    1.635726210    0.000000000    0.000000000    0.000000000
    1.642904841    0.000000000    0.000000000    0.000000000
    1.650083472    0.000000000    0.000000000    0.000000000
    1.657262104    0.000000000    0.000000000    0.000000000
    1.664440735    0.000000000    0.000000000    0.000000000
    1.671619366    0.000000000    0.000000000    0.000000000
    1.678797997    0.000000000    0.000000000    0.000000000
    1.685976628    0.000000000    0.000000000    0.000000000
    1.693155259    0.000000000    0.000000000    0.000000000
    1.700333890    0.000000000    0.000000000    0.000000000
    1.707512521    0.000000000    0.000000000    0.000000000
    1.714691152    0.000000000    0.000000000    0.000000000
    1.721869783    0.000000000    0.000000000    0.000000000
    1.729048414    0.000000000    0.000000000    0.000000000
    1.736227045    0.000000000    0.000000000    0.000000000
    1.743405676    0.000000000    0.000000000    0.000000000
    1.750584307    0.000000000    0.000000000    0.000000000
    1.757762938    0.000000000    0.000000000    0.000000000
    1.764941569    0.000000000    0.000000000    0.000000000
    1.772120200    0.000000000    0.000000000    0.000000000
    1.779298831    0.000000000    0.000000000    0.000000000
    1.786477462    0.000000000    0.000000000    0.000000000
    1.793656093    0.000000000    0.000000000    0.000000000
    1.800834725    0.000000000    0.000000000    0.000000000
    1.808013356    0.000000000    0.000000000    0.000000000
    1.815191987    0.000000000    0.000000000    0.000000000
    1.822370618    0.000000000    0.000000000    0.000000000
    1.829549249    0.000000000    0.000000000    0.000000000
    1.836727880    0.000000000    0.000000000    0.000000000
    1.843906511    0.000000000    0.000000000    0.000000000
    1.851085142    0.000000000    0.000000000    0.000000000
    1.858263773    0.000000000    0.000000000    0.000000000
    1.865442404    0.000000000    0.000000000    0.000000000
    1.872621035    0.000000000    0.000000000    0.000000000
    1.879799666    0.000000000    0.000000000    0.000000000
    1.886978297    0.000000000    0.000000000    0.000000000
    1.894156928    0.000000000    0.000000000    0.000000000
    1.901335559    0.000000000    0.000000000    0.000000000
    1.908514190    0.000000000    0.000000000    0.000000000
    1.915692821    0.000000000    0.000000000    0.000000000
    1.922871452    0.000000000    0.000000000    0.000000000
    1.930050083    0.000000000    0.000000000    0.000000000
    1.937228715    0.000000001    0.000000001    0.000000000
    1.944407346    0.000000001    0.000000001    0.000000000
    1.951585977    0.000000001    0.000000002    0.000000001
    1.958764608    0.000000002    0.000000003    0.000000001
    1.965943239    0.000000002    0.000000003    0.000000001
    1.973121870    0.000000002    0.000000004    0.000000001
    1.980300501    0.000000001    0.000000004    0.000000001
    1.987479132    0.000000001    0.000000003    0.000000001
    1.994657763    0.000000001    0.000000003    0.000000001
    2.001836394    0.000000001    0.000000002    0.000000001
    2.009015025    0.000000000    0.000000002    0.000000001
    2.016193656    0.000000000    0.000000001    0.000000001
    2.023372287    0.000000000    0.000000001    0.000000001
    2.030550918    0.000000000    0.000000001    0.000000001
    2.037729549    0.000000001    0.000000000    0.000000001
    2.044908180    0.000000001    0.000000000    0.000000001
    2.052086811    0.000000001    0.000000000    0.000000001
    2.059265442    0.000000001    0.000000000    0.000000001
    2.066444073    0.000000001    0.000000000    0.000000001
    2.073622705    0.000000001    0.000000000    0.000000001
    2.080801336    0.000000000    0.000000000    0.000000000
    2.087979967    0.000000000    0.000000000    0.000000000
    2.095158598    0.000000000    0.000000001    0.000000000
    2.102337229    0.000000000    0.000000002    0.000000000
    2.109515860    0.000000000    0.000000003    0.000000000
    2.116694491    0.000000000    0.000000006    0.000000000
    2.123873122    0.000000001    0.000000011    0.000000001
    2.131051753    0.000000001    0.000000017    0.000000001
    2.138230384    0.000000001    0.000000025    0.000000001
    2.145409015    0.000000002    0.000000033    0.000000002
    2.152587646    0.000000002    0.000000041    0.000000002
    2.159766277    0.000000002    0.000000046    0.000000003
    2.166944908    0.000000003    0.000000049    0.000000003
    2.174123539    0.000000003    0.000000050    0.000000003
    2.181302170    0.000000003    0.000000048    0.000000003
    2.188480801    0.000000003    0.000000044    0.000000003
    2.195659432    0.000000003    0.000000040    0.000000003
    2.202838063    0.000000002    0.000000036    0.000000003
    2.210016694    0.000000002    0.000000031    0.000000003
    2.217195326    0.000000002    0.000000026    0.000000003
    2.224373957    0.000000002    0.000000022    0.000000003
    2.231552588    0.000000002    0.000000019    0.000000002
    2.238731219    0.000000002    0.000000016    0.000000002
    2.245909850    0.000000002    0.000000013    0.000000002
    2.253088481    0.000000001    0.000000011    0.000000002
    2.260267112    0.000000001    0.000000008    0.000000001
    2.267445743    0.000000001    0.000000006    0.000000001
    2.274624374    0.000000001    0.000000005    0.000000001
    2.281803005    0.000000001    0.000000005    0.000000001
    2.288981636    0.000000000    0.000000005    0.000000001
    2.296160267    0.000000000    0.000000006    0.000000001
    2.303338898    0.000000000    0.000000007    0.000000001
    2.310517529    0.000000001    0.000000009    0.000000001
    2.317696160    0.000000001    0.000000010    0.000000001
    2.324874791    0.000000001    0.000000013    0.000000001
    2.332053422    0.000000001    0.000000014    0.000000001
    2.339232053    0.000000002    0.000000016    0.000000001
    2.346410684    0.000000002    0.000000016    0.000000001
    2.353589316    0.000000002    0.000000015    0.000000001
    2.360767947    0.000000002    0.000000013    0.000000001
    2.367946578    0.000000001    0.000000010    0.000000001
    2.375125209    0.000000001    0.000000008    0.000000000
    2.382303840    0.000000001    0.000000005    0.000000000
    2.389482471    0.000000001    0.000000003    0.000000000
    2.396661102    0.000000000    0.000000002    0.000000000
    2.403839733    0.000000000    0.000000001    0.000000000
    2.411018364    0.000000000    0.000000001    0.000000000
    2.418196995    0.000000000    0.000000000    0.000000000
    2.425375626    0.000000000    0.000000000    0.000000000
    2.432554257    0.000000000    0.000000000    0.000000000
    2.439732888    0.000000000    0.000000000    0.000000000
    2.446911519    0.000000000    0.000000000    0.000000000
    2.454090150    0.000000000    0.000000000    0.000000000
    2.461268781    0.000000000    0.000000000    0.000000000
    2.468447412    0.000000000    0.000000000    0.000000001
    2.475626043    0.000000000    0.000000000    0.000000001
    2.482804674    0.000000000    0.000000000    0.000000001
    2.489983306    0.000000000    0.000000000    0.000000000
    2.497161937    0.000000000    0.000000000    0.000000000
    2.504340568    0.000000000    0.000000000    0.000000000
    2.511519199    0.000000000    0.000000000    0.000000000
    2.518697830    0.000000000    0.000000000    0.000000000
    2.525876461    0.000000000    0.000000000    0.000000000
    2.533055092    0.000000000    0.000000000    0.000000000
    2.540233723    0.000000000    0.000000000    0.000000000
    2.547412354    0.000000000    0.000000000    0.000000000
    2.554590985    0.000000000    0.000000000    0.000000000
    2.561769616    0.000000001    0.000000000    0.000000001
    2.568948247    0.000000001    0.000000000    0.000000001
    2.576126878    0.000000003    0.000000000    0.000000001
    2.583305509    0.000000005    0.000000001    0.000000002
    2.590484140    0.000000009    0.000000001    0.000000003
    2.597662771    0.000000015    0.000000002    0.000000005
    2.604841402    0.000000030    0.000000003    0.000000009
    2.612020033    0.000000085    0.000000005    0.000000024
    2.619198664    0.000000333    0.000000008    0.000000089
    2.626377295    0.000001370    0.000000021    0.000000362
    2.633555927    0.000005229    0.000000069    0.000001397
    2.640734558    0.000017878    0.000000241    0.000004869
    2.647913189    0.000054224    0.000000778    0.000015124
    2.655091820    0.000145374    0.000002268    0.000041735
    2.662270451    0.000343549    0.000005909    0.000102142
    2.669449082    0.000712829    0.000013735    0.000221426
    2.676627713    0.001289593    0.000028478    0.000424595
    2.683806344    0.002013915    0.000052666    0.000719296
    2.690984975    0.002701791    0.000086891    0.001077167
    2.698163606    0.003183382    0.000127958    0.001437756
    2.705342237    0.003586385    0.000168407    0.001766641
    2.712520868    0.004804014    0.000198690    0.002187482
    2.719699499    0.009627846    0.000211409    0.003028381
    2.726878130    0.014366515    0.000204927    0.003966946
    2.734056761    0.016301353    0.000184934    0.004281005
    2.741235392    0.020071605    0.000161543    0.004278631
    2.748414023    0.023226198    0.000143265    0.004207883
    2.755592654    0.022452841    0.000132833    0.004284480
    2.762771285    0.022340085    0.000126985    0.005396769
    2.769949917    0.032378792    0.000119753    0.010241619
    2.777128548    0.046330941    0.000106591    0.012979546
    2.784307179    0.057446107    0.000086994    0.013413124
    2.791485810    0.062736710    0.000064148    0.017534079
    2.798664441    0.041363858    0.000042439    0.027521738
    2.805843072    0.017536770    0.000025107    0.051402822
    2.813021703    0.006419706    0.000013263    0.089830510
    2.820200334    0.002232464    0.000006253    0.040932294
    2.827378965    0.000736524    0.000002632    0.008883942
    2.834557596    0.000226833    0.000000991    0.002011881
    2.841736227    0.000064393    0.000000337    0.000468660
    2.848914858    0.000016735    0.000000107    0.000106412
    2.856093489    0.000003987    0.000000037    0.000022877
    2.863272120    0.000000890    0.000000018    0.000004621
    2.870450751    0.000000204    0.000000013    0.000000907
    2.877629382    0.000000064    0.000000012    0.000000208
    2.884808013    0.000000038    0.000000013    0.000000086
    2.891986644    0.000000042    0.000000014    0.000000066
    2.899165275    0.000000092    0.000000017    0.000000067
    2.906343907    0.000000333    0.000000022    0.000000096
    2.913522538    0.000001340    0.000000027    0.000000241
    2.920701169    0.000005060    0.000000034    0.000000834
    2.927879800    0.000017176    0.000000049    0.000002986
    2.935058431    0.000051854    0.000000096    0.000009953
    2.942237062    0.000138700    0.000000243    0.000030084
    2.949415693    0.000327756    0.000000662    0.000081835
    2.956594324    0.000681515    0.000001728    0.000199546
    2.963772955    0.001238120    0.000004150    0.000434459
    2.970951586    0.001943601    0.000009048    0.000839879
    2.978130217    0.002615417    0.000017821    0.001428825
    2.985308848    0.003065482    0.000031647    0.002116057
    2.992487479    0.003360407    0.000050597    0.002724874
    2.999666110    0.004136841    0.000072743    0.003154115
    3.006844741    0.007490817    0.000093948    0.003578053
    3.014023372    0.011645052    0.000108904    0.004613995
    3.021202003    0.012318121    0.000113227    0.008398135
    3.028380634    0.015144309    0.000105437    0.012072135
    3.035559265    0.022559953    0.000087803    0.012973966
    3.042737896    0.039309649    0.000065368    0.017250254
    3.049916528    0.055422162    0.000043506    0.027475036
    3.057095159    0.023801213    0.000025914    0.044477518
    3.064273790    0.005920048    0.000013961    0.033690190
    3.071452421    0.001531398    0.000007358    0.010013276
    3.078631052    0.000512150    0.000005571    0.002672178
    3.085809683    0.000394121    0.000009477    0.000946221
    3.092988314    0.000621150    0.000023070    0.000753248
    3.100166945    0.001091772    0.000054976    0.001110549
    3.107345576    0.001781901    0.000118698    0.001771994
    3.114524207    0.002599868    0.000229593    0.002595096
    3.121702838    0.003352122    0.000397043    0.003367741
    3.128881469    0.003878370    0.000613465    0.003890814
    3.136060100    0.004293463    0.000846935    0.004212857
    3.143238731    0.005097891    0.001046443    0.004816901
    3.150417362    0.007866593    0.001162042    0.007385393
    3.157595993    0.014641525    0.001158577    0.014243291
    3.164774624    0.018081367    0.001023591    0.017621280
    3.171953255    0.023010192    0.000800754    0.022254531
    3.179131886    0.030996632    0.000558809    0.030062296
    3.186310518    0.028744933    0.000354172    0.028395856
    3.193489149    0.013076839    0.000223579    0.013055769
    3.200667780    0.004385599    0.000197468    0.004398521
    3.207846411    0.001596393    0.000329024    0.001667537
    3.215025042    0.000961084    0.000725770    0.001110554
    3.222203673    0.001102808    0.001559400    0.001348456
    3.229382304    0.001556891    0.003021062    0.001901505
    3.236560935    0.002096972    0.005203374    0.002506171
    3.243739566    0.002548634    0.007955982    0.002955631
    3.250918197    0.002831790    0.010881313    0.003190672
    3.258096828    0.003107979    0.013754117    0.003468045
    3.265275459    0.004063920    0.017540682    0.004751862
    3.272454090    0.006800110    0.023659100    0.008870437
    3.279632721    0.008570717    0.027634223    0.011948852
    3.286811352    0.007382323    0.026765152    0.011311365
    3.293989983    0.005762437    0.024560198    0.009002651
    3.301168614    0.004858879    0.023146477    0.007101081
    3.308347245    0.005223187    0.023962855    0.006928144
    3.315525876    0.007432667    0.028442591    0.008925361
    3.322704508    0.008438922    0.030944867    0.009624742
    3.329883139    0.007518962    0.026004047    0.008196775
    3.337061770    0.006619608    0.018466049    0.006968671
    3.344240401    0.006827587    0.011914417    0.007074348
    3.351419032    0.007519014    0.007260423    0.008013439
    3.358597663    0.006622304    0.004319285    0.007549677
    3.365776294    0.005645446    0.002577511    0.006570029
    3.372954925    0.004928174    0.001579295    0.005562833
    3.380133556    0.004437446    0.000988201    0.004852032
    3.387312187    0.004349621    0.000612745    0.004793283
    3.394490818    0.004218202    0.000364458    0.004816390
    3.401669449    0.003758258    0.000202805    0.004505649
    3.408848080    0.003001590    0.000103923    0.003792033
    3.416026711    0.002158620    0.000048590    0.002874148
    3.423205342    0.001419949    0.000020616    0.001998624
    3.430383973    0.000870567    0.000007910    0.001309060
    3.437562604    0.000509520    0.000002738    0.000838340
    3.444741235    0.000296125    0.000000854    0.000562444
    3.451919866    0.000185541    0.000000242    0.000470373
    3.459098497    0.000158123    0.000000065    0.001072231
    3.466277129    0.000795312    0.000000024    0.000361560
    3.473455760    0.000095925    0.000000039    0.000024317
    3.480634391    0.000054594    0.000000146    0.000028207
    3.487813022    0.000088630    0.000000569    0.000058139
    3.494991653    0.000173679    0.000002038    0.000128425
    3.502170284    0.000349797    0.000006552    0.000277644
    3.509348915    0.000681255    0.000018812    0.000566087
    3.516527546    0.001242550    0.000048173    0.001065143
    3.523706177    0.002077924    0.000109968    0.001819967
    3.530884808    0.003130086    0.000223720    0.002781296
    3.538063439    0.004182867    0.000405537    0.003748482
    3.545242070    0.004937633    0.000654938    0.004440815
    3.552420701    0.005275214    0.000942660    0.004747590
    3.559599332    0.005532990    0.001211680    0.004984483
    3.566777963    0.006991197    0.001400631    0.006336583
    3.573956594    0.013345467    0.001468158    0.012180152
    3.581135225    0.021799082    0.001385072    0.019294045
    3.588313856    0.026107250    0.001200872    0.023232478
    3.595492487    0.025605163    0.001058527    0.024740112
    3.602671119    0.016091483    0.001126846    0.017119571
    3.609849750    0.007951696    0.001565101    0.009068718
    3.617028381    0.004643365    0.002478566    0.005725139
    3.624207012    0.003668619    0.003852744    0.004695341
    3.631385643    0.003432505    0.005507275    0.004319749
    3.638564274    0.003394599    0.007173080    0.004162010
    3.645742905    0.003701888    0.008823444    0.004652689
    3.652921536    0.005075675    0.010949165    0.007431951
    3.660100167    0.006803462    0.012831160    0.011804125
    3.667278798    0.006329910    0.012670509    0.012116473
    3.674457429    0.005078263    0.011324107    0.009706440
    3.681636060    0.004315996    0.009946667    0.007325942
    3.688814691    0.004526220    0.009035882    0.006488857
    3.695993322    0.006070740    0.008574584    0.007175180
    3.703171953    0.006896367    0.007561803    0.007187129
    3.710350584    0.006414151    0.005767987    0.006403183
    3.717529215    0.006567556    0.003911078    0.006665801
    3.724707846    0.007319325    0.002403630    0.007619331
    3.731886477    0.007108546    0.001368992    0.007359518
    3.739065109    0.006620982    0.000789744    0.006824177
    3.746243740    0.006608622    0.000606893    0.006816048
    3.753422371    0.006414680    0.000808940    0.006596529
    3.760601002    0.006090878    0.001489965    0.006252327
    3.767779633    0.005760441    0.002840663    0.005929299
    3.774958264    0.005556816    0.005034310    0.005729910
    3.782136895    0.004702640    0.008023177    0.004815255
    3.789315526    0.003191822    0.011344713    0.003206325
    3.796494157    0.002555883    0.014344966    0.002524268
    3.803672788    0.002474831    0.017325186    0.002404378
    3.810851419    0.002434758    0.024018156    0.002349164
    3.818030050    0.002250746    0.043864573    0.002217421
    3.825208681    0.002131402    0.066269236    0.002178723
    3.832387312    0.002389421    0.062957823    0.002599502
    3.839565943    0.003375816    0.043958902    0.003949277
    3.846744574    0.005379844    0.025300863    0.006401095
    3.853923205    0.007382649    0.012892124    0.008131622
    3.861101836    0.007310604    0.006303153    0.007006321
    3.868280467    0.007202885    0.003562830    0.006149680
    3.875459098    0.007954266    0.003111324    0.006430010
    3.882637730    0.007484991    0.004048918    0.006010523
    3.889816361    0.006034377    0.005868078    0.004807959
    3.896994992    0.005852876    0.008135928    0.004631322
    3.904173623    0.006312120    0.010495364    0.005524959
    3.911352254    0.005543048    0.013017332    0.007204982
    3.918530885    0.003642362    0.016018480    0.008777895
    3.925709516    0.002679531    0.019561599    0.007668302
    3.932888147    0.002289390    0.024532930    0.004672356
    3.940066778    0.001944743    0.025185331    0.003359756
    3.947245409    0.001549949    0.019694526    0.003019818
    3.954424040    0.001206709    0.014142508    0.002881321
    3.961602671    0.001071146    0.011208004    0.002897279
    3.968781302    0.001291469    0.010895582    0.003435525
    3.975959933    0.002002826    0.012251877    0.005078524
    3.983138564    0.003296712    0.014225404    0.008185041
    3.990317195    0.004892251    0.016740766    0.011571283
    3.997495826    0.005743865    0.022155962    0.011476105
    4.004674457    0.006316089    0.034573839    0.007129324
    4.011853088    0.008011365    0.048145103    0.004395374
    4.019031720    0.010468205    0.047543170    0.003731054
    4.026210351    0.011638104    0.039856721    0.003652985
    4.033388982    0.008724541    0.035011455    0.003674266
    4.040567613    0.004924515    0.034304840    0.003623965
    4.047746244    0.003476364    0.033617209    0.003196405
    4.054924875    0.002888633    0.032253206    0.002445418
    4.062103506    0.002357208    0.026495412    0.001926438
    4.069282137    0.001750433    0.017723022    0.001587224
    4.076460768    0.001150829    0.010395691    0.001247747
    4.083639399    0.000667288    0.005557600    0.000889027
    4.090818030    0.000342626    0.002723958    0.000564557
    4.097996661    0.000156522    0.001220162    0.000318306
    4.105175292    0.000063859    0.000497246    0.000159354
    4.112353923    0.000023340    0.000183644    0.000070911
    4.119532554    0.000007663    0.000061333    0.000028090
    4.126711185    0.000002267    0.000018612    0.000009936
    4.133889816    0.000000616    0.000005551    0.000003174
    4.141068447    0.000000201    0.000003295    0.000000998
    4.148247078    0.000000283    0.000008182    0.000000598
    4.155425710    0.000001023    0.000027922    0.000001435
    4.162604341    0.000003672    0.000088036    0.000004925
    4.169782972    0.000011816    0.000247554    0.000015830
    4.176961603    0.000033909    0.000618211    0.000045625
    4.184140234    0.000086807    0.001368018    0.000117470
    4.191318865    0.000198349    0.002674580    0.000270226
    4.198497496    0.000404786    0.004599799    0.000555790
    4.205676127    0.000738126    0.006930211    0.001022562
    4.212854758    0.001201584    0.009186877    0.001680830
    4.220033389    0.001734337    0.011093849    0.002446520
    4.227212020    0.002159369    0.013711742    0.003042930
    4.234390651    0.002211250    0.021923837    0.003043430
    4.241569282    0.001969123    0.041211804    0.002635015
    4.248747913    0.001688506    0.051693744    0.002245749
    4.255926544    0.001356568    0.042863783    0.001817756
    4.263105175    0.000983701    0.027104805    0.001333004
    4.270283806    0.000635931    0.014292940    0.000871911
    4.277462437    0.000365610    0.006642204    0.000507124
    4.284641068    0.000186958    0.002786098    0.000262337
    4.291819699    0.000085085    0.001059709    0.000120803
    4.298998331    0.000034483    0.000364574    0.000049561
    4.306176962    0.000012455    0.000113048    0.000018134
    4.313355593    0.000004015    0.000031539    0.000005933
    4.320534224    0.000001167    0.000008007    0.000001772
    4.327712855    0.000000354    0.000002239    0.000000631
    4.334891486    0.000000317    0.000002139    0.000000888
    4.342070117    0.000001023    0.000006393    0.000003258
    4.349248748    0.000003708    0.000020320    0.000012160
    4.356427379    0.000012197    0.000058234    0.000041039
    4.363606010    0.000035883    0.000148652    0.000124309
    4.370784641    0.000094344    0.000337254    0.000338096
    4.377963272    0.000221734    0.000678996    0.000826996
    4.385141903    0.000466092    0.001211036    0.001822912
    4.392320534    0.000876754    0.001910323    0.003626849
    4.399499165    0.001475870    0.002666228    0.006506898
    4.406677796    0.002216302    0.003323910    0.010404613
    4.413856427    0.002922777    0.003845470    0.014061315
    4.421035058    0.003248246    0.004528711    0.014097670
    4.428213689    0.003061059    0.005450487    0.010950078
    4.435392321    0.002729019    0.005140266    0.009064051
    4.442570952    0.002336651    0.003666157    0.008066592
    4.449749583    0.001876568    0.002291045    0.007004032
    4.456928214    0.001446729    0.001485450    0.005941940
    4.464106845    0.001176663    0.001304863    0.005728461
    4.471285476    0.001201152    0.001685355    0.008537098
    4.478464107    0.001693085    0.002483617    0.020521797
    4.485642738    0.002890837    0.003428953    0.056164899
    4.492821369    0.005068192    0.004170851    0.101087635
    4.500000000    0.008378557    0.004547632    0.087147588
