# energy grid [eV]     epsi_x  epsi_y  epsi_z
#
    0.200000000    0.000000000    0.000000000    0.000000000
    0.207178631    0.000000000    0.000000000    0.000000000
    0.214357262    0.000000000    0.000000000    0.000000000
    0.221535893    0.000000000    0.000000000    0.000000000
    0.228714524    0.000000000    0.000000000    0.000000000
    0.235893155    0.000000000    0.000000000    0.000000000
    0.243071786    0.000000000    0.000000000    0.000000000
    0.250250417    0.000000000    0.000000000    0.000000000
    0.257429048    0.000000000    0.000000000    0.000000000
    0.264607679    0.000000000    0.000000000    0.000000000
    0.271786311    0.000000000    0.000000000    0.000000000
    0.278964942    0.000000000    0.000000000    0.000000000
    0.286143573    0.000000000    0.000000000    0.000000000
    0.293322204    0.000000000    0.000000000    0.000000000
    0.300500835    0.000000000    0.000000000    0.000000000
    0.307679466    0.000000000    0.000000000    0.000000000
    0.314858097    0.000000000    0.000000000    0.000000000
    0.322036728    0.000000000    0.000000000    0.000000000
    0.329215359    0.000000000    0.000000000    0.000000000
    0.336393990    0.000000000    0.000000000    0.000000000
    0.343572621    0.000000000    0.000000000    0.000000000
    0.350751252    0.000000000    0.000000000    0.000000000
    0.357929883    0.000000000    0.000000000    0.000000000
    0.365108514    0.000000000    0.000000000    0.000000000
    0.372287145    0.000000000    0.000000000    0.000000000
    0.379465776    0.000000000    0.000000000    0.000000000
    0.386644407    0.000000000    0.000000000    0.000000000
    0.393823038    0.000000000    0.000000000    0.000000000
    0.401001669    0.000000000    0.000000000    0.000000000
    0.408180301    0.000000000    0.000000000    0.000000000
    0.415358932    0.000000000    0.000000000    0.000000000
    0.422537563    0.000000000    0.000000000    0.000000000
    0.429716194    0.000000000    0.000000000    0.000000000
    0.436894825    0.000000000    0.000000000    0.000000000
    0.444073456    0.000000000    0.000000000    0.000000000
    0.451252087    0.000000000    0.000000000    0.000000000
    0.458430718    0.000000000    0.000000000    0.000000000
    0.465609349    0.000000000    0.000000000    0.000000000
    0.472787980    0.000000000    0.000000000    0.000000000
    0.479966611    0.000000000    0.000000000    0.000000000
    0.487145242    0.000000000    0.000000000    0.000000000
    0.494323873    0.000000000    0.000000000    0.000000000
    0.501502504    0.000000000    0.000000000    0.000000000
    0.508681135    0.000000000    0.000000000    0.000000000
    0.515859766    0.000000000    0.000000000    0.000000000
    0.523038397    0.000000000    0.000000000    0.000000000
    0.530217028    0.000000000    0.000000000    0.000000000
    0.537395659    0.000000000    0.000000000    0.000000000
    0.544574290    0.000000000    0.000000000    0.000000000
    0.551752922    0.000000000    0.000000000    0.000000000
    0.558931553    0.000000000    0.000000000    0.000000000
    0.566110184    0.000000000    0.000000000    0.000000000
    0.573288815    0.000000000    0.000000000    0.000000000
    0.580467446    0.000000000    0.000000000    0.000000000
    0.587646077    0.000000000    0.000000000    0.000000000
    0.594824708    0.000000000    0.000000000    0.000000000
    0.602003339    0.000000000    0.000000000    0.000000000
    0.609181970    0.000000000    0.000000000    0.000000000
    0.616360601    0.000000000    0.000000000    0.000000000
    0.623539232    0.000000000    0.000000000    0.000000000
    0.630717863    0.000000000    0.000000000    0.000000000
    0.637896494    0.000000000    0.000000000    0.000000000
    0.645075125    0.000000000    0.000000001    0.000000001
    0.652253756    0.000000003    0.000000009    0.000000008
    0.659432387    0.000000022    0.000000068    0.000000061
    0.666611018    0.000000142    0.000000436    0.000000395
    0.673789649    0.000000818    0.000002508    0.000002268
    0.680968280    0.000004191    0.000012851    0.000011621
    0.688146912    0.000019155    0.000058735    0.000053115
    0.695325543    0.000078076    0.000239400    0.000216491
    0.702504174    0.000283795    0.000870189    0.000786919
    0.709682805    0.000919943    0.002820780    0.002550855
    0.716861436    0.002659391    0.008154370    0.007374065
    0.724040067    0.006855974    0.021022166    0.019010521
    0.731218698    0.015762390    0.048331508    0.043706587
    0.738397329    0.032317722    0.099094381    0.089611877
    0.745575960    0.059091531    0.181189706    0.163851367
    0.752754591    0.096355285    0.295449882    0.267177800
    0.759933222    0.140117264    0.429635274    0.388522771
    0.767111853    0.181707798    0.557162460    0.503846672
    0.774290484    0.210146079    0.644361484    0.582701478
    0.781469115    0.216737882    0.664573633    0.600979494
    0.788647746    0.199349049    0.611255034    0.552763040
    0.795826377    0.163515649    0.501380686    0.453402757
    0.803005008    0.119610780    0.366757135    0.331661606
    0.810183639    0.078027456    0.239251927    0.216357873
    0.817362270    0.045393445    0.139187090    0.125869860
    0.824540902    0.023552065    0.072213027    0.065311093
    0.831719533    0.010902956    0.033416570    0.030252396
    0.838898164    0.004520593    0.013808124    0.012608225
    0.846076795    0.001734251    0.005145861    0.005045790
    0.853255426    0.000773207    0.001875807    0.002826884
    0.860434057    0.000750802    0.001029995    0.003836769
    0.867612688    0.001398019    0.001371250    0.007898266
    0.874791319    0.002782122    0.002572268    0.015933911
    0.881969950    0.005055146    0.004640462    0.028998130
    0.889148581    0.008213746    0.007533759    0.047125547
    0.896327212    0.011905561    0.010918918    0.068308373
    0.903505843    0.015390035    0.014114474    0.088300816
    0.910684474    0.017741769    0.016271272    0.101793993
    0.917863105    0.018239808    0.016728029    0.104651508
    0.925041736    0.016722816    0.015336770    0.095947718
    0.932220367    0.013673018    0.012539750    0.078449399
    0.939398998    0.009969770    0.009143441    0.057201892
    0.946577629    0.006482936    0.005945608    0.037196063
    0.953756260    0.003759448    0.003447852    0.021569962
    0.960934891    0.001944206    0.001783064    0.011154949
    0.968113523    0.000896657    0.000822339    0.005144600
    0.975292154    0.000368787    0.000338221    0.002115931
    0.982470785    0.000135267    0.000124056    0.000776099
    0.989649416    0.000044246    0.000040579    0.000253862
    0.996828047    0.000012907    0.000011837    0.000074054
    1.004006678    0.000003358    0.000003079    0.000019265
    1.011185309    0.000000779    0.000000714    0.000004469
    1.018363940    0.000000161    0.000000148    0.000000925
    1.025542571    0.000000031    0.000000028    0.000000171
    1.032721202    0.000000011    0.000000012    0.000000030
    1.039899833    0.000000039    0.000000050    0.000000014
    1.047078464    0.000000224    0.000000288    0.000000056
    1.054257095    0.000001160    0.000001491    0.000000289
    1.061435726    0.000005348    0.000006875    0.000001332
    1.068614357    0.000021993    0.000028269    0.000005478
    1.075792988    0.000080649    0.000103663    0.000020087
    1.082971619    0.000263743    0.000339006    0.000065691
    1.090150250    0.000769182    0.000988679    0.000191583
    1.097328881    0.002000523    0.002571400    0.000498277
    1.104507513    0.004640060    0.005964167    0.001155716
    1.111686144    0.009597751    0.012336605    0.002390546
    1.118864775    0.017704399    0.022756599    0.004409698
    1.126043406    0.029124514    0.037435605    0.007254147
    1.133222037    0.042726961    0.054919702    0.010642157
    1.140400668    0.055899913    0.071851741    0.013923193
    1.147579299    0.065220796    0.083832465    0.016244793
    1.154757930    0.067862056    0.087227429    0.016902757
    1.161936561    0.062970154    0.080939445    0.015684882
    1.169115192    0.052109266    0.066978672    0.012982734
    1.176293823    0.038459582    0.049431141    0.009597143
    1.183472454    0.025330621    0.032544291    0.006386364
    1.190651085    0.014942465    0.019149617    0.004018879
    1.197829716    0.008081040    0.010191798    0.003032805
    1.205008347    0.004569074    0.005275226    0.004261174
    1.212186978    0.004081653    0.003615391    0.009544722
    1.219365609    0.006836881    0.004820502    0.022471533
    1.226544240    0.013873239    0.009233068    0.048566639
    1.233722871    0.026761802    0.017802448    0.094067813
    1.240901503    0.046745968    0.031599963    0.162720002
    1.248080134    0.073626643    0.051257117    0.251387357
    1.255258765    0.105119691    0.076761487    0.347188274
    1.262437396    0.137411142    0.107873412    0.429435754
    1.269616027    0.166833346    0.144757696    0.477227285
    1.276794658    0.191440377    0.187765389    0.479059433
    1.283973289    0.211015611    0.235653161    0.438235282
    1.291151920    0.225408482    0.283186317    0.370261120
    1.298330551    0.233016753    0.320657425    0.294357885
    1.305509182    0.231605056    0.337285579    0.225319493
    1.312687813    0.221663844    0.327433336    0.170627968
    1.319866444    0.209830270    0.295587096    0.132780972
    1.327045075    0.209042544    0.256120457    0.113022425
    1.334223706    0.233927938    0.227274981    0.112844501
    1.341402337    0.293087962    0.222743511    0.132547030
    1.348580968    0.382448717    0.245752029    0.168905346
    1.355759599    0.484246352    0.288921517    0.214721527
    1.362938230    0.573760594    0.339726817    0.261491567
    1.370116861    0.631145395    0.387907018    0.303666641
    1.377295492    0.651489813    0.429717797    0.341083581
    1.384474124    0.646409964    0.466037124    0.377133171
    1.391652755    0.635929570    0.496322528    0.413974022
    1.398831386    0.636181981    0.514349539    0.449326262
    1.406010017    0.651089320    0.510437533    0.478447214
    1.413188648    0.672842865    0.478939194    0.500000150
    1.420367279    0.689697963    0.424600892    0.520279918
    1.427545910    0.694846992    0.362054452    0.551046508
    1.434724541    0.689852550    0.308442708    0.601473169
    1.441903172    0.680445036    0.274492495    0.669640761
    1.449081803    0.668621606    0.259879785    0.739646703
    1.456260434    0.648248520    0.255073750    0.786875713
    1.463439065    0.608631046    0.247637477    0.789091940
    1.470617696    0.543692377    0.228936156    0.737450182
    1.477796327    0.459444943    0.197758069    0.641100395
    1.484974958    0.373692710    0.159572549    0.522545685
    1.492153589    0.307899722    0.122719562    0.406707348
    1.499332220    0.276546475    0.094314568    0.310615694
    1.506510851    0.280292210    0.078185597    0.239462500
    1.513689482    0.306320715    0.075242693    0.189575397
    1.520868114    0.335085061    0.084886107    0.154342091
    1.528046745    0.349489186    0.105685770    0.128578760
    1.535225376    0.341565200    0.134689083    0.109557860
    1.542404007    0.313514860    0.166346266    0.095813274
    1.549582638    0.273753686    0.192858784    0.085834633
    1.556761269    0.231641394    0.206945523    0.077929137
    1.563939900    0.194434558    0.206016010    0.071109025
    1.571118531    0.167134622    0.195151383    0.065980683
    1.578297162    0.153362497    0.186577463    0.064708532
    1.585475793    0.155403168    0.195303146    0.069918786
    1.592654424    0.173387694    0.232721556    0.083202636
    1.599833055    0.204890818    0.300961969    0.104138889
    1.607011686    0.245827638    0.390578077    0.130437813
    1.614190317    0.292179030    0.483059168    0.159165670
    1.621368948    0.341171792    0.557584621    0.188302388
    1.628547579    0.390844208    0.598909090    0.217462298
    1.635726210    0.438253349    0.602147909    0.246988107
    1.642904841    0.477978146    0.572137397    0.275932262
    1.650083472    0.502746105    0.518815786    0.300712816
    1.657262104    0.506391152    0.452368921    0.316018741
    1.664440735    0.487147227    0.380833535    0.317640217
    1.671619366    0.448742480    0.310082009    0.305086886
    1.678797997    0.398668659    0.244553260    0.282090169
    1.685976628    0.345421597    0.187615858    0.255091056
    1.693155259    0.296826920    0.141578284    0.231277207
    1.700333890    0.259610449    0.107671624    0.217141411
    1.707512521    0.238645897    0.085987393    0.217058969
    1.714691152    0.234957344    0.075280426    0.231278730
    1.721869783    0.243811514    0.072959601    0.254306551
    1.729048414    0.255361328    0.075838810    0.275786261
    1.736227045    0.258718645    0.081766093    0.284712550
    1.743405676    0.247395036    0.091353896    0.274946900
    1.750584307    0.222599855    0.108487623    0.248401591
    1.757762938    0.192303132    0.138658595    0.213680251
    1.764941569    0.166906577    0.185380870    0.181204689
    1.772120200    0.154352809    0.246404419    0.158098981
    1.779298831    0.157361757    0.312237535    0.145756169
    1.786477462    0.173861430    0.368762749    0.140845196
    1.793656093    0.199785351    0.403307029    0.138386879
    1.800834725    0.232071887    0.410746104    0.134711591
    1.808013356    0.269575763    0.395502317    0.128738791
    1.815191987    0.311142678    0.367955398    0.121411661
    1.822370618    0.352617270    0.338098882    0.114306788
    1.829549249    0.385966805    0.311484129    0.108700244
    1.836727880    0.402306119    0.290422949    0.105695768
    1.843906511    0.397254476    0.278820348    0.107045221
    1.851085142    0.374736081    0.285857788    0.115712966
    1.858263773    0.346196886    0.324449334    0.135317462
    1.865442404    0.325412020    0.404089188    0.168209122
    1.872621035    0.321929038    0.521807685    0.212891486
    1.879799666    0.336892792    0.657167766    0.262386888
    1.886978297    0.363533077    0.776121028    0.305275868
    1.894156928    0.391945197    0.843814866    0.329863082
    1.901335559    0.415224567    0.840248826    0.329655210
    1.908514190    0.433058222    0.769593336    0.306814795
    1.915692821    0.450534178    0.657407283    0.271140530
    1.922871452    0.473288787    0.537956422    0.235104989
    1.930050083    0.502579913    0.439944296    0.208188513
    1.937228715    0.533576619    0.378487895    0.193946989
    1.944407346    0.557695255    0.355461070    0.190940656
    1.951585977    0.567258954    0.364774674    0.195874652
    1.958764608    0.559592975    0.397733168    0.206185951
    1.965943239    0.538204754    0.446011793    0.220434565
    1.973121870    0.510581642    0.502873935    0.237058044
    1.980300501    0.484351193    0.564139901    0.253413616
    1.987479132    0.464492862    0.628924501    0.266422727
    1.994657763    0.453123894    0.698675233    0.274257197
    2.001836394    0.451172160    0.773872196    0.277337375
    2.009015025    0.459962338    0.850285844    0.277645278
    2.016193656    0.481224476    0.917971074    0.277101337
    2.023372287    0.515583258    0.964539621    0.276613643
    2.030550918    0.561037327    0.981280780    0.276609077
    2.037729549    0.613283863    0.968913395    0.278354224
    2.044908180    0.668298076    0.939693730    0.284571494
    2.052086811    0.724988571    0.913582300    0.298322856
    2.059265442    0.784644695    0.908565465    0.320526121
    2.066444073    0.846552913    0.929466578    0.347912307
    2.073622705    0.903816662    0.962981980    0.373553658
    2.080801336    0.944751713    0.984486462    0.390505095
    2.087979967    0.960443417    0.973742290    0.396406874
    2.095158598    0.952371703    0.928703756    0.395479549
    2.102337229    0.932761156    0.867150322    0.395964021
    2.109515860    0.916393412    0.815138821    0.404605115
    2.116694491    0.910059080    0.790916293    0.422071190
    2.123873122    0.907581154    0.794949177    0.442309406
    2.131051753    0.893618938    0.811019250    0.455901021
    2.138230384    0.853210952    0.815948962    0.455087386
    2.145409015    0.780976596    0.791550390    0.437652242
    2.152587646    0.685049504    0.732703383    0.407875168
    2.159766277    0.584482193    0.648578788    0.374403920
    2.166944908    0.502675764    0.558098391    0.346436276
    2.174123539    0.461029817    0.483533902    0.330361365
    2.181302170    0.475308333    0.445747002    0.328466835
    2.188480801    0.553774352    0.461487661    0.339820411
    2.195659432    0.694584642    0.540643140    0.362092984
    2.202838063    0.882172897    0.682074033    0.392757826
    2.210016694    1.086014876    0.869842179    0.428824687
    2.217195326    1.265867247    1.073791547    0.465610569
    2.224373957    1.383749158    1.257072315    0.496258431
    2.231552588    1.417646311    1.388822780    0.513686020
    2.238731219    1.369643640    1.455830222    0.514756855
    2.245909850    1.263740654    1.466100741    0.503870743
    2.253088481    1.134253740    1.441551917    0.492420265
    2.260267112    1.011032157    1.404250101    0.493070775
    2.267445743    0.909436547    1.365195403    0.511957786
    2.274624374    0.829700609    1.322394963    0.544142500
    2.281803005    0.763971910    1.267634245    0.575852885
    2.288981636    0.704881577    1.195468932    0.592354932
    2.296160267    0.650337124    1.108168880    0.586337722
    2.303338898    0.603701861    1.015080370    0.561488257
    2.310517529    0.571846224    0.929025588    0.529473032
    2.317696160    0.563271905    0.862990918    0.502916926
    2.324874791    0.586497357    0.828584078    0.488999881
    2.332053422    0.648026052    0.835917541    0.487097255
    2.339232053    0.749840410    0.893589153    0.490942537
    2.346410684    0.887042140    1.007203587    0.493157936
    2.353589316    1.046571043    1.175827396    0.489071379
    2.360767947    1.208551375    1.388108563    0.477926878
    2.367946578    1.352095622    1.621823102    0.461992010
    2.375125209    1.465161396    1.849487776    0.445544121
    2.382303840    1.553191831    2.047820732    0.434704757
    2.389482471    1.638295421    2.204137396    0.436730973
    2.396661102    1.745218570    2.314007098    0.456835647
    2.403839733    1.881594391    2.372868901    0.493373111
    2.411018364    2.028404295    2.372551950    0.535598835
    2.418196995    2.151824904    2.311492397    0.567787942
    2.425375626    2.230412072    2.213693031    0.578387643
    2.432554257    2.276526626    2.138644371    0.567619141
    2.439732888    2.333349132    2.166844400    0.547182945
    2.446911519    2.447956398    2.363053989    0.531980829
    2.454090150    2.639427216    2.737104594    0.530391128
    2.461268781    2.883220020    3.226364682    0.540458648
    2.468447412    3.120455278    3.714094678    0.553925500
    2.475626043    3.286048064    4.081115659    0.563644825
    2.482804674    3.341559715    4.271056609    0.568102857
    2.489983306    3.297472579    4.338107437    0.570319360
    2.497161937    3.214359495    4.448361236    0.573496836
    2.504340568    3.182571816    4.823863244    0.577967096
    2.511519199    3.290062730    5.643753171    0.581821997
    2.518697830    3.589975420    6.938053860    0.583602322
    2.525876461    4.075015942    8.522691016    0.583582781
    2.533055092    4.664895835   10.024699562    0.582278479
    2.540233723    5.218931311   11.018885679    0.578391321
    2.547412354    5.584479784   11.234452690    0.569378912
    2.554590985    5.671375172   10.726501428    0.554942909
    2.561769616    5.515353848    9.905083660    0.540182873
    2.568948247    5.288158338    9.395773696    0.534886257
    2.576126878    5.239519717    9.810564396    0.548693425
    2.583305509    5.594748295   11.545246625    0.585327563
    2.590484140    6.451706410   14.663653057    0.639705335
    2.597662771    7.717516418   18.851357506    0.699696511
    2.604841402    9.113908874   23.413636839    0.751710775
    2.612020033   10.265212155   27.358418599    0.787586864
    2.619198664   10.851089874   29.639436089    0.809547326
    2.626377295   10.758799494   29.541180100    0.830315875
    2.633555927   10.145666571   27.020258464    0.867317374
    2.640734558    9.361369009   22.762110309    0.932922959
    2.647913189    8.766221918   17.874904968    1.025407346
    2.655091820    8.549325493   13.401522182    1.125850527
    2.662270451    8.647791960    9.948781604    1.203853093
    2.669449082    8.805410372    7.614362966    1.230306928
    2.676627713    8.734097545    6.166745425    1.190851130
    2.683806344    8.293237286    5.297505628    1.092392990
    2.690984975    7.596914970    4.789693564    0.959053804
    2.698163606    6.999092097    4.557565294    0.820741097
    2.705342237    6.974301629    4.604040436    0.701848483
    2.712520868    7.963831730    4.963183968    0.616011075
    2.719699499   10.253496746    5.662996889    0.567411293
    2.726878130   13.893783196    6.703147787    0.554763457
    2.734056761   18.627534508    8.027256114    0.573778883
    2.741235392   23.819129656    9.487871148    0.616778607
    2.748414023   28.468597703   10.834558740    0.671351396
    2.755592654   31.432081966   11.765323013    0.721153932
    2.762771285   31.854450138   12.045896148    0.750320325
    2.769949917   29.610405739   11.641618708    0.749682478
    2.777128548   25.457535684   10.779078922    0.720807111
    2.784307179   20.763803799    9.892380517    0.674887386
    2.791485810   16.961236589    9.479874703    0.627137135
    2.798664441   15.036251404    9.940040033    0.590420238
    2.805843072   15.283563328   11.448692753    0.571864649
    2.813021703   17.353664734   13.912094783    0.573478835
    2.820200334   20.491175507   17.005526620    0.594759381
    2.827378965   23.833521305   20.278083944    0.634209124
    2.834557596   26.658872634   23.273713929    0.688176881
    2.841736227   28.513247376   25.618093099    0.748327403
    2.848914858   29.218098019   27.063158304    0.801072115
    2.856093489   28.824076419   27.517338991    0.831421559
    2.863272120   27.569472591   27.070121173    0.830134758
    2.870450751   25.836455040   25.976251059    0.799682166
    2.877629382   24.065308454   24.571929426    0.754724856
    2.884808013   22.626618983   23.153840876    0.716717118
    2.891986644   21.702055043   21.884514073    0.706340006
    2.899165275   21.225867566   20.758640811    0.738059777
    2.906343907   20.911900128   19.628218095    0.818073756
    2.913522538   20.370911683   18.282962747    0.943720642
    2.920701169   19.293210747   16.579316227    1.102470534
    2.927879800   17.617402003   14.568567372    1.271635351
    2.935058431   15.581381066   12.539039654    1.422118074
    2.942237062   13.614371367   10.928970849    1.527403807
    2.949415693   12.139543147   10.165391198    1.573917623
    2.956594324   11.411279143   10.541425430    1.566338595
    2.963772955   11.464839908   12.199599086    1.524871961
    2.970951586   12.166413951   15.182182419    1.477512374
    2.978130217   13.298985118   19.437709503    1.452683496
    2.985308848   14.629461533   24.709971243    1.474756110
    2.992487479   15.946024604   30.375544201    1.561181145
    2.999666110   17.089191099   35.425780171    1.719220933
    3.006844741   17.997980947   38.752118133    1.941818906
    3.014023372   18.755622265   39.652232626    2.203826546
    3.021202003   19.583880286   38.220819695    2.461530637
    3.028380634   20.749505756   35.300494860    2.660063203
    3.035559265   22.419734005   31.996793698    2.751659964
    3.042737896   24.576517726   29.119209173    2.720277800
    3.049916528   27.083015896   26.950325737    2.599136951
    3.057095159   29.869407401   25.435710722    2.466820615
    3.064273790   33.069703062   24.540609465    2.418886986
    3.071452421   36.946827988   24.447247358    2.528144270
    3.078631052   41.623425454   25.473100689    2.814907760
    3.085809683   46.832674022   27.829380230    3.241932255
    3.092988314   51.910185534   31.408184463    3.732284543
    3.100166945   56.042821293   35.704530256    4.195202664
    3.107345576   58.579504783   39.886562357    4.545915636
    3.114524207   59.201045637   42.994356116    4.718657013
    3.121702838   57.917395958   44.228908044    4.682485683
    3.128881469   55.004617222   43.240660428    4.463661739
    3.136060100   50.975052887   40.283006098    4.161368684
    3.143238731   46.561799033   36.135637768    3.935017482
    3.150417362   42.638956262   31.821723722    3.953228983
    3.157595993   40.040167274   28.251346638    4.319439116
    3.164774624   39.318373011   25.944632295    5.009537635
    3.171953255   40.541030802   24.929111389    5.859402970
    3.179131886   43.215030566   24.824580620    6.619537630
    3.186310518   46.391482163   25.064229677    7.057065007
    3.193489149   48.932798214   25.160313079    7.054076116
    3.200667780   49.862586277   24.909833842    6.651023212
    3.207846411   48.684313447   24.460908781    6.018325131
    3.215025042   45.551981831   24.222337093    5.382650443
    3.222203673   41.212657188   24.670964795    4.954344453
    3.229382304   36.730415533   26.153397612    4.889063732
    3.236560935   33.117939106   28.763912044    5.284346209
    3.243739566   31.056946063   32.321226616    6.183558136
    3.250918197   30.810922077   36.411477315    7.555427352
    3.258096828   32.277691913   40.456983727    9.246772153
    3.265275459   35.049794047   43.804670047   10.953799524
    3.272454090   38.434471159   45.855835635   12.278711504
    3.279632721   41.534171170   46.243950873   12.892869913
    3.286811352   43.511228837   45.020980637   12.732838149
    3.293989983   43.989599988   42.771983732   12.091968572
    3.301168614   43.338110663   40.566329369   11.510550304
    3.308347245   42.567082142   39.685091486   11.497903026
    3.315525876   42.817058231   41.153818286   12.244133171
    3.322704508   44.732331356   45.243764801   13.502161801
    3.329883139   48.116670000   51.197565890   14.721076747
    3.337061770   52.064989737   57.379238081   15.352436422
    3.344240401   55.426026596   61.835732651   15.137186582
    3.351419032   57.262440886   63.024363272   14.196461465
    3.358597663   57.070356404   60.371775725   12.892222986
    3.365776294   54.769869988   54.432013172   11.587679880
    3.372954925   50.631979467   46.617323313   10.490206836
    3.380133556   45.250189987   38.663687709    9.662328751
    3.387312187   39.511538752   32.082313983    9.134898019
    3.394490818   34.463103935   27.811338394    8.987213514
    3.401669449   31.057717387   26.146380551    9.317013021
    3.408848080   29.877408509   26.874387119   10.134647394
    3.416026711   30.952119992   29.455812179   11.277777887
    3.423205342   33.727645156   33.139993997   12.421383033
    3.430383973   37.185363918   37.018427965   13.190336637
    3.437562604   40.105714731   40.117216939   13.318938034
    3.444741235   41.435073605   41.607785180   12.772478722
    3.451919866   40.633518126   41.079077819   11.762758804
    3.459098497   37.832191086   38.694681122   10.647859438
    3.466277129   33.708720861   35.094353608    9.772404102
    3.473455760   29.160145806   31.081690366    9.331770029
    3.480634391   24.966660981   27.300473946    9.317922495
    3.487813022   21.603805464   24.092313057    9.555477935
    3.494991653   19.232119991   21.571305348    9.799630046
    3.502170284   17.792435043   19.799059678    9.850579346
    3.509348915   17.118069929   18.906678594    9.635634774
    3.516527546   17.014881067   19.078716724    9.224033741
    3.523706177   17.307423626   20.416547884    8.775209267
    3.530884808   17.872715036   22.780395464    8.459383895
    3.538063439   18.668981380   25.734954917    8.397066809
    3.545242070   19.731253523   28.665007664    8.634898210
    3.552420701   21.098459630   31.005481385    9.142846028
    3.559599332   22.692364594   32.440081009    9.816966821
    3.566777963   24.244537480   32.953000461   10.495891331
    3.573956594   25.369519422   32.742755684   11.008768381
    3.581135225   25.779217924   32.103412994   11.248272575
    3.588313856   25.514291833   31.366895304   11.230978273
    3.595492487   25.048724717   30.918924931   11.106357532
    3.602671119   25.212258250   31.236026920   11.105826980
    3.609849750   26.974990465   32.880834505   11.453934730
    3.617028381   31.174439680   36.422870420   12.275830690
    3.624207012   38.255511816   42.290672115   13.535292557
    3.631385643   48.084037688   50.583785915   15.031137584
    3.638564274   59.885558041   60.883348596   16.459028636
    3.645742905   72.332956431   72.130686456   17.513994606
    3.652921536   83.768815598   82.690855508   17.990390217
    3.660100167   92.520274718   90.694008699   17.843333507
    3.667278798   97.240176556   94.585423464   17.192587077
    3.674457429   97.186324626   93.623996149   16.262649489
    3.681636060   92.361030175   88.061596050   15.274988534
    3.688814691   83.490861313   78.956403159   14.346312341
    3.695993322   71.885413783   67.807886522   13.463418263
    3.703171953   59.221397112   56.229636021   12.559084612
    3.710350584   47.272127310   45.728927146   11.629719177
    3.717529215   37.599800722   37.536610674   10.795320132
    3.724707846   31.257764146   32.432985215   10.250229494
    3.731886477   28.572285213   30.585297789   10.143165408
    3.739065109   29.070815696   31.467319443   10.475258160
    3.746243740   31.611893631   33.950812491   11.083445628
    3.753422371   34.736675788   36.625851259   11.715801511
    3.760601002   37.163161113   38.287054321   12.151353809
    3.767779633   38.214108832   38.364330671   12.294479798
    3.774958264   37.942822051   37.041529811   12.191009850
    3.782136895   36.886379289   34.991712224   11.964591626
    3.789315526   35.627718744   32.927442664   11.726973393
    3.796494157   34.464587735   31.267344922   11.528821557
    3.803672788   33.366961089   30.077493780   11.374013206
    3.810851419   32.181115074   29.228263505   11.262736507
    3.818030050   30.901643798   28.610646628   11.214562566
    3.825208681   29.845432117   28.297518140   11.258461734
    3.832387312   29.646463341   28.601245668   11.414532929
    3.839565943   31.063297911   30.000109949   11.691296983
    3.846744574   34.644979403   32.918360459   12.093939348
    3.853923205   40.366334808   37.409321401   12.622067011
    3.861101836   47.411229206   42.898133845   13.248454631
    3.868280467   54.283999830   48.193376192   13.897462610
    3.875459098   59.297262319   51.870825605   14.457002767
    3.882637730   61.250383130   52.886184304   14.843861784
    3.889816361   59.941225875   51.069997076   15.099413396
    3.896994992   56.216084896   47.196388111   15.447717024
    3.904173623   51.545290947   42.593185645   16.245598983
    3.911352254   47.391101214   38.545494105   17.817323926
    3.918530885   44.694718403   35.816771591   20.257601301
    3.925709516   43.658192952   34.470426194   23.330607118
    3.932888147   43.816729090   33.989530212   26.546342762
    3.940066778   44.315485811   33.589359003   29.387817302
    3.947245409   44.288423892   32.588115324   31.564288421
    3.954424040   43.208445138   30.694587275   33.137532038
    3.961602671   41.059636271   28.096383402   34.432790564
    3.968781302   38.252900306   25.321922425   35.779506834
    3.975959933   35.355732652   22.969675686   37.251929948
    3.983138564   32.812820908   21.457995942   38.597339134
    3.990317195   30.803534679   20.903984104   39.413930685
    3.997495826   29.261399696   21.142957435   39.456917106
    4.004674457   27.987121618   21.832640192   38.856458954
    4.011853088   26.774241253   22.575782659   38.094876332
    4.019031720   25.499578941   23.018268460   37.751051008
    4.026210351   24.164312488   22.912402486   38.163891914
    4.033388982   22.897043283   22.163066385   39.223251213
    4.040567613   21.944259525   20.876898016   40.439104415
    4.047746244   21.657619139   19.398261793   41.271972171
    4.054924875   22.443610024   18.271126157   41.511505137
    4.062103506   24.620775764   18.074766812   41.427316900
    4.069282137   28.188898893   19.166135507   41.577390057
    4.076460768   32.632430760   21.462286050   42.422418936
    4.083639399   36.942277079   24.414525066   44.021936379
    4.090818030   39.938700419   27.222567088   45.984612837
    4.097996661   40.753949050   29.179814450   47.647339718
    4.105175292   39.181047703   29.952687248   48.350034239
    4.112353923   35.676986402   29.646034147   47.686776334
    4.119532554   31.062222610   28.648338574   45.655630468
    4.126711185   26.150212823   27.376920855   42.650081652
    4.133889816   21.518658957   26.079085624   39.280069603
    4.141068447   17.471943021   24.786746678   36.104382501
    4.148247078   14.116533083   23.415003605   33.422598837
    4.155425710   11.455250498   21.905566177   31.230465477
    4.162604341    9.451772800   20.304310388   29.322634774
    4.169782972    8.056433291   18.736252527   27.448287380
    4.176961603    7.203845086   17.331764459   25.440105881
    4.184140234    6.802206802   16.179788700   23.286483109
    4.191318865    6.732073013   15.329245531   21.137269963
    4.198497496    6.857804906   14.803092381   19.239224190
    4.205676127    7.042736394   14.592012244   17.826335263
    4.212854758    7.162388574   14.635056397   17.022373853
    4.220033389    7.119674496   14.812053336   16.800648241
    4.227212020    6.864164515   14.954222147   16.998293514
    4.234390651    6.405069955   14.866280566   17.358736728
    4.241569282    5.803444020   14.366197775   17.594275359
    4.248747913    5.142759437   13.352857111   17.470872220
    4.255926544    4.495012712   11.877909609   16.886261298
    4.263105175    3.902435315   10.162334307   15.886164299
    4.270283806    3.380636575    8.520141522   14.600310794
    4.277462437    2.933007675    7.224967041   13.153335514
    4.284641068    2.562516162    6.405254101   11.627554914
    4.291819699    2.274858180    6.027787082   10.093931727
    4.298998331    2.075656641    5.957461380    8.654038513
    4.306176962    1.966462368    6.034205675    7.431509795
    4.313355593    1.941206747    6.119646445    6.513457378
    4.320534224    1.982515873    6.109881907    5.897575124
    4.327712855    2.059068352    5.939143243    5.495050630
    4.334891486    2.128128947    5.591228602    5.187373645
    4.342070117    2.146278903    5.109695135    4.890710383
    4.349248748    2.085164044    4.586638696    4.581875357
    4.356427379    1.943344568    4.125841109    4.277962055
    4.363606010    1.746475871    3.800297080    3.999831750
    4.370784641    1.535677751    3.629756251    3.755258675
    4.377963272    1.351035857    3.586146405    3.550308996
    4.385141903    1.218185656    3.614013633    3.406999260
    4.392320534    1.142247854    3.649763926    3.360956970
    4.399499165    1.109742158    3.635527895    3.436145082
    4.406677796    1.097184079    3.532634611    3.619109648
    4.413856427    1.083143576    3.335432815    3.857254737
    4.421035058    1.058168613    3.076936727    4.083780124
    4.428213689    1.026898681    2.817543272    4.248732160
    4.435392321    1.001098625    2.618670915    4.332870773
    4.442570952    0.988802143    2.514056305    4.338771627
    4.449749583    0.987681892    2.493476428    4.272771532
    4.456928214    0.987145629    2.507093404    4.135131463
    4.464106845    0.976512013    2.488713181    3.924655289
    4.471285476    0.952215569    2.387280741    3.650879998
    4.478464107    0.918817530    2.191229176    3.342271956
    4.485642738    0.884345844    1.933252018    3.043496864
    4.492821369    0.854750063    1.673710013    2.803280881
    4.500000000    0.831800369    1.472921798    2.660064311
