# energy grid [eV]  eels components [arbitrary units]
#
    0.200000000    0.000000000    0.000000000    0.000000000
    0.207178631    0.000000000    0.000000000    0.000000000
    0.214357262    0.000000000    0.000000000    0.000000000
    0.221535893    0.000000000    0.000000000    0.000000000
    0.228714524    0.000000000    0.000000000    0.000000000
    0.235893155    0.000000000    0.000000000    0.000000000
    0.243071786    0.000000000    0.000000000    0.000000000
    0.250250417    0.000000000    0.000000000    0.000000000
    0.257429048    0.000000000    0.000000000    0.000000000
    0.264607679    0.000000000    0.000000000    0.000000000
    0.271786311    0.000000000    0.000000000    0.000000000
    0.278964942    0.000000000    0.000000000    0.000000000
    0.286143573    0.000000000    0.000000000    0.000000000
    0.293322204    0.000000000    0.000000000    0.000000000
    0.300500835    0.000000000    0.000000000    0.000000000
    0.307679466    0.000000000    0.000000000    0.000000000
    0.314858097    0.000000000    0.000000000    0.000000000
    0.322036728    0.000000000    0.000000000    0.000000000
    0.329215359    0.000000000    0.000000000    0.000000000
    0.336393990    0.000000000    0.000000000    0.000000000
    0.343572621    0.000000000    0.000000000    0.000000000
    0.350751252    0.000000000    0.000000000    0.000000000
    0.357929883    0.000000000    0.000000000    0.000000000
    0.365108514    0.000000000    0.000000000    0.000000000
    0.372287145    0.000000000    0.000000000    0.000000000
    0.379465776    0.000000000    0.000000000    0.000000000
    0.386644407    0.000000000    0.000000000    0.000000000
    0.393823038    0.000000000    0.000000000    0.000000000
    0.401001669    0.000000000    0.000000000    0.000000000
    0.408180301    0.000000000    0.000000000    0.000000000
    0.415358932    0.000000000    0.000000000    0.000000000
    0.422537563    0.000000000    0.000000000    0.000000000
    0.429716194    0.000000000    0.000000000    0.000000000
    0.436894825    0.000000000    0.000000000    0.000000000
    0.444073456    0.000000000    0.000000000    0.000000000
    0.451252087    0.000000000    0.000000000    0.000000000
    0.458430718    0.000000000    0.000000000    0.000000000
    0.465609349    0.000000000    0.000000000    0.000000000
    0.472787980    0.000000000    0.000000000    0.000000000
    0.479966611    0.000000000    0.000000000    0.000000000
    0.487145242    0.000000000    0.000000000    0.000000000
    0.494323873    0.000000000    0.000000000    0.000000000
    0.501502504    0.000000000    0.000000000    0.000000000
    0.508681135    0.000000000    0.000000000    0.000000000
    0.515859766    0.000000000    0.000000000    0.000000000
    0.523038397    0.000000000    0.000000000    0.000000000
    0.530217028    0.000000000    0.000000000    0.000000000
    0.537395659    0.000000000    0.000000000    0.000000000
    0.544574290    0.000000000    0.000000000    0.000000000
    0.551752922    0.000000000    0.000000000    0.000000000
    0.558931553    0.000000000    0.000000000    0.000000000
    0.566110184    0.000000000    0.000000000    0.000000000
    0.573288815    0.000000000    0.000000000    0.000000000
    0.580467446    0.000000000    0.000000000    0.000000000
    0.587646077    0.000000000    0.000000000    0.000000000
    0.594824708    0.000000000    0.000000000    0.000000000
    0.602003339    0.000000000    0.000000000    0.000000000
    0.609181970    0.000000000    0.000000000    0.000000000
    0.616360601    0.000000000    0.000000000    0.000000000
    0.623539232    0.000000000    0.000000000    0.000000000
    0.630717863    0.000000000    0.000000000    0.000000000
    0.637896494    0.000000000    0.000000000    0.000000000
    0.645075125    0.000000000    0.000000000    0.000000000
    0.652253756    0.000000000    0.000000000    0.000000000
    0.659432387    0.000000000    0.000000000    0.000000000
    0.666611018    0.000000000    0.000000000    0.000000000
    0.673789649    0.000000000    0.000000000    0.000000000
    0.680968280    0.000000000    0.000000000    0.000000000
    0.688146912    0.000000000    0.000000000    0.000000000
    0.695325543    0.000000000    0.000000000    0.000000000
    0.702504174    0.000000000    0.000000000    0.000000000
    0.709682805    0.000000000    0.000000000    0.000000000
    0.716861436    0.000000000    0.000000000    0.000000000
    0.724040067    0.000000000    0.000000000    0.000000000
    0.731218698    0.000000000    0.000000000    0.000000000
    0.738397329    0.000000000    0.000000000    0.000000000
    0.745575960    0.000000000    0.000000000    0.000000000
    0.752754591    0.000000000    0.000000000    0.000000000
    0.759933222    0.000000000    0.000000000    0.000000000
    0.767111853    0.000000000    0.000000000    0.000000000
    0.774290484    0.000000000    0.000000000    0.000000000
    0.781469115    0.000000000    0.000000000    0.000000000
    0.788647746    0.000000000    0.000000000    0.000000000
    0.795826377    0.000000000    0.000000000    0.000000000
    0.803005008    0.000000000    0.000000000    0.000000000
    0.810183639    0.000000000    0.000000000    0.000000000
    0.817362270    0.000000000    0.000000000    0.000000000
    0.824540902    0.000000000    0.000000000    0.000000000
    0.831719533    0.000000000    0.000000000    0.000000000
    0.838898164    0.000000000    0.000000000    0.000000000
    0.846076795    0.000000000    0.000000000    0.000000000
    0.853255426    0.000000000    0.000000000    0.000000000
    0.860434057    0.000000000    0.000000000    0.000000000
    0.867612688    0.000000000    0.000000000    0.000000000
    0.874791319    0.000000000    0.000000000    0.000000000
    0.881969950    0.000000000    0.000000000    0.000000000
    0.889148581    0.000000000    0.000000000    0.000000000
    0.896327212    0.000000000    0.000000000    0.000000000
    0.903505843    0.000000000    0.000000000    0.000000000
    0.910684474    0.000000000    0.000000000    0.000000000
    0.917863105    0.000000000    0.000000000    0.000000000
    0.925041736    0.000000000    0.000000000    0.000000000
    0.932220367    0.000000000    0.000000000    0.000000000
    0.939398998    0.000000000    0.000000000    0.000000000
    0.946577629    0.000000000    0.000000000    0.000000000
    0.953756260    0.000000000    0.000000000    0.000000000
    0.960934891    0.000000000    0.000000000    0.000000000
    0.968113523    0.000000000    0.000000000    0.000000000
    0.975292154    0.000000000    0.000000000    0.000000000
    0.982470785    0.000000000    0.000000000    0.000000000
    0.989649416    0.000000000    0.000000000    0.000000000
    0.996828047    0.000000000    0.000000000    0.000000000
    1.004006678    0.000000000    0.000000000    0.000000000
    1.011185309    0.000000000    0.000000000    0.000000000
    1.018363940    0.000000000    0.000000000    0.000000000
    1.025542571    0.000000000    0.000000000    0.000000000
    1.032721202    0.000000000    0.000000000    0.000000000
    1.039899833    0.000000000    0.000000000    0.000000000
    1.047078464    0.000000000    0.000000000    0.000000000
    1.054257095    0.000000000    0.000000000    0.000000000
    1.061435726    0.000000000    0.000000000    0.000000000
    1.068614357    0.000000000    0.000000000    0.000000000
    1.075792988    0.000000000    0.000000000    0.000000000
    1.082971619    0.000000000    0.000000000    0.000000000
    1.090150250    0.000000000    0.000000000    0.000000000
    1.097328881    0.000000000    0.000000000    0.000000000
    1.104507513    0.000000000    0.000000000    0.000000000
    1.111686144    0.000000000    0.000000000    0.000000000
    1.118864775    0.000000000    0.000000000    0.000000000
    1.126043406    0.000000000    0.000000000    0.000000000
    1.133222037    0.000000000    0.000000000    0.000000000
    1.140400668    0.000000000    0.000000000    0.000000000
    1.147579299    0.000000000    0.000000000    0.000000000
    1.154757930    0.000000000    0.000000000    0.000000000
    1.161936561    0.000000000    0.000000000    0.000000000
    1.169115192    0.000000000    0.000000000    0.000000000
    1.176293823    0.000000000    0.000000000    0.000000000
    1.183472454    0.000000000    0.000000000    0.000000000
    1.190651085    0.000000000    0.000000000    0.000000000
    1.197829716    0.000000000    0.000000000    0.000000000
    1.205008347    0.000000000    0.000000000    0.000000000
    1.212186978    0.000000000    0.000000000    0.000000000
    1.219365609    0.000000000    0.000000000    0.000000000
    1.226544240    0.000000000    0.000000000    0.000000000
    1.233722871    0.000000000    0.000000000    0.000000000
    1.240901503    0.000000000    0.000000000    0.000000001
    1.248080134    0.000000000    0.000000000    0.000000001
    1.255258765    0.000000000    0.000000000    0.000000001
    1.262437396    0.000000000    0.000000000    0.000000001
    1.269616027    0.000000000    0.000000000    0.000000001
    1.276794658    0.000000000    0.000000000    0.000000001
    1.283973289    0.000000000    0.000000000    0.000000001
    1.291151920    0.000000000    0.000000000    0.000000000
    1.298330551    0.000000000    0.000000000    0.000000000
    1.305509182    0.000000000    0.000000000    0.000000000
    1.312687813    0.000000000    0.000000000    0.000000000
    1.319866444    0.000000000    0.000000000    0.000000000
    1.327045075    0.000000000    0.000000000    0.000000000
    1.334223706    0.000000000    0.000000000    0.000000000
    1.341402337    0.000000000    0.000000000    0.000000000
    1.348580968    0.000000000    0.000000000    0.000000000
    1.355759599    0.000000000    0.000000000    0.000000000
    1.362938230    0.000000000    0.000000000    0.000000000
    1.370116861    0.000000000    0.000000000    0.000000000
    1.377295492    0.000000000    0.000000000    0.000000000
    1.384474124    0.000000000    0.000000000    0.000000000
    1.391652755    0.000000000    0.000000000    0.000000000
    1.398831386    0.000000000    0.000000000    0.000000000
    1.406010017    0.000000000    0.000000000    0.000000000
    1.413188648    0.000000000    0.000000000    0.000000000
    1.420367279    0.000000000    0.000000000    0.000000000
    1.427545910    0.000000000    0.000000000    0.000000000
    1.434724541    0.000000000    0.000000000    0.000000000
    1.441903172    0.000000000    0.000000000    0.000000000
    1.449081803    0.000000000    0.000000000    0.000000000
    1.456260434    0.000000000    0.000000000    0.000000000
    1.463439065    0.000000000    0.000000000    0.000000000
    1.470617696    0.000000000    0.000000000    0.000000000
    1.477796327    0.000000000    0.000000000    0.000000000
    1.484974958    0.000000000    0.000000000    0.000000000
    1.492153589    0.000000000    0.000000000    0.000000000
    1.499332220    0.000000000    0.000000000    0.000000000
    1.506510851    0.000000000    0.000000000    0.000000000
    1.513689482    0.000000000    0.000000000    0.000000000
    1.520868114    0.000000000    0.000000000    0.000000000
    1.528046745    0.000000000    0.000000000    0.000000000
    1.535225376    0.000000000    0.000000000    0.000000000
    1.542404007    0.000000000    0.000000000    0.000000000
    1.549582638    0.000000000    0.000000000    0.000000000
    1.556761269    0.000000000    0.000000000    0.000000000
    1.563939900    0.000000000    0.000000000    0.000000000
    1.571118531    0.000000000    0.000000000    0.000000000
    1.578297162    0.000000000    0.000000000    0.000000000
    1.585475793    0.000000000    0.000000000    0.000000000
    1.592654424    0.000000000    0.000000000    0.000000000
    1.599833055    0.000000000    0.000000000    0.000000000
    1.607011686    0.000000000    0.000000000    0.000000000
    1.614190317    0.000000000    0.000000000    0.000000000
    1.621368948    0.000000000    0.000000000    0.000000000
    1.628547579    0.000000000    0.000000000    0.000000000
    1.635726210    0.000000000    0.000000000    0.000000000
    1.642904841    0.000000000    0.000000000    0.000000000
    1.650083472    0.000000000    0.000000000    0.000000000
    1.657262104    0.000000000    0.000000000    0.000000000
    1.664440735    0.000000000    0.000000000    0.000000000
    1.671619366    0.000000000    0.000000000    0.000000000
    1.678797997    0.000000000    0.000000000    0.000000000
    1.685976628    0.000000000    0.000000000    0.000000000
    1.693155259    0.000000000    0.000000000    0.000000000
    1.700333890    0.000000000    0.000000000    0.000000000
    1.707512521    0.000000000    0.000000000    0.000000000
    1.714691152    0.000000000    0.000000000    0.000000000
    1.721869783    0.000000000    0.000000000    0.000000000
    1.729048414    0.000000000    0.000000000    0.000000000
    1.736227045    0.000000000    0.000000000    0.000000000
    1.743405676    0.000000000    0.000000000    0.000000000
    1.750584307    0.000000000    0.000000000    0.000000000
    1.757762938    0.000000000    0.000000000    0.000000000
    1.764941569    0.000000001    0.000000000    0.000000000
    1.772120200    0.000000001    0.000000000    0.000000000
    1.779298831    0.000000002    0.000000000    0.000000000
    1.786477462    0.000000002    0.000000000    0.000000000
    1.793656093    0.000000003    0.000000001    0.000000000
    1.800834725    0.000000003    0.000000001    0.000000000
    1.808013356    0.000000003    0.000000001    0.000000000
    1.815191987    0.000000002    0.000000000    0.000000000
    1.822370618    0.000000002    0.000000000    0.000000000
    1.829549249    0.000000001    0.000000000    0.000000000
    1.836727880    0.000000001    0.000000000    0.000000000
    1.843906511    0.000000000    0.000000000    0.000000000
    1.851085142    0.000000000    0.000000000    0.000000000
    1.858263773    0.000000000    0.000000000    0.000000000
    1.865442404    0.000000000    0.000000000    0.000000000
    1.872621035    0.000000000    0.000000000    0.000000000
    1.879799666    0.000000000    0.000000000    0.000000000
    1.886978297    0.000000000    0.000000000    0.000000000
    1.894156928    0.000000000    0.000000000    0.000000000
    1.901335559    0.000000000    0.000000000    0.000000000
    1.908514190    0.000000000    0.000000000    0.000000000
    1.915692821    0.000000000    0.000000000    0.000000000
    1.922871452    0.000000000    0.000000000    0.000000000
    1.930050083    0.000000000    0.000000000    0.000000000
    1.937228715    0.000000000    0.000000000    0.000000000
    1.944407346    0.000000000    0.000000000    0.000000000
    1.951585977    0.000000000    0.000000000    0.000000000
    1.958764608    0.000000000    0.000000000    0.000000000
    1.965943239    0.000000000    0.000000000    0.000000000
    1.973121870    0.000000000    0.000000000    0.000000000
    1.980300501    0.000000000    0.000000000    0.000000000
    1.987479132    0.000000000    0.000000000    0.000000000
    1.994657763    0.000000000    0.000000000    0.000000000
    2.001836394    0.000000000    0.000000000    0.000000000
    2.009015025    0.000000000    0.000000001    0.000000000
    2.016193656    0.000000000    0.000000001    0.000000000
    2.023372287    0.000000000    0.000000001    0.000000000
    2.030550918    0.000000000    0.000000001    0.000000000
    2.037729549    0.000000000    0.000000001    0.000000000
    2.044908180    0.000000000    0.000000001    0.000000000
    2.052086811    0.000000000    0.000000000    0.000000000
    2.059265442    0.000000000    0.000000000    0.000000000
    2.066444073    0.000000000    0.000000000    0.000000000
    2.073622705    0.000000000    0.000000000    0.000000000
    2.080801336    0.000000000    0.000000000    0.000000000
    2.087979967    0.000000000    0.000000000    0.000000000
    2.095158598    0.000000000    0.000000000    0.000000000
    2.102337229    0.000000000    0.000000000    0.000000000
    2.109515860    0.000000000    0.000000000    0.000000000
    2.116694491    0.000000000    0.000000000    0.000000001
    2.123873122    0.000000000    0.000000000    0.000000001
    2.131051753    0.000000001    0.000000000    0.000000001
    2.138230384    0.000000001    0.000000000    0.000000001
    2.145409015    0.000000001    0.000000000    0.000000001
    2.152587646    0.000000001    0.000000001    0.000000002
    2.159766277    0.000000002    0.000000001    0.000000002
    2.166944908    0.000000002    0.000000001    0.000000001
    2.174123539    0.000000002    0.000000001    0.000000001
    2.181302170    0.000000002    0.000000001    0.000000001
    2.188480801    0.000000003    0.000000001    0.000000001
    2.195659432    0.000000003    0.000000001    0.000000001
    2.202838063    0.000000003    0.000000001    0.000000001
    2.210016694    0.000000003    0.000000001    0.000000000
    2.217195326    0.000000003    0.000000001    0.000000001
    2.224373957    0.000000003    0.000000001    0.000000001
    2.231552588    0.000000003    0.000000001    0.000000001
    2.238731219    0.000000002    0.000000001    0.000000001
    2.245909850    0.000000002    0.000000001    0.000000001
    2.253088481    0.000000002    0.000000001    0.000000001
    2.260267112    0.000000001    0.000000001    0.000000000
    2.267445743    0.000000001    0.000000000    0.000000000
    2.274624374    0.000000001    0.000000000    0.000000000
    2.281803005    0.000000000    0.000000000    0.000000000
    2.288981636    0.000000001    0.000000000    0.000000000
    2.296160267    0.000000001    0.000000000    0.000000000
    2.303338898    0.000000001    0.000000000    0.000000000
    2.310517529    0.000000002    0.000000000    0.000000000
    2.317696160    0.000000003    0.000000000    0.000000000
    2.324874791    0.000000004    0.000000000    0.000000000
    2.332053422    0.000000006    0.000000000    0.000000001
    2.339232053    0.000000009    0.000000001    0.000000001
    2.346410684    0.000000012    0.000000001    0.000000001
    2.353589316    0.000000016    0.000000001    0.000000001
    2.360767947    0.000000021    0.000000001    0.000000001
    2.367946578    0.000000024    0.000000002    0.000000002
    2.375125209    0.000000026    0.000000002    0.000000002
    2.382303840    0.000000026    0.000000002    0.000000002
    2.389482471    0.000000022    0.000000002    0.000000002
    2.396661102    0.000000018    0.000000002    0.000000002
    2.403839733    0.000000013    0.000000001    0.000000002
    2.411018364    0.000000008    0.000000001    0.000000002
    2.418196995    0.000000005    0.000000001    0.000000002
    2.425375626    0.000000004    0.000000001    0.000000002
    2.432554257    0.000000003    0.000000000    0.000000002
    2.439732888    0.000000002    0.000000000    0.000000002
    2.446911519    0.000000002    0.000000000    0.000000002
    2.454090150    0.000000001    0.000000000    0.000000001
    2.461268781    0.000000001    0.000000000    0.000000001
    2.468447412    0.000000001    0.000000000    0.000000001
    2.475626043    0.000000001    0.000000001    0.000000001
    2.482804674    0.000000002    0.000000001    0.000000001
    2.489983306    0.000000004    0.000000001    0.000000001
    2.497161937    0.000000007    0.000000001    0.000000001
    2.504340568    0.000000012    0.000000002    0.000000002
    2.511519199    0.000000017    0.000000002    0.000000002
    2.518697830    0.000000023    0.000000002    0.000000002
    2.525876461    0.000000027    0.000000002    0.000000002
    2.533055092    0.000000030    0.000000002    0.000000002
    2.540233723    0.000000029    0.000000003    0.000000002
    2.547412354    0.000000027    0.000000004    0.000000003
    2.554590985    0.000000023    0.000000005    0.000000003
    2.561769616    0.000000020    0.000000006    0.000000004
    2.568948247    0.000000017    0.000000006    0.000000005
    2.576126878    0.000000014    0.000000007    0.000000006
    2.583305509    0.000000012    0.000000006    0.000000009
    2.590484140    0.000000010    0.000000006    0.000000013
    2.597662771    0.000000008    0.000000005    0.000000019
    2.604841402    0.000000006    0.000000004    0.000000026
    2.612020033    0.000000005    0.000000004    0.000000033
    2.619198664    0.000000004    0.000000003    0.000000038
    2.626377295    0.000000003    0.000000003    0.000000039
    2.633555927    0.000000002    0.000000002    0.000000036
    2.640734558    0.000000002    0.000000002    0.000000032
    2.647913189    0.000000003    0.000000001    0.000000029
    2.655091820    0.000000004    0.000000001    0.000000027
    2.662270451    0.000000005    0.000000001    0.000000029
    2.669449082    0.000000007    0.000000001    0.000000034
    2.676627713    0.000000009    0.000000002    0.000000041
    2.683806344    0.000000010    0.000000002    0.000000049
    2.690984975    0.000000012    0.000000003    0.000000062
    2.698163606    0.000000013    0.000000004    0.000000112
    2.705342237    0.000000016    0.000000006    0.000000359
    2.712520868    0.000000022    0.000000019    0.000001466
    2.719699499    0.000000038    0.000000074    0.000005793
    2.726878130    0.000000094    0.000000274    0.000020621
    2.734056761    0.000000273    0.000000922    0.000065115
    2.741235392    0.000000791    0.000002780    0.000181636
    2.748414023    0.000002115    0.000007473    0.000446331
    2.755592654    0.000005099    0.000017911    0.000962438
    2.762771285    0.000010995    0.000038262    0.001808109
    2.769949917    0.000021158    0.000072845    0.002924267
    2.777128548    0.000036318    0.000123592    0.004028681
    2.784307179    0.000055589    0.000186888    0.004785684
    2.791485810    0.000075876    0.000252061    0.005237068
    2.798664441    0.000092371    0.000304165    0.006269192
    2.805843072    0.000100338    0.000330395    0.011010525
    2.813021703    0.000097218    0.000321456    0.016900742
    2.820200334    0.000083933    0.000276080    0.016027330
    2.827378965    0.000064581    0.000209814    0.018882712
    2.834557596    0.000044301    0.000141867    0.026704589
    2.841736227    0.000027096    0.000085498    0.043680662
    2.848914858    0.000014778    0.000045942    0.087139064
    2.856093489    0.000007186    0.000022010    0.215326225
    2.863272120    0.000003116    0.000009400    0.099976074
    2.870450751    0.000001205    0.000003579    0.014957884
    2.877629382    0.000000416    0.000001215    0.002762588
    2.884808013    0.000000128    0.000000368    0.000557488
    2.891986644    0.000000036    0.000000100    0.000112258
    2.899165275    0.000000010    0.000000026    0.000021585
    2.906343907    0.000000004    0.000000009    0.000003873
    2.913522538    0.000000004    0.000000007    0.000000643
    2.920701169    0.000000004    0.000000009    0.000000101
    2.927879800    0.000000005    0.000000011    0.000000018
    2.935058431    0.000000006    0.000000013    0.000000006
    2.942237062    0.000000007    0.000000014    0.000000004
    2.949415693    0.000000007    0.000000013    0.000000003
    2.956594324    0.000000007    0.000000011    0.000000003
    2.963772955    0.000000006    0.000000009    0.000000004
    2.970951586    0.000000005    0.000000007    0.000000011
    2.978130217    0.000000004    0.000000007    0.000000037
    2.985308848    0.000000005    0.000000010    0.000000151
    2.992487479    0.000000012    0.000000019    0.000000637
    2.999666110    0.000000043    0.000000048    0.000002575
    3.006844741    0.000000170    0.000000152    0.000009512
    3.014023372    0.000000615    0.000000505    0.000031526
    3.021202003    0.000002010    0.000001593    0.000092922
    3.028380634    0.000005879    0.000004619    0.000242406
    3.035559265    0.000015346    0.000012256    0.000557592
    3.042737896    0.000035726    0.000029979    0.001125357
    3.049916528    0.000074172    0.000068322    0.001975722
    3.057095159    0.000137381    0.000146445    0.002980097
    3.064273790    0.000227223    0.000296199    0.003838561
    3.071452421    0.000336197    0.000562298    0.004325245
    3.078631052    0.000446572    0.000989664    0.004639724
    3.085809683    0.000536490    0.001592981    0.005795223
    3.092988314    0.000590755    0.002312798    0.010541263
    3.100166945    0.000607971    0.002954423    0.013726809
    3.107345576    0.000616915    0.003364933    0.014085318
    3.114524207    0.000698965    0.003821815    0.017375314
    3.121702838    0.001008138    0.005582314    0.022974927
    3.128881469    0.001795057    0.011398873    0.029392408
    3.136060100    0.003380273    0.016163566    0.039099329
    3.143238731    0.006017876    0.017450807    0.052637571
    3.150417362    0.009637016    0.015850360    0.045739691
    3.157595993    0.013644515    0.012378755    0.029788144
    3.164774624    0.017288703    0.009705373    0.021073736
    3.171953255    0.021089326    0.008930806    0.018484907
    3.179131886    0.030215463    0.012050087    0.023108385
    3.186310518    0.057928937    0.017875540    0.022304384
    3.193489149    0.089730190    0.016011929    0.015566278
    3.200667780    0.088219461    0.018048849    0.015379504
    3.207846411    0.063753824    0.025837510    0.017676886
    3.215025042    0.037243820    0.045226187    0.020500315
    3.222203673    0.018738729    0.096157076    0.022361882
    3.229382304    0.008424111    0.077761281    0.022351421
    3.236560935    0.003429255    0.015316395    0.021059136
    3.243739566    0.001269669    0.004208692    0.020662515
    3.250918197    0.000438413    0.002817202    0.028065352
    3.258096828    0.000167371    0.003558127    0.257049239
    3.265275459    0.000117218    0.004943606    0.053313285
    3.272454090    0.000157403    0.006306701    0.015406399
    3.279632721    0.000240509    0.007110423    0.010831421
    3.286811352    0.000341631    0.007242645    0.009296769
    3.293989983    0.000436006    0.007257615    0.008335275
    3.301168614    0.000498304    0.008718785    0.007522569
    3.308347245    0.000510848    0.015254049    0.006819987
    3.315525876    0.000467214    0.016467354    0.005709433
    3.322704508    0.000378671    0.015076055    0.004072867
    3.329883139    0.000272573    0.018115990    0.002559763
    3.337061770    0.000174613    0.025473204    0.001454118
    3.344240401    0.000099583    0.040731411    0.000749227
    3.351419032    0.000050547    0.080929185    0.000349353
    3.358597663    0.000022832    0.256253845    0.000147015
    3.365776294    0.000009204    0.094970545    0.000055715
    3.372954925    0.000003476    0.010111236    0.000018991
    3.380133556    0.000002054    0.001621825    0.000005833
    3.387312187    0.000004843    0.000298278    0.000001668
    3.394490818    0.000018189    0.000062486    0.000000642
    3.401669449    0.000063871    0.000032172    0.000000922
    3.408848080    0.000198898    0.000061270    0.000002602
    3.416026711    0.000546413    0.000145874    0.000007206
    3.423205342    0.001320538    0.000323671    0.000017950
    3.430383973    0.002795156    0.000649867    0.000039921
    3.437562604    0.005137535    0.001171682    0.000079146
    3.444741235    0.008083735    0.001885825    0.000139759
    3.451919866    0.010764362    0.002697200    0.000219659
    3.459098497    0.012328143    0.003433320    0.000307176
    3.466277129    0.013068543    0.003973330    0.000382580
    3.473455760    0.015279755    0.004505593    0.000426669
    3.480634391    0.025960702    0.005844957    0.000431214
    3.487813022    0.034198047    0.008143875    0.000395128
    3.494991653    0.029028907    0.007871274    0.000333944
    3.502170284    0.031873993    0.005348640    0.000300897
    3.509348915    0.040482583    0.003231702    0.000368028
    3.516527546    0.053911049    0.002200778    0.000618641
    3.523706177    0.071870999    0.002113100    0.001130401
    3.530884808    0.097995053    0.002642458    0.001916251
    3.538063439    0.166369314    0.003361911    0.002833228
    3.545242070    0.532128050    0.003848931    0.003585710
    3.552420701    0.861825767    0.003980165    0.003978946
    3.559599332    0.330303722    0.004097784    0.004233702
    3.566777963    0.236358767    0.005171001    0.005243452
    3.573956594    0.275740951    0.008441927    0.008922087
    3.581135225    0.258718166    0.008106782    0.010924842
    3.588313856    0.149169091    0.006880521    0.009658202
    3.595492487    0.069937787    0.007531164    0.010898336
    3.602671119    0.030827152    0.009192122    0.014477348
    3.609849750    0.012974294    0.011288096    0.021163400
    3.617028381    0.005145095    0.013181604    0.034558236
    3.624207012    0.001894607    0.014548852    0.074972180
    3.631385643    0.000640518    0.016491106    0.333022228
    3.638564274    0.000197208    0.025509512    0.031952968
    3.645742905    0.000055003    0.421402875    0.003237104
    3.652921536    0.000013882    0.006539080    0.000491404
    3.660100167    0.000003260    0.000403701    0.000082949
    3.667278798    0.000001046    0.000045829    0.000014579
    3.674457429    0.000001734    0.000010011    0.000004379
    3.681636060    0.000006632    0.000013211    0.000007412
    3.688814691    0.000025207    0.000034690    0.000021975
    3.695993322    0.000086529    0.000090233    0.000062059
    3.703171953    0.000264627    0.000216713    0.000158595
    3.710350584    0.000717545    0.000473383    0.000363608
    3.717529215    0.001719082    0.000931229    0.000743203
    3.724707846    0.003622535    0.001632380    0.001342997
    3.731886477    0.006659945    0.002513545    0.002117300
    3.739065109    0.010538416    0.003348021    0.002867779
    3.746243740    0.014174415    0.003856784    0.003335391
    3.753422371    0.016385121    0.003997258    0.003468865
    3.760601002    0.017340340    0.004135587    0.003584873
    3.767779633    0.019615073    0.005197512    0.004481628
    3.774958264    0.031434792    0.008343228    0.007133108
    3.782136895    0.047484442    0.009600772    0.007749695
    3.789315526    0.040895725    0.008746924    0.006727390
    3.796494157    0.044296660    0.010239321    0.007581434
    3.803672788    0.057396054    0.014668605    0.010313100
    3.810851419    0.081448628    0.022774079    0.015920431
    3.818030050    0.124901779    0.026512651    0.024183829
    3.825208681    0.224310239    0.018923456    0.023621893
    3.832387312    0.598763664    0.013004911    0.016729177
    3.839565943    1.019080585    0.011157444    0.013529095
    3.846744574    0.358079016    0.012540765    0.013712625
    3.853923205    0.161312719    0.011494836    0.011426025
    3.861101836    0.077332376    0.010351406    0.010133093
    3.868280467    0.040740189    0.010546894    0.010208269
    3.875459098    0.023682700    0.009124982    0.008494116
    3.882637730    0.014103577    0.006285583    0.005672287
    3.889816361    0.008007543    0.005251337    0.004642071
    3.896994992    0.004329197    0.005077970    0.004353519
    3.904173623    0.002223014    0.004848787    0.003979845
    3.911352254    0.001070010    0.004243912    0.003293772
    3.918530885    0.000476963    0.003328658    0.002411892
    3.925709516    0.000197691    0.002355814    0.001566225
    3.932888147    0.000086268    0.001549367    0.000915643
    3.940066778    0.000072777    0.001056797    0.000508334
    3.947245409    0.000152915    0.001241333    0.000364365
    3.954424040    0.000390802    0.004724370    0.000674451
    3.961602671    0.000927974    0.044036949    0.002431410
    3.968781302    0.001973662    0.266714029    0.010336414
    3.975959933    0.003735502    0.068169305    0.047933364
    3.983138564    0.006263603    0.033578671    0.123508010
    3.990317195    0.009266399    0.021541406    0.077835626
    3.997495826    0.012126986    0.015736062    0.044136132
    4.004674457    0.014424917    0.013395326    0.031786624
    4.011853088    0.016999267    0.015196929    0.031015376
    4.019031720    0.022886326    0.017300368    0.031664809
    4.026210351    0.035234180    0.011296293    0.023119100
    4.033388982    0.049693422    0.009943245    0.019948512
    4.040567613    0.048645461    0.011241234    0.023079739
    4.047746244    0.037432938    0.014171686    0.032208331
    4.054924875    0.029052193    0.020212305    0.043327221
    4.062103506    0.024945175    0.034030183    0.042390970
    4.069282137    0.023359707    0.048248457    0.034685946
    4.076460768    0.024459816    0.040171323    0.031928666
    4.083639399    0.030244087    0.030478813    0.024911275
    4.090818030    0.044936729    0.026763979    0.019866308
    4.097996661    0.057144838    0.019907251    0.020776390
    4.105175292    0.052763033    0.016499835    0.022522336
    4.112353923    0.061761088    0.016528206    0.022437000
    4.119532554    0.088589632    0.014023262    0.017045266
    4.126711185    0.151991955    0.009682413    0.009397387
    4.133889816    0.335792771    0.008002482    0.007090857
    4.141068447    0.469964959    0.007568646    0.006597775
    4.148247078    0.085665940    0.007076538    0.006103890
    4.155425710    0.014971439    0.006138225    0.005115524
    4.162604341    0.003051770    0.004871980    0.003767662
    4.169782972    0.000668534    0.003588493    0.002440332
    4.176961603    0.000215541    0.002553582    0.001407397
    4.184140234    0.000257934    0.002003296    0.000734001
    4.191318865    0.000594173    0.003079999    0.000358035
    4.198497496    0.001358227    0.027522833    0.000202205
    4.205676127    0.002809821    0.327672846    0.000307919
    4.212854758    0.005178806    0.041623220    0.001321692
    4.220033389    0.008399747    0.024790314    0.008245925
    4.227212020    0.011827890    0.019378786    0.095876134
    4.234390651    0.014406129    0.016042231    0.348884548
    4.241569282    0.015612431    0.013431217    0.081598798
    4.248747913    0.016443210    0.011759170    0.042417868
    4.255926544    0.020646468    0.012044772    0.028265409
    4.263105175    0.036852061    0.015029004    0.021069628
    4.270283806    0.046989379    0.016084301    0.017484998
    4.277462437    0.049237054    0.015333173    0.017765645
    4.284641068    0.056249778    0.014727789    0.020118304
    4.291819699    0.065187414    0.013985770    0.018638969
    4.298998331    0.076692027    0.013545370    0.017220976
    4.306176962    0.075284948    0.011898937    0.015296779
    4.313355593    0.081752047    0.009769935    0.012508846
    4.320534224    0.118768235    0.009672734    0.012065515
    4.327712855    0.219595445    0.009741777    0.011769348
    4.334891486    0.362280460    0.007332262    0.008434809
    4.342070117    0.147640990    0.005071284    0.005548107
    4.349248748    0.037375816    0.004291749    0.004526155
    4.356427379    0.016145048    0.003912297    0.003920584
    4.363606010    0.013890513    0.003516452    0.003161921
    4.370784641    0.016531797    0.003281072    0.002259965
    4.377963272    0.019794288    0.003791209    0.001415545
    4.385141903    0.021371561    0.005951023    0.000779258
    4.392320534    0.020770320    0.010651949    0.000379797
    4.399499165    0.019408750    0.017013442    0.000166301
    4.406677796    0.020151093    0.019874811    0.000068268
    4.413856427    0.029402163    0.014359734    0.000029544
    4.421035058    0.034176880    0.007602290    0.000016294
    4.428213689    0.025215757    0.005296898    0.000012141
    4.435392321    0.025380882    0.004560706    0.000011259
    4.442570952    0.029801061    0.003890298    0.000014222
    4.449749583    0.035829215    0.002996016    0.000027770
    4.456928214    0.041715320    0.002033999    0.000068456
    4.464106845    0.048058582    0.001232595    0.000169291
    4.471285476    0.066453080    0.000710364    0.000386031
    4.478464107    0.182378836    0.000469476    0.000796225
    4.485642738    0.857473592    0.000457472    0.001483102
    4.492821369    0.234258109    0.000611558    0.002500280
    4.500000000    0.102360230    0.000867120    0.003805722
