# energy grid [eV]  eels components [arbitrary units]
#
    0.200000000    0.000000000    0.000000000    0.000000000
    0.207178631    0.000000000    0.000000000    0.000000000
    0.214357262    0.000000000    0.000000000    0.000000000
    0.221535893    0.000000000    0.000000000    0.000000000
    0.228714524    0.000000000    0.000000000    0.000000000
    0.235893155    0.000000000    0.000000000    0.000000000
    0.243071786    0.000000000    0.000000000    0.000000000
    0.250250417    0.000000000    0.000000000    0.000000000
    0.257429048    0.000000000    0.000000000    0.000000000
    0.264607679    0.000000000    0.000000000    0.000000000
    0.271786311    0.000000000    0.000000000    0.000000000
    0.278964942    0.000000000    0.000000000    0.000000000
    0.286143573    0.000000000    0.000000000    0.000000000
    0.293322204    0.000000000    0.000000000    0.000000000
    0.300500835    0.000000000    0.000000000    0.000000000
    0.307679466    0.000000000    0.000000000    0.000000000
    0.314858097    0.000000000    0.000000000    0.000000000
    0.322036728    0.000000000    0.000000000    0.000000000
    0.329215359    0.000000000    0.000000000    0.000000000
    0.336393990    0.000000000    0.000000000    0.000000000
    0.343572621    0.000000000    0.000000000    0.000000000
    0.350751252    0.000000000    0.000000000    0.000000000
    0.357929883    0.000000000    0.000000000    0.000000000
    0.365108514    0.000000000    0.000000000    0.000000000
    0.372287145    0.000000000    0.000000000    0.000000000
    0.379465776    0.000000000    0.000000000    0.000000000
    0.386644407    0.000000000    0.000000000    0.000000000
    0.393823038    0.000000000    0.000000000    0.000000000
    0.401001669    0.000000000    0.000000000    0.000000000
    0.408180301    0.000000000    0.000000000    0.000000000
    0.415358932    0.000000000    0.000000000    0.000000000
    0.422537563    0.000000000    0.000000000    0.000000000
    0.429716194    0.000000000    0.000000000    0.000000000
    0.436894825    0.000000000    0.000000000    0.000000000
    0.444073456    0.000000000    0.000000000    0.000000000
    0.451252087    0.000000000    0.000000000    0.000000000
    0.458430718    0.000000000    0.000000000    0.000000000
    0.465609349    0.000000000    0.000000000    0.000000000
    0.472787980    0.000000000    0.000000000    0.000000000
    0.479966611    0.000000000    0.000000000    0.000000000
    0.487145242    0.000000000    0.000000000    0.000000000
    0.494323873    0.000000000    0.000000000    0.000000000
    0.501502504    0.000000000    0.000000000    0.000000000
    0.508681135    0.000000000    0.000000000    0.000000000
    0.515859766    0.000000000    0.000000000    0.000000000
    0.523038397    0.000000000    0.000000000    0.000000000
    0.530217028    0.000000000    0.000000000    0.000000000
    0.537395659    0.000000000    0.000000000    0.000000000
    0.544574290    0.000000000    0.000000000    0.000000000
    0.551752922    0.000000000    0.000000000    0.000000000
    0.558931553    0.000000000    0.000000000    0.000000000
    0.566110184    0.000000000    0.000000000    0.000000000
    0.573288815    0.000000000    0.000000000    0.000000000
    0.580467446    0.000000000    0.000000000    0.000000000
    0.587646077    0.000000000    0.000000000    0.000000000
    0.594824708    0.000000000    0.000000000    0.000000000
    0.602003339    0.000000000    0.000000000    0.000000000
    0.609181970    0.000000000    0.000000000    0.000000000
    0.616360601    0.000000000    0.000000000    0.000000000
    0.623539232    0.000000000    0.000000000    0.000000000
    0.630717863    0.000000000    0.000000000    0.000000000
    0.637896494    0.000000000    0.000000000    0.000000000
    0.645075125    0.000000000    0.000000000    0.000000000
    0.652253756    0.000000000    0.000000000    0.000000000
    0.659432387    0.000000000    0.000000000    0.000000000
    0.666611018    0.000000000    0.000000000    0.000000000
    0.673789649    0.000000000    0.000000000    0.000000000
    0.680968280    0.000000000    0.000000000    0.000000000
    0.688146912    0.000000000    0.000000000    0.000000000
    0.695325543    0.000000000    0.000000000    0.000000000
    0.702504174    0.000000000    0.000000000    0.000000000
    0.709682805    0.000000000    0.000000000    0.000000000
    0.716861436    0.000000000    0.000000000    0.000000000
    0.724040067    0.000000000    0.000000000    0.000000000
    0.731218698    0.000000000    0.000000000    0.000000000
    0.738397329    0.000000000    0.000000000    0.000000000
    0.745575960    0.000000000    0.000000000    0.000000000
    0.752754591    0.000000000    0.000000000    0.000000000
    0.759933222    0.000000000    0.000000000    0.000000000
    0.767111853    0.000000000    0.000000000    0.000000000
    0.774290484    0.000000000    0.000000000    0.000000000
    0.781469115    0.000000000    0.000000000    0.000000000
    0.788647746    0.000000000    0.000000000    0.000000000
    0.795826377    0.000000000    0.000000000    0.000000000
    0.803005008    0.000000000    0.000000000    0.000000000
    0.810183639    0.000000000    0.000000000    0.000000000
    0.817362270    0.000000000    0.000000000    0.000000000
    0.824540902    0.000000000    0.000000000    0.000000000
    0.831719533    0.000000000    0.000000000    0.000000000
    0.838898164    0.000000000    0.000000000    0.000000000
    0.846076795    0.000000000    0.000000000    0.000000000
    0.853255426    0.000000000    0.000000000    0.000000000
    0.860434057    0.000000000    0.000000000    0.000000000
    0.867612688    0.000000000    0.000000000    0.000000000
    0.874791319    0.000000000    0.000000000    0.000000000
    0.881969950    0.000000000    0.000000000    0.000000000
    0.889148581    0.000000000    0.000000000    0.000000000
    0.896327212    0.000000000    0.000000000    0.000000000
    0.903505843    0.000000000    0.000000000    0.000000000
    0.910684474    0.000000000    0.000000000    0.000000000
    0.917863105    0.000000000    0.000000000    0.000000000
    0.925041736    0.000000000    0.000000000    0.000000000
    0.932220367    0.000000000    0.000000000    0.000000000
    0.939398998    0.000000000    0.000000000    0.000000000
    0.946577629    0.000000000    0.000000000    0.000000000
    0.953756260    0.000000000    0.000000000    0.000000000
    0.960934891    0.000000000    0.000000000    0.000000000
    0.968113523    0.000000000    0.000000000    0.000000000
    0.975292154    0.000000000    0.000000000    0.000000000
    0.982470785    0.000000000    0.000000000    0.000000000
    0.989649416    0.000000000    0.000000000    0.000000000
    0.996828047    0.000000000    0.000000000    0.000000000
    1.004006678    0.000000000    0.000000001    0.000000001
    1.011185309    0.000000002    0.000000006    0.000000004
    1.018363940    0.000000011    0.000000031    0.000000022
    1.025542571    0.000000057    0.000000156    0.000000110
    1.032721202    0.000000255    0.000000696    0.000000494
    1.039899833    0.000001017    0.000002771    0.000001967
    1.047078464    0.000003619    0.000009837    0.000006989
    1.054257095    0.000011483    0.000031122    0.000022130
    1.061435726    0.000032482    0.000087747    0.000062456
    1.068614357    0.000081922    0.000220432    0.000157075
    1.075792988    0.000184203    0.000493265    0.000351949
    1.082971619    0.000369225    0.000982882    0.000702375
    1.090150250    0.000659705    0.001743352    0.001248091
    1.097328881    0.001050715    0.002752690    0.001974865
    1.104507513    0.001492620    0.003877995    0.002787947
    1.111686144    0.001896346    0.004927107    0.003543599
    1.118864775    0.002170491    0.005813122    0.004157084
    1.126043406    0.002240325    0.006409338    0.004523681
    1.133222037    0.002045186    0.006106154    0.004272835
    1.140400668    0.001645465    0.004940273    0.003453953
    1.147579299    0.001175950    0.003505258    0.002455162
    1.154757930    0.000749114    0.002213221    0.001553618
    1.161936561    0.000425717    0.001247892    0.000877760
    1.169115192    0.000215847    0.000628595    0.000442926
    1.176293823    0.000097633    0.000282820    0.000199585
    1.183472454    0.000039394    0.000113620    0.000080286
    1.190651085    0.000014178    0.000040745    0.000028825
    1.197829716    0.000004551    0.000013040    0.000009235
    1.205008347    0.000001303    0.000003724    0.000002640
    1.212186978    0.000000333    0.000000949    0.000000673
    1.219365609    0.000000076    0.000000216    0.000000153
    1.226544240    0.000000015    0.000000044    0.000000031
    1.233722871    0.000000003    0.000000008    0.000000006
    1.240901503    0.000000000    0.000000001    0.000000001
    1.248080134    0.000000000    0.000000000    0.000000000
    1.255258765    0.000000000    0.000000000    0.000000000
    1.262437396    0.000000000    0.000000000    0.000000000
    1.269616027    0.000000000    0.000000000    0.000000000
    1.276794658    0.000000000    0.000000000    0.000000000
    1.283973289    0.000000000    0.000000000    0.000000000
    1.291151920    0.000000000    0.000000000    0.000000000
    1.298330551    0.000000000    0.000000000    0.000000000
    1.305509182    0.000000000    0.000000000    0.000000000
    1.312687813    0.000000000    0.000000000    0.000000000
    1.319866444    0.000000000    0.000000000    0.000000000
    1.327045075    0.000000000    0.000000000    0.000000000
    1.334223706    0.000000000    0.000000000    0.000000000
    1.341402337    0.000000000    0.000000000    0.000000000
    1.348580968    0.000000000    0.000000000    0.000000000
    1.355759599    0.000000000    0.000000000    0.000000000
    1.362938230    0.000000000    0.000000000    0.000000000
    1.370116861    0.000000000    0.000000000    0.000000000
    1.377295492    0.000000000    0.000000000    0.000000000
    1.384474124    0.000000000    0.000000000    0.000000000
    1.391652755    0.000000000    0.000000000    0.000000000
    1.398831386    0.000000000    0.000000000    0.000000000
    1.406010017    0.000000000    0.000000000    0.000000000
    1.413188648    0.000000000    0.000000000    0.000000000
    1.420367279    0.000000000    0.000000000    0.000000000
    1.427545910    0.000000000    0.000000000    0.000000000
    1.434724541    0.000000000    0.000000000    0.000000000
    1.441903172    0.000000000    0.000000000    0.000000000
    1.449081803    0.000000000    0.000000000    0.000000000
    1.456260434    0.000000000    0.000000000    0.000000000
    1.463439065    0.000000000    0.000000000    0.000000000
    1.470617696    0.000000000    0.000000000    0.000000000
    1.477796327    0.000000000    0.000000000    0.000000000
    1.484974958    0.000000000    0.000000000    0.000000000
    1.492153589    0.000000003    0.000000001    0.000000000
    1.499332220    0.000000019    0.000000003    0.000000002
    1.506510851    0.000000098    0.000000016    0.000000010
    1.513689482    0.000000454    0.000000078    0.000000048
    1.520868114    0.000001884    0.000000334    0.000000201
    1.528046745    0.000006968    0.000001278    0.000000760
    1.535225376    0.000022974    0.000004357    0.000002565
    1.542404007    0.000067519    0.000013273    0.000007727
    1.549582638    0.000176853    0.000036110    0.000020788
    1.556761269    0.000412779    0.000087738    0.000049940
    1.563939900    0.000858295    0.000190424    0.000107153
    1.571118531    0.001589501    0.000369287    0.000205403
    1.578297162    0.002621567    0.000640337    0.000351980
    1.585475793    0.003854683    0.000994338    0.000539893
    1.592654424    0.005081121    0.001388045    0.000743544
    1.599833055    0.006117961    0.001758567    0.000926158
    1.607011686    0.006884385    0.002056844    0.001056193
    1.614190317    0.006937479    0.002236127    0.001108635
    1.621368948    0.006011353    0.002245809    0.001074453
    1.628547579    0.004610859    0.002124461    0.000982946
    1.635726210    0.003228146    0.001947163    0.000871368
    1.642904841    0.002116400    0.001754914    0.000759540
    1.650083472    0.001334245    0.001545692    0.000648099
    1.657262104    0.000825044    0.001284587    0.000527405
    1.664440735    0.000504971    0.000981890    0.000399524
    1.671619366    0.000303472    0.000684235    0.000277651
    1.678797997    0.000175103    0.000431623    0.000175148
    1.685976628    0.000094860    0.000245066    0.000099619
    1.693155259    0.000048156    0.000124782    0.000051033
    1.700333890    0.000024964    0.000056886    0.000023982
    1.707512521    0.000018602    0.000023284    0.000011570
    1.714691152    0.000026106    0.000008779    0.000008324
    1.721869783    0.000047894    0.000003551    0.000011177
    1.729048414    0.000086001    0.000002516    0.000019064
    1.736227045    0.000141641    0.000003764    0.000032127
    1.743405676    0.000214007    0.000007456    0.000051519
    1.750584307    0.000302595    0.000015544    0.000080380
    1.757762938    0.000413376    0.000031941    0.000125702
    1.764941569    0.000563872    0.000062257    0.000199140
    1.772120200    0.000777928    0.000112039    0.000313591
    1.779298831    0.001070412    0.000183109    0.000474676
    1.786477462    0.001424986    0.000269353    0.000670258
    1.793656093    0.001781621    0.000355141    0.000866168
    1.800834725    0.002057722    0.000419496    0.001017498
    1.808013356    0.002182576    0.000444406    0.001086617
    1.815191987    0.002079815    0.000420062    0.001038262
    1.822370618    0.001747252    0.000352551    0.000874687
    1.829549249    0.001301345    0.000263350    0.000653400
    1.836727880    0.000863833    0.000175589    0.000435135
    1.843906511    0.000511961    0.000105164    0.000259403
    1.851085142    0.000271654    0.000058318    0.000140517
    1.858263773    0.000130962    0.000034237    0.000074317
    1.865442404    0.000061952    0.000029643    0.000049217
    1.872621035    0.000038389    0.000042185    0.000054597
    1.879799666    0.000044134    0.000071210    0.000083418
    1.886978297    0.000074531    0.000116467    0.000130180
    1.894156928    0.000134987    0.000176484    0.000187609
    1.901335559    0.000238597    0.000248301    0.000245442
    1.908514190    0.000401316    0.000328806    0.000292850
    1.915692821    0.000631957    0.000415066    0.000321868
    1.922871452    0.000917559    0.000500966    0.000328677
    1.930050083    0.001214862    0.000576165    0.000316025
    1.937228715    0.001459928    0.000626514    0.000289998
    1.944407346    0.001594790    0.000637674    0.000255283
    1.951585977    0.001571601    0.000598076    0.000214071
    1.958764608    0.001373026    0.000507102    0.000168333
    1.965943239    0.001069627    0.000386402    0.000122394
    1.973121870    0.000763155    0.000264478    0.000081360
    1.980300501    0.000540917    0.000162984    0.000049015
    1.987479132    0.000467134    0.000091840    0.000026604
    1.994657763    0.000586505    0.000050459    0.000012977
    2.001836394    0.000924473    0.000032459    0.000005732
    2.009015025    0.001471826    0.000030122    0.000002470
    2.016193656    0.002160122    0.000036622    0.000001596
    2.023372287    0.002858526    0.000046411    0.000002689
    2.030550918    0.003428232    0.000055211    0.000006816
    2.037729549    0.003781953    0.000060506    0.000016985
    2.044908180    0.003751179    0.000062262    0.000038533
    2.052086811    0.003259085    0.000063120    0.000078649
    2.059265442    0.002545513    0.000067298    0.000144071
    2.066444073    0.001858690    0.000078228    0.000236862
    2.073622705    0.001336681    0.000096310    0.000350142
    2.080801336    0.001013205    0.000118174    0.000467547
    2.087979967    0.000854084    0.000138163    0.000569109
    2.095158598    0.000803315    0.000151219    0.000639781
    2.102337229    0.000814888    0.000155029    0.000669945
    2.109515860    0.000858353    0.000150773    0.000661192
    2.116694491    0.000909412    0.000141751    0.000627825
    2.123873122    0.000940755    0.000130594    0.000580729
    2.131051753    0.000925950    0.000118364    0.000522739
    2.138230384    0.000843170    0.000105915    0.000450860
    2.145409015    0.000694811    0.000096524    0.000368582
    2.152587646    0.000515614    0.000097796    0.000292784
    2.159766277    0.000345473    0.000121004    0.000244386
    2.166944908    0.000212694    0.000178186    0.000239866
    2.174123539    0.000130082    0.000277575    0.000284928
    2.181302170    0.000101077    0.000418685    0.000371754
    2.188480801    0.000131575    0.000589768    0.000481751
    2.195659432    0.000240574    0.000771047    0.000594278
    2.202838063    0.000462545    0.000940846    0.000695279
    2.210016694    0.000835161    0.001079115    0.000778708
    2.217195326    0.001371648    0.001186615    0.000856644
    2.224373957    0.002029007    0.001273972    0.000948440
    2.231552588    0.002700315    0.001349712    0.001061858
    2.238731219    0.003265256    0.001432241    0.001192396
    2.245909850    0.003654621    0.001536871    0.001325837
    2.253088481    0.003726862    0.001669468    0.001435500
    2.260267112    0.003381792    0.001813721    0.001493597
    2.267445743    0.002826496    0.001960605    0.001496105
    2.274624374    0.002303979    0.002107595    0.001446946
    2.281803005    0.001967449    0.002256126    0.001364516
    2.288981636    0.001886615    0.002410305    0.001260429
    2.296160267    0.002068635    0.002545019    0.001124899
    2.303338898    0.002473260    0.002618580    0.000959074
    2.310517529    0.003016864    0.002629768    0.000785965
    2.317696160    0.003581837    0.002617554    0.000633054
    2.324874791    0.004067013    0.002598398    0.000515719
    2.332053422    0.004438318    0.002564222    0.000435881
    2.339232053    0.004514919    0.002412079    0.000387365
    2.346410684    0.004178680    0.002070709    0.000365421
    2.353589316    0.003702250    0.001645272    0.000369999
    2.360767947    0.003324298    0.001245269    0.000399868
    2.367946578    0.003110232    0.000924980    0.000447556
    2.375125209    0.003012574    0.000696557    0.000498968
    2.382303840    0.002933469    0.000551663    0.000538791
    2.389482471    0.002710776    0.000471382    0.000554787
    2.396661102    0.002325732    0.000441666    0.000547123
    2.403839733    0.001931310    0.000460454    0.000527964
    2.411018364    0.001676248    0.000539330    0.000515571
    2.418196995    0.001653996    0.000702787    0.000527154
    2.425375626    0.001894378    0.000984401    0.000568685
    2.432554257    0.002388114    0.001423557    0.000635182
    2.439732888    0.003108190    0.002046421    0.000714913
    2.446911519    0.004004232    0.002826401    0.000794254
    2.454090150    0.004957604    0.003673877    0.000863854
    2.461268781    0.005782030    0.004478824    0.000916724
    2.468447412    0.006453940    0.005237630    0.000950411
    2.475626043    0.007060203    0.005981612    0.000956995
    2.482804674    0.007181005    0.006268622    0.000920316
    2.489983306    0.006504180    0.005836999    0.000841431
    2.497161937    0.005476132    0.005158550    0.000734821
    2.504340568    0.004447380    0.004543168    0.000616736
    2.511519199    0.003628471    0.004130983    0.000511832
    2.518697830    0.003085330    0.003937962    0.000438684
    2.525876461    0.002754658    0.003891165    0.000401328
    2.533055092    0.002517343    0.003694782    0.000391113
    2.540233723    0.002369304    0.003157671    0.000394129
    2.547412354    0.002362541    0.002467463    0.000397737
    2.554590985    0.002530654    0.001804901    0.000395469
    2.561769616    0.002894402    0.001267486    0.000391181
    2.568948247    0.003438935    0.000891934    0.000396317
    2.576126878    0.004054959    0.000669457    0.000422916
    2.583305509    0.004627351    0.000570422    0.000478925
    2.590484140    0.005166512    0.000562306    0.000568126
    2.597662771    0.005784238    0.000618321    0.000692682
    2.604841402    0.006265269    0.000714680    0.000847677
    2.612020033    0.006291336    0.000828066    0.001018145
    2.619198664    0.006071159    0.000937079    0.001184180
    2.626377295    0.005843927    0.001015998    0.001316620
    2.633555927    0.005756190    0.001045173    0.001390560
    2.640734558    0.005631696    0.001008788    0.001374394
    2.647913189    0.005215044    0.000899285    0.001242161
    2.655091820    0.004756048    0.000745431    0.001036070
    2.662270451    0.004472294    0.000586559    0.000819418
    2.669449082    0.004381584    0.000455433    0.000635803
    2.676627713    0.004461187    0.000381556    0.000507253
    2.683806344    0.004659814    0.000391222    0.000437373
    2.690984975    0.004666006    0.000509159    0.000420133
    2.698163606    0.004409290    0.000753648    0.000449435
    2.705342237    0.004124578    0.001121857    0.000519434
    2.712520868    0.003942257    0.001576078    0.000619324
    2.719699499    0.003921313    0.002055392    0.000735680
    2.726878130    0.004043148    0.002523318    0.000859134
    2.734056761    0.004163790    0.003007216    0.000986136
    2.741235392    0.004262548    0.003417614    0.001122185
    2.748414023    0.004379299    0.003556056    0.001274181
    2.755592654    0.004540870    0.003514585    0.001440817
    2.762771285    0.004756297    0.003453150    0.001604208
    2.769949917    0.005009083    0.003498365    0.001739405
    2.777128548    0.004937170    0.003545284    0.001795514
    2.784307179    0.004345918    0.003404782    0.001724481
    2.791485810    0.003465381    0.003245684    0.001541130
    2.798664441    0.002497193    0.003208962    0.001311871
    2.805843072    0.001679271    0.003312856    0.001116844
    2.813021703    0.001143200    0.003562870    0.000999013
    2.820200334    0.000933179    0.004046179    0.000963031
    2.827378965    0.001078292    0.004523562    0.000984756
    2.834557596    0.001621157    0.004547261    0.001034682
    2.841736227    0.002592268    0.004312759    0.001099686
    2.848914858    0.003942300    0.004102348    0.001167444
    2.856093489    0.005491736    0.004076425    0.001228779
    2.863272120    0.006951691    0.004045858    0.001276927
    2.870450751    0.008249593    0.003701507    0.001296746
    2.877629382    0.010253899    0.003167956    0.001284779
    2.884808013    0.013867113    0.002663478    0.001247983
    2.891986644    0.015258155    0.002341544    0.001190815
    2.899165275    0.012984689    0.002290924    0.001145453
    2.906343907    0.010288932    0.002602206    0.001165726
    2.913522538    0.008407940    0.003235211    0.001297910
    2.920701169    0.007558655    0.004039884    0.001578765
    2.927879800    0.007907618    0.004886637    0.002018559
    2.935058431    0.009023376    0.005632878    0.002577099
    2.942237062    0.009780263    0.006410175    0.003186455
    2.949415693    0.010244368    0.008208329    0.003841175
    2.956594324    0.011377287    0.012278304    0.004522262
    2.963772955    0.014755571    0.016242864    0.005037431
    2.970951586    0.018955528    0.017022052    0.005214075
    2.978130217    0.018821551    0.015404177    0.005052492
    2.985308848    0.017267303    0.014878350    0.004853900
    2.992487479    0.018738980    0.017415738    0.004739918
    2.999666110    0.028597418    0.022514076    0.004651231
    3.006844741    0.032731343    0.023703776    0.004489942
    3.014023372    0.030765834    0.022295885    0.004176135
    3.021202003    0.034050652    0.024119599    0.003806465
    3.028380634    0.043530457    0.030873843    0.003509142
    3.035559265    0.063355443    0.042973360    0.003338144
    3.042737896    0.100205812    0.058802227    0.003267899
    3.049916528    0.153266349    0.071451725    0.003248866
    3.057095159    0.190104401    0.084447053    0.003256721
    3.064273790    0.202179391    0.091840581    0.003315616
    3.071452421    0.216874841    0.089619574    0.003431524
    3.078631052    0.243942319    0.087629129    0.003500313
    3.085809683    0.259581922    0.082705791    0.003510870
    3.092988314    0.199269652    0.064499633    0.003396614
    3.100166945    0.102620062    0.066227680    0.003065405
    3.107345576    0.053467098    0.090864858    0.002714416
    3.114524207    0.036860051    0.139328552    0.002496821
    3.121702838    0.031860605    0.187915918    0.002447038
    3.128881469    0.029893034    0.189530453    0.002506789
    3.136060100    0.028402910    0.159581502    0.002574421
    3.143238731    0.029127721    0.150670256    0.002592502
    3.150417362    0.036335486    0.172293433    0.002560087
    3.157595993    0.053306897    0.185605310    0.002433711
    3.164774624    0.071088065    0.207144779    0.002199477
    3.171953255    0.071901042    0.242116023    0.001915077
    3.179131886    0.062283946    0.246402717    0.001610574
    3.186310518    0.049182163    0.198069089    0.001328255
    3.193489149    0.040786060    0.129459516    0.001110803
    3.200667780    0.043207383    0.086779349    0.000970473
    3.207846411    0.052812651    0.072669122    0.000902913
    3.215025042    0.036674985    0.062727980    0.000890762
    3.222203673    0.031597701    0.047502123    0.000921499
    3.229382304    0.034665536    0.036164181    0.001003011
    3.236560935    0.040871804    0.030060691    0.001136200
    3.243739566    0.049284178    0.027579657    0.001307720
    3.250918197    0.061605181    0.028289611    0.001499485
    3.258096828    0.083326814    0.031604366    0.001689742
    3.265275459    0.122098800    0.035624067    0.001852610
    3.272454090    0.171642845    0.041961151    0.001950804
    3.279632721    0.193370065    0.048646129    0.001959372
    3.286811352    0.180376893    0.045716882    0.001942623
    3.293989983    0.196442245    0.034986138    0.001961665
    3.301168614    0.233285473    0.024881885    0.002059869
    3.308347245    0.245574634    0.018421915    0.002270588
    3.315525876    0.230477268    0.015079910    0.002585584
    3.322704508    0.195015172    0.013250744    0.002865785
    3.329883139    0.186038846    0.012009041    0.003024730
    3.337061770    0.206058033    0.011167440    0.003106434
    3.344240401    0.213210354    0.010721814    0.003206520
    3.351419032    0.232630041    0.010057199    0.003154480
    3.358597663    0.308433007    0.009078267    0.002832769
    3.365776294    0.415410418    0.008384076    0.002483798
    3.372954925    0.546266165    0.008089494    0.002252885
    3.380133556    0.784997501    0.007552382    0.002164308
    3.387312187    0.826704561    0.006869079    0.002212320
    3.394490818    0.544073290    0.006466913    0.002306623
    3.401669449    0.312547565    0.006495055    0.002369117
    3.408848080    0.204944567    0.006906232    0.002440227
    3.416026711    0.157664701    0.007462831    0.002539528
    3.423205342    0.140809374    0.008160223    0.002678811
    3.430383973    0.139127886    0.008967316    0.002857589
    3.437562604    0.132665155    0.009325272    0.002986666
    3.444741235    0.127021868    0.009051378    0.003074465
    3.451919866    0.139276796    0.008457714    0.003186262
    3.459098497    0.166475136    0.007911636    0.003380443
    3.466277129    0.184565798    0.007467161    0.003653047
    3.473455760    0.216048137    0.007231150    0.004069786
    3.480634391    0.249299099    0.007181030    0.004713210
    3.487813022    0.279159949    0.007381329    0.005493428
    3.494991653    0.305709628    0.007424618    0.005808777
    3.502170284    0.308400032    0.006868219    0.005328157
    3.509348915    0.292458728    0.006235068    0.004769840
    3.516527546    0.251961659    0.005773788    0.004346990
    3.523706177    0.222470268    0.005584738    0.004103997
    3.530884808    0.202732132    0.005614780    0.004001258
    3.538063439    0.165678033    0.005722381    0.004053102
    3.545242070    0.130310891    0.005950007    0.004323030
    3.552420701    0.109880787    0.006531234    0.004868957
    3.559599332    0.103638707    0.007207263    0.005403554
    3.566777963    0.103336148    0.007262855    0.005288861
    3.573956594    0.096141658    0.006946307    0.004910032
    3.581135225    0.080151156    0.006571808    0.004659107
    3.588313856    0.066121825    0.006310413    0.004571820
    3.595492487    0.059454182    0.006423655    0.004786466
    3.602671119    0.059133908    0.007222297    0.005748400
    3.609849750    0.060303788    0.008591113    0.008023618
    3.617028381    0.062950708    0.009258662    0.010466824
    3.624207012    0.062271686    0.008474358    0.010222634
    3.631385643    0.055062474    0.007401924    0.008552092
    3.638564274    0.048550780    0.006929041    0.007539232
    3.645742905    0.046253426    0.007152586    0.007382291
    3.652921536    0.046525819    0.007503122    0.007433749
    3.660100167    0.047157024    0.007379585    0.007298845
    3.667278798    0.046332810    0.007072345    0.007192946
    3.674457429    0.041516413    0.006905695    0.007265223
    3.681636060    0.036682238    0.007084169    0.007682242
    3.688814691    0.034238107    0.007292172    0.007929648
    3.695993322    0.031901185    0.007176851    0.007690453
    3.703171953    0.030252339    0.007091912    0.007350215
    3.710350584    0.030116170    0.007338059    0.007170957
    3.717529215    0.031277802    0.007757591    0.007225093
    3.724707846    0.035133122    0.007656748    0.006865091
    3.731886477    0.046626814    0.007552017    0.006585358
    3.739065109    0.058752817    0.009201962    0.007841751
    3.746243740    0.055637003    0.015101369    0.012015179
    3.753422371    0.045493222    0.019198967    0.014948560
    3.760601002    0.035713600    0.021013569    0.016191574
    3.767779633    0.028600619    0.023485950    0.017234549
    3.774958264    0.024452270    0.025455882    0.017687060
    3.782136895    0.022347728    0.027159492    0.018473741
    3.789315526    0.021690295    0.027935316    0.019184290
    3.796494157    0.022177242    0.026662277    0.018843756
    3.803672788    0.023309328    0.024714375    0.018153565
    3.810851419    0.025105887    0.023460811    0.017802437
    3.818030050    0.026635607    0.023209312    0.018276211
    3.825208681    0.027623324    0.022268639    0.018331396
    3.832387312    0.029838781    0.019616268    0.017163397
    3.839565943    0.040247853    0.017355923    0.015625837
    3.846744574    0.072797413    0.018291127    0.015912727
    3.853923205    0.103562656    0.018764383    0.016120653
    3.861101836    0.105866843    0.017193158    0.015187789
    3.868280467    0.089346697    0.017521215    0.015418297
    3.875459098    0.069617530    0.018454526    0.015815201
    3.882637730    0.057436922    0.019368859    0.016213858
    3.889816361    0.056920358    0.020007183    0.016629918
    3.896994992    0.060136286    0.017646733    0.014835319
    3.904173623    0.055202206    0.012686623    0.011077786
    3.911352254    0.049040400    0.011384920    0.010192811
    3.918530885    0.049404765    0.012782928    0.011566975
    3.925709516    0.069108056    0.015611756    0.014279032
    3.932888147    0.103292830    0.018577016    0.017254480
    3.940066778    0.116209436    0.019485080    0.018526182
    3.947245409    0.126003106    0.014969529    0.015026162
    3.954424040    0.138003074    0.009057894    0.009670199
    3.961602671    0.165469939    0.007010542    0.007762298
    3.968781302    0.207318288    0.006569059    0.007611083
    3.975959933    0.254784422    0.006220779    0.007715960
    3.983138564    0.297227613    0.005575057    0.007536985
    3.990317195    0.265781003    0.004712232    0.007042187
    3.997495826    0.169638950    0.003917732    0.006434121
    4.004674457    0.104138205    0.003447727    0.006212024
    4.011853088    0.076299587    0.003163333    0.006136998
    4.019031720    0.067466692    0.002997827    0.006195646
    4.026210351    0.066587313    0.002930923    0.006577005
    4.033388982    0.068905094    0.002984177    0.007611873
    4.040567613    0.073778556    0.003213418    0.009879991
    4.047746244    0.077352323    0.003612743    0.013756194
    4.054924875    0.075691808    0.004109986    0.018588898
    4.062103506    0.070613047    0.004539413    0.021817175
    4.069282137    0.065074844    0.004906980    0.023902512
    4.076460768    0.059379863    0.005322411    0.026942955
    4.083639399    0.055082643    0.005656940    0.031094338
    4.090818030    0.051891353    0.005878564    0.037678570
    4.097996661    0.050496652    0.005989948    0.046120014
    4.105175292    0.049861157    0.005983223    0.057699999
    4.112353923    0.046361685    0.006085870    0.074193193
    4.119532554    0.042606588    0.006448078    0.089832264
    4.126711185    0.040037337    0.007247782    0.100418280
    4.133889816    0.039624068    0.008829876    0.102482847
    4.141068447    0.040706764    0.011207563    0.094613042
    4.148247078    0.040921828    0.014000604    0.089075660
    4.155425710    0.041131183    0.016909188    0.090481953
    4.162604341    0.039596124    0.018876964    0.092277264
    4.169782972    0.035437098    0.018180332    0.090558784
    4.176961603    0.031666406    0.016700189    0.085860343
    4.184140234    0.029041574    0.016820423    0.084181002
    4.191318865    0.026580471    0.018397416    0.085667812
    4.198497496    0.025558776    0.020997049    0.084241483
    4.205676127    0.026763544    0.024033615    0.082864043
    4.212854758    0.026803807    0.027089226    0.079354894
    4.220033389    0.024037166    0.032110251    0.077856757
    4.227212020    0.021541287    0.039286286    0.073563005
    4.234390651    0.021131213    0.044228859    0.064787335
    4.241569282    0.022403641    0.044267505    0.059310807
    4.248747913    0.023874872    0.042221658    0.055283978
    4.255926544    0.025738106    0.039272890    0.052693339
    4.263105175    0.029245964    0.037619197    0.049102737
    4.270283806    0.034422547    0.039219668    0.045953043
    4.277462437    0.040967684    0.041905915    0.046238075
    4.284641068    0.048587271    0.041695538    0.046060931
    4.291819699    0.058563597    0.039108772    0.042601303
    4.298998331    0.065744519    0.038252223    0.042034270
    4.306176962    0.066984502    0.041957347    0.044858109
    4.313355593    0.060988236    0.055017438    0.048900771
    4.320534224    0.045296368    0.088264450    0.062934791
    4.327712855    0.031499068    0.152276684    0.099042831
    4.334891486    0.024905865    0.206725781    0.151016823
    4.342070117    0.022696626    0.196641703    0.146124156
    4.349248748    0.022170968    0.160286159    0.091317893
    4.356427379    0.022822567    0.135285642    0.058302637
    4.363606010    0.026270546    0.093580014    0.046099691
    4.370784641    0.033189981    0.058347499    0.046642767
    4.377963272    0.042982702    0.051528595    0.049563037
    4.385141903    0.054526971    0.053314361    0.049447231
    4.392320534    0.064980587    0.055640398    0.047691537
    4.399499165    0.074428464    0.056007393    0.043643378
    4.406677796    0.088435562    0.060563079    0.043480903
    4.413856427    0.103859367    0.076254906    0.053431377
    4.421035058    0.103654629    0.104586296    0.072326430
    4.428213689    0.092717201    0.132633558    0.093006242
    4.435392321    0.091717379    0.131283518    0.112458698
    4.442570952    0.096802695    0.098062163    0.126970639
    4.449749583    0.104389801    0.073553485    0.130678962
    4.456928214    0.100902255    0.069894671    0.117721527
    4.464106845    0.081520285    0.077655750    0.091835298
    4.471285476    0.059995026    0.096013027    0.069304502
    4.478464107    0.042649559    0.126198558    0.057428086
    4.485642738    0.033772758    0.157765514    0.056427179
    4.492821369    0.031480391    0.192484690    0.051664754
    4.500000000    0.031320892    0.229186344    0.040772924
