# energy grid [eV]     epsi_x  epsi_y  epsi_z
#
    0.200000000    0.000000000    0.000000000    0.000000000
    0.207178631    0.000000000    0.000000000    0.000000000
    0.214357262    0.000000000    0.000000000    0.000000000
    0.221535893    0.000000000    0.000000000    0.000000000
    0.228714524    0.000000000    0.000000000    0.000000000
    0.235893155    0.000000000    0.000000000    0.000000000
    0.243071786    0.000000000    0.000000000    0.000000000
    0.250250417    0.000000000    0.000000000    0.000000000
    0.257429048    0.000000000    0.000000000    0.000000000
    0.264607679    0.000000000    0.000000000    0.000000000
    0.271786311    0.000000000    0.000000000    0.000000000
    0.278964942    0.000000000    0.000000000    0.000000000
    0.286143573    0.000000000    0.000000000    0.000000000
    0.293322204    0.000000000    0.000000000    0.000000000
    0.300500835    0.000000000    0.000000000    0.000000000
    0.307679466    0.000000000    0.000000000    0.000000000
    0.314858097    0.000000000    0.000000000    0.000000000
    0.322036728    0.000000000    0.000000000    0.000000000
    0.329215359    0.000000000    0.000000000    0.000000000
    0.336393990    0.000000000    0.000000000    0.000000000
    0.343572621    0.000000000    0.000000000    0.000000000
    0.350751252    0.000000000    0.000000000    0.000000000
    0.357929883    0.000000000    0.000000000    0.000000000
    0.365108514    0.000000000    0.000000000    0.000000000
    0.372287145    0.000000000    0.000000000    0.000000000
    0.379465776    0.000000000    0.000000000    0.000000000
    0.386644407    0.000000000    0.000000000    0.000000000
    0.393823038    0.000000000    0.000000000    0.000000000
    0.401001669    0.000000000    0.000000000    0.000000000
    0.408180301    0.000000000    0.000000000    0.000000000
    0.415358932    0.000000000    0.000000000    0.000000000
    0.422537563    0.000000000    0.000000000    0.000000000
    0.429716194    0.000000000    0.000000000    0.000000000
    0.436894825    0.000000000    0.000000000    0.000000000
    0.444073456    0.000000000    0.000000000    0.000000000
    0.451252087    0.000000000    0.000000000    0.000000000
    0.458430718    0.000000000    0.000000000    0.000000000
    0.465609349    0.000000000    0.000000000    0.000000000
    0.472787980    0.000000000    0.000000000    0.000000000
    0.479966611    0.000000000    0.000000000    0.000000000
    0.487145242    0.000000000    0.000000000    0.000000000
    0.494323873    0.000000000    0.000000000    0.000000000
    0.501502504    0.000000000    0.000000000    0.000000000
    0.508681135    0.000000000    0.000000000    0.000000000
    0.515859766    0.000000000    0.000000000    0.000000000
    0.523038397    0.000000000    0.000000000    0.000000000
    0.530217028    0.000000000    0.000000000    0.000000000
    0.537395659    0.000000000    0.000000000    0.000000000
    0.544574290    0.000000000    0.000000000    0.000000000
    0.551752922    0.000000000    0.000000000    0.000000000
    0.558931553    0.000000000    0.000000000    0.000000000
    0.566110184    0.000000000    0.000000000    0.000000000
    0.573288815    0.000000000    0.000000000    0.000000000
    0.580467446    0.000000000    0.000000000    0.000000000
    0.587646077    0.000000000    0.000000000    0.000000000
    0.594824708    0.000000000    0.000000000    0.000000000
    0.602003339    0.000000000    0.000000000    0.000000000
    0.609181970    0.000000000    0.000000000    0.000000000
    0.616360601    0.000000000    0.000000000    0.000000000
    0.623539232    0.000000000    0.000000000    0.000000000
    0.630717863    0.000000000    0.000000000    0.000000000
    0.637896494    0.000000000    0.000000000    0.000000000
    0.645075125    0.000000000    0.000000001    0.000000001
    0.652253756    0.000000000    0.000000003    0.000000002
    0.659432387    0.000000000    0.000000008    0.000000005
    0.666611018    0.000000000    0.000000016    0.000000011
    0.673789649    0.000000000    0.000000030    0.000000020
    0.680968280    0.000000000    0.000000050    0.000000033
    0.688146912    0.000000000    0.000000074    0.000000049
    0.695325543    0.000000000    0.000000097    0.000000065
    0.702504174    0.000000000    0.000000114    0.000000076
    0.709682805    0.000000000    0.000000119    0.000000080
    0.716861436    0.000000000    0.000000111    0.000000074
    0.724040067    0.000000000    0.000000092    0.000000062
    0.731218698    0.000000000    0.000000069    0.000000046
    0.738397329    0.000000000    0.000000045    0.000000030
    0.745575960    0.000000000    0.000000027    0.000000018
    0.752754591    0.000000000    0.000000015    0.000000010
    0.759933222    0.000000000    0.000000008    0.000000007
    0.767111853    0.000000000    0.000000004    0.000000006
    0.774290484    0.000000000    0.000000004    0.000000008
    0.781469115    0.000000000    0.000000005    0.000000011
    0.788647746    0.000000000    0.000000006    0.000000014
    0.795826377    0.000000000    0.000000007    0.000000017
    0.803005008    0.000000000    0.000000008    0.000000018
    0.810183639    0.000000000    0.000000008    0.000000018
    0.817362270    0.000000000    0.000000007    0.000000015
    0.824540902    0.000000000    0.000000005    0.000000012
    0.831719533    0.000000000    0.000000003    0.000000008
    0.838898164    0.000000000    0.000000002    0.000000005
    0.846076795    0.000000000    0.000000001    0.000000003
    0.853255426    0.000000000    0.000000001    0.000000001
    0.860434057    0.000000000    0.000000000    0.000000001
    0.867612688    0.000000000    0.000000000    0.000000000
    0.874791319    0.000000000    0.000000000    0.000000000
    0.881969950    0.000000000    0.000000000    0.000000000
    0.889148581    0.000000000    0.000000000    0.000000000
    0.896327212    0.000000000    0.000000000    0.000000000
    0.903505843    0.000000000    0.000000000    0.000000000
    0.910684474    0.000000000    0.000000000    0.000000000
    0.917863105    0.000000000    0.000000000    0.000000000
    0.925041736    0.000000000    0.000000000    0.000000000
    0.932220367    0.000000000    0.000000000    0.000000000
    0.939398998    0.000000000    0.000000001    0.000000001
    0.946577629    0.000000001    0.000000003    0.000000002
    0.953756260    0.000000003    0.000000007    0.000000004
    0.960934891    0.000000005    0.000000014    0.000000008
    0.968113523    0.000000010    0.000000026    0.000000016
    0.975292154    0.000000016    0.000000041    0.000000027
    0.982470785    0.000000025    0.000000060    0.000000041
    0.989649416    0.000000033    0.000000077    0.000000056
    0.996828047    0.000000040    0.000000088    0.000000069
    1.004006678    0.000000044    0.000000091    0.000000076
    1.011185309    0.000000042    0.000000085    0.000000076
    1.018363940    0.000000037    0.000000070    0.000000068
    1.025542571    0.000000029    0.000000053    0.000000054
    1.032721202    0.000000021    0.000000036    0.000000039
    1.039899833    0.000000013    0.000000024    0.000000026
    1.047078464    0.000000008    0.000000017    0.000000017
    1.054257095    0.000000005    0.000000015    0.000000012
    1.061435726    0.000000003    0.000000019    0.000000012
    1.068614357    0.000000003    0.000000026    0.000000015
    1.075792988    0.000000003    0.000000035    0.000000020
    1.082971619    0.000000004    0.000000042    0.000000025
    1.090150250    0.000000005    0.000000047    0.000000029
    1.097328881    0.000000005    0.000000047    0.000000032
    1.104507513    0.000000006    0.000000043    0.000000031
    1.111686144    0.000000007    0.000000036    0.000000028
    1.118864775    0.000000011    0.000000028    0.000000025
    1.126043406    0.000000016    0.000000021    0.000000022
    1.133222037    0.000000024    0.000000018    0.000000022
    1.140400668    0.000000032    0.000000018    0.000000026
    1.147579299    0.000000039    0.000000022    0.000000033
    1.154757930    0.000000043    0.000000029    0.000000042
    1.161936561    0.000000043    0.000000038    0.000000053
    1.169115192    0.000000038    0.000000046    0.000000063
    1.176293823    0.000000030    0.000000051    0.000000069
    1.183472454    0.000000021    0.000000052    0.000000068
    1.190651085    0.000000013    0.000000048    0.000000062
    1.197829716    0.000000008    0.000000040    0.000000052
    1.205008347    0.000000005    0.000000031    0.000000040
    1.212186978    0.000000005    0.000000024    0.000000030
    1.219365609    0.000000007    0.000000021    0.000000024
    1.226544240    0.000000010    0.000000022    0.000000023
    1.233722871    0.000000014    0.000000026    0.000000025
    1.240901503    0.000000018    0.000000031    0.000000028
    1.248080134    0.000000021    0.000000035    0.000000031
    1.255258765    0.000000021    0.000000036    0.000000031
    1.262437396    0.000000020    0.000000033    0.000000028
    1.269616027    0.000000016    0.000000027    0.000000023
    1.276794658    0.000000012    0.000000020    0.000000016
    1.283973289    0.000000008    0.000000013    0.000000010
    1.291151920    0.000000005    0.000000008    0.000000006
    1.298330551    0.000000002    0.000000004    0.000000003
    1.305509182    0.000000001    0.000000002    0.000000001
    1.312687813    0.000000000    0.000000001    0.000000001
    1.319866444    0.000000000    0.000000000    0.000000000
    1.327045075    0.000000000    0.000000000    0.000000000
    1.334223706    0.000000000    0.000000000    0.000000000
    1.341402337    0.000000000    0.000000000    0.000000000
    1.348580968    0.000000000    0.000000000    0.000000000
    1.355759599    0.000000000    0.000000000    0.000000000
    1.362938230    0.000000000    0.000000000    0.000000000
    1.370116861    0.000000000    0.000000000    0.000000000
    1.377295492    0.000000000    0.000000000    0.000000000
    1.384474124    0.000000000    0.000000000    0.000000000
    1.391652755    0.000000000    0.000000001    0.000000000
    1.398831386    0.000000000    0.000000001    0.000000000
    1.406010017    0.000000001    0.000000002    0.000000001
    1.413188648    0.000000001    0.000000003    0.000000001
    1.420367279    0.000000002    0.000000005    0.000000002
    1.427545910    0.000000002    0.000000006    0.000000003
    1.434724541    0.000000003    0.000000007    0.000000004
    1.441903172    0.000000003    0.000000007    0.000000005
    1.449081803    0.000000003    0.000000007    0.000000005
    1.456260434    0.000000003    0.000000005    0.000000005
    1.463439065    0.000000002    0.000000004    0.000000005
    1.470617696    0.000000002    0.000000003    0.000000004
    1.477796327    0.000000003    0.000000002    0.000000003
    1.484974958    0.000000005    0.000000001    0.000000002
    1.492153589    0.000000010    0.000000001    0.000000001
    1.499332220    0.000000020    0.000000002    0.000000001
    1.506510851    0.000000035    0.000000002    0.000000002
    1.513689482    0.000000056    0.000000003    0.000000002
    1.520868114    0.000000080    0.000000004    0.000000003
    1.528046745    0.000000101    0.000000005    0.000000003
    1.535225376    0.000000114    0.000000006    0.000000003
    1.542404007    0.000000115    0.000000006    0.000000003
    1.549582638    0.000000103    0.000000005    0.000000003
    1.556761269    0.000000083    0.000000004    0.000000002
    1.563939900    0.000000059    0.000000004    0.000000002
    1.571118531    0.000000038    0.000000003    0.000000002
    1.578297162    0.000000022    0.000000004    0.000000003
    1.585475793    0.000000012    0.000000006    0.000000005
    1.592654424    0.000000006    0.000000009    0.000000008
    1.599833055    0.000000003    0.000000015    0.000000013
    1.607011686    0.000000002    0.000000022    0.000000020
    1.614190317    0.000000001    0.000000031    0.000000029
    1.621368948    0.000000001    0.000000040    0.000000038
    1.628547579    0.000000001    0.000000048    0.000000046
    1.635726210    0.000000001    0.000000056    0.000000056
    1.642904841    0.000000002    0.000000069    0.000000072
    1.650083472    0.000000003    0.000000099    0.000000107
    1.657262104    0.000000005    0.000000161    0.000000179
    1.664440735    0.000000008    0.000000273    0.000000305
    1.671619366    0.000000013    0.000000442    0.000000492
    1.678797997    0.000000019    0.000000657    0.000000726
    1.685976628    0.000000025    0.000000881    0.000000964
    1.693155259    0.000000030    0.000001062    0.000001150
    1.700333890    0.000000031    0.000001149    0.000001230
    1.707512521    0.000000030    0.000001123    0.000001185
    1.714691152    0.000000025    0.000001005    0.000001037
    1.721869783    0.000000021    0.000000858    0.000000848
    1.729048414    0.000000018    0.000000767    0.000000703
    1.736227045    0.000000020    0.000000822    0.000000687
    1.743405676    0.000000032    0.000001097    0.000000878
    1.750584307    0.000000058    0.000001630    0.000001331
    1.757762938    0.000000100    0.000002401    0.000002055
    1.764941569    0.000000157    0.000003312    0.000002982
    1.772120200    0.000000222    0.000004188    0.000003952
    1.779298831    0.000000280    0.000004817    0.000004742
    1.786477462    0.000000315    0.000005026    0.000005137
    1.793656093    0.000000317    0.000004748    0.000005021
    1.800834725    0.000000287    0.000004059    0.000004438
    1.808013356    0.000000234    0.000003143    0.000003562
    1.815191987    0.000000172    0.000002210    0.000002623
    1.822370618    0.000000117    0.000001426    0.000001809
    1.829549249    0.000000074    0.000000865    0.000001214
    1.836727880    0.000000046    0.000000522    0.000000839
    1.843906511    0.000000028    0.000000344    0.000000628
    1.851085142    0.000000018    0.000000267    0.000000515
    1.858263773    0.000000013    0.000000236    0.000000445
    1.865442404    0.000000011    0.000000215    0.000000386
    1.872621035    0.000000013    0.000000191    0.000000329
    1.879799666    0.000000018    0.000000162    0.000000281
    1.886978297    0.000000025    0.000000137    0.000000255
    1.894156928    0.000000036    0.000000125    0.000000264
    1.901335559    0.000000049    0.000000137    0.000000317
    1.908514190    0.000000065    0.000000190    0.000000414
    1.915692821    0.000000082    0.000000307    0.000000556
    1.922871452    0.000000106    0.000000520    0.000000752
    1.930050083    0.000000147    0.000000864    0.000001025
    1.937228715    0.000000227    0.000001354    0.000001396
    1.944407346    0.000000380    0.000001965    0.000001871
    1.951585977    0.000000649    0.000002618    0.000002412
    1.958764608    0.000001074    0.000003198    0.000002934
    1.965943239    0.000001667    0.000003588    0.000003331
    1.973121870    0.000002382    0.000003723    0.000003518
    1.980300501    0.000003110    0.000003604    0.000003469
    1.987479132    0.000003692    0.000003294    0.000003218
    1.994657763    0.000003980    0.000002879    0.000002839
    2.001836394    0.000003906    0.000002436    0.000002412
    2.009015025    0.000003522    0.000002017    0.000002004
    2.016193656    0.000002985    0.000001657    0.000001662
    2.023372287    0.000002497    0.000001380    0.000001413
    2.030550918    0.000002220    0.000001196    0.000001266
    2.037729549    0.000002212    0.000001101    0.000001213
    2.044908180    0.000002426    0.000001076    0.000001232
    2.052086811    0.000002737    0.000001088    0.000001291
    2.059265442    0.000003007    0.000001107    0.000001357
    2.066444073    0.000003136    0.000001113    0.000001405
    2.073622705    0.000003084    0.000001106    0.000001422
    2.080801336    0.000002874    0.000001111    0.000001422
    2.087979967    0.000002573    0.000001171    0.000001448
    2.095158598    0.000002269    0.000001337    0.000001561
    2.102337229    0.000002048    0.000001645    0.000001815
    2.109515860    0.000001959    0.000002091    0.000002222
    2.116694491    0.000001997    0.000002620    0.000002729
    2.123873122    0.000002101    0.000003136    0.000003226
    2.131051753    0.000002176    0.000003536    0.000003580
    2.138230384    0.000002145    0.000003748    0.000003694
    2.145409015    0.000001974    0.000003751    0.000003538
    2.152587646    0.000001687    0.000003567    0.000003156
    2.159766277    0.000001343    0.000003234    0.000002643
    2.166944908    0.000001007    0.000002796    0.000002106
    2.174123539    0.000000732    0.000002300    0.000001639
    2.181302170    0.000000555    0.000001805    0.000001308
    2.188480801    0.000000498    0.000001381    0.000001159
    2.195659432    0.000000573    0.000001094    0.000001216
    2.202838063    0.000000780    0.000000995    0.000001477
    2.210016694    0.000001105    0.000001117    0.000001901
    2.217195326    0.000001514    0.000001473    0.000002410
    2.224373957    0.000001968    0.000002061    0.000002919
    2.231552588    0.000002428    0.000002849    0.000003367
    2.238731219    0.000002865    0.000003759    0.000003735
    2.245909850    0.000003255    0.000004657    0.000004029
    2.253088481    0.000003574    0.000005375    0.000004241
    2.260267112    0.000003804    0.000005755    0.000004320
    2.267445743    0.000003938    0.000005714    0.000004196
    2.274624374    0.000003985    0.000005279    0.000003836
    2.281803005    0.000003961    0.000004573    0.000003277
    2.288981636    0.000003860    0.000003760    0.000002622
    2.296160267    0.000003657    0.000002986    0.000001997
    2.303338898    0.000003330    0.000002338    0.000001497
    2.310517529    0.000002894    0.000001853    0.000001174
    2.317696160    0.000002421    0.000001533    0.000001036
    2.324874791    0.000002008    0.000001368    0.000001074
    2.332053422    0.000001737    0.000001340    0.000001260
    2.339232053    0.000001640    0.000001424    0.000001560
    2.346410684    0.000001694    0.000001595    0.000001925
    2.353589316    0.000001846    0.000001831    0.000002307
    2.360767947    0.000002033    0.000002129    0.000002665
    2.367946578    0.000002203    0.000002501    0.000002979
    2.375125209    0.000002321    0.000002962    0.000003251
    2.382303840    0.000002371    0.000003508    0.000003495
    2.389482471    0.000002356    0.000004086    0.000003707
    2.396661102    0.000002287    0.000004589    0.000003854
    2.403839733    0.000002178    0.000004874    0.000003873
    2.411018364    0.000002046    0.000004824    0.000003712
    2.418196995    0.000001917    0.000004411    0.000003376
    2.425375626    0.000001829    0.000003731    0.000002944
    2.432554257    0.000001815    0.000002967    0.000002544
    2.439732888    0.000001884    0.000002338    0.000002315
    2.446911519    0.000002009    0.000002036    0.000002374
    2.454090150    0.000002138    0.000002212    0.000002811
    2.461268781    0.000002213    0.000002962    0.000003684
    2.468447412    0.000002195    0.000004307    0.000004991
    2.475626043    0.000002069    0.000006129    0.000006620
    2.482804674    0.000001853    0.000008145    0.000008320
    2.489983306    0.000001582    0.000009935    0.000009748
    2.497161937    0.000001307    0.000011076    0.000010576
    2.504340568    0.000001088    0.000011305    0.000010626
    2.511519199    0.000000986    0.000010630    0.000009942
    2.518697830    0.000001070    0.000009304    0.000008772
    2.525876461    0.000001403    0.000007707    0.000007455
    2.533055092    0.000002028    0.000006189    0.000006297
    2.540233723    0.000002927    0.000004971    0.000005475
    2.547412354    0.000003987    0.000004126    0.000005013
    2.554590985    0.000005001    0.000003622    0.000004821
    2.561769616    0.000005730    0.000003395    0.000004766
    2.568948247    0.000006009    0.000003391    0.000004745
    2.576126878    0.000005821    0.000003587    0.000004717
    2.583305509    0.000005294    0.000003964    0.000004691
    2.590484140    0.000004624    0.000004471    0.000004688
    2.597662771    0.000003971    0.000005009    0.000004705
    2.604841402    0.000003402    0.000005442    0.000004716
    2.612020033    0.000002905    0.000005655    0.000004685
    2.619198664    0.000002439    0.000005601    0.000004589
    2.626377295    0.000001984    0.000005326    0.000004430
    2.633555927    0.000001556    0.000004936    0.000004231
    2.640734558    0.000001190    0.000004549    0.000004030
    2.647913189    0.000000914    0.000004263    0.000003882
    2.655091820    0.000000730    0.000004179    0.000003899
    2.662270451    0.000000613    0.000004536    0.000004343
    2.669449082    0.000000532    0.000005955    0.000005854
    2.676627713    0.000000458    0.000009890    0.000009877
    2.683806344    0.000000383    0.000019825    0.000019861
    2.690984975    0.000000312    0.000047141    0.000047136
    2.698163606    0.000000256    0.000143508    0.000143248
    2.705342237    0.000000224    0.000560428    0.000559160
    2.712520868    0.000000221    0.002427342    0.002421800
    2.719699499    0.000000255    0.010231605    0.010208386
    2.726878130    0.000000352    0.039583245    0.039493487
    2.734056761    0.000000590    0.137777304    0.137464587
    2.741235392    0.000001157    0.428806519    0.427832398
    2.748414023    0.000002431    1.191118414    1.188411127
    2.755592654    0.000005079    2.951324657    2.944614727
    2.762771285    0.000010124    6.521920392    6.507090447
    2.769949917    0.000018892   12.853131973   12.823903508
    2.777128548    0.000032738   22.589727360   22.538355487
    2.784307179    0.000052564   35.406226578   35.325706795
    2.791485810    0.000078244   49.489647318   49.377098747
    2.798664441    0.000108237   61.690027382   61.549733628
    2.805843072    0.000139601   68.577461954   68.421507713
    2.813021703    0.000168622   67.985090971   67.830489155
    2.820200334    0.000193157   60.105165031   59.968491601
    2.827378965    0.000223342   47.388806099   47.281067396
    2.834557596    0.000334367   33.320056989   33.244369008
    2.841736227    0.000906716   20.893087684   20.845926827
    2.848914858    0.003589545   11.683526135   11.658525058
    2.856093489    0.014645391    5.827502129    5.820795862
    2.863272120    0.054879600    2.595724924    2.614451511
    2.870450751    0.184431615    1.043184414    1.123642088
    2.877629382    0.553358077    0.410114952    0.657715798
    2.884808013    1.480957043    0.239721244    0.904241063
    2.891986644    3.534832048    0.332067522    1.918225374
    2.899165275    7.524413862    0.651985005    4.026268994
    2.906343907   14.284267964    1.246334430    7.643422297
    2.913522538   24.184606420    2.184214460   12.985162585
    2.920701169   36.521318717    3.534795726   19.753031447
    2.927879800   49.197523112    5.413331419   27.006725433
    2.935058431   59.136814300    8.105434283   33.438237040
    2.942237062   63.467622288   12.193272551   38.019272515
    2.949415693   60.891528242   18.502187259   40.627883265
    2.956594324   52.352737249   27.693828808   42.122735278
    2.963772955   40.533307238   39.561081228   43.669662343
    2.970951586   28.524523708   52.441935496   45.743871439
    2.978130217   18.552840603   63.335672901   47.586996630
    2.985308848   11.451391457   68.969820704   47.603542162
    2.992487479    6.932394243   67.348843659   44.437157786
    2.999666110    4.223200753   58.810278243   37.921554743
    3.006844741    2.592132609   45.859234678   29.232873950
    3.014023372    1.564686728   31.912116518   20.227309815
    3.021202003    0.898892477   19.810947064   12.522920267
    3.028380634    0.479345368   10.972202307    6.930248261
    3.035559265    0.237747882    5.430592732    3.444543746
    3.042737896    0.126221251    2.438433505    1.610133076
    3.049916528    0.127896557    1.119134150    0.953587487
    3.057095159    0.289792451    0.892055947    1.319917112
    3.064273790    0.776218210    1.665827299    3.114038642
    3.071452421    1.940150128    3.909791007    7.476971373
    3.078631052    4.385783010    8.643557962   16.293599610
    3.085809683    8.961033171   17.253761864   31.767316825
    3.092988314   16.608804721   31.010026430   55.340923257
    3.100166945   28.052404226   50.308990861   86.172716575
    3.107345576   43.381672540   73.963958667  120.032413085
    3.114524207   61.681249458   99.023951316  149.756041353
    3.121702838   80.857018662  121.403821830  167.697815867
    3.128881469   97.798146929  137.113914292  169.158920895
    3.136060100  108.984838804  143.504780596  154.740675303
    3.143238731  111.531682806  139.999328089  130.053688659
    3.150417362  104.356345660  128.123040553  102.963021485
    3.157595993   88.855300619  110.905834883   80.103306679
    3.164774624   68.545653756   91.845952198   64.577085655
    3.171953255   47.729225089   73.779420470   55.709826497
    3.179131886   29.910107606   58.156588256   50.489028597
    3.186310518   16.832501730   45.088313747   45.624131338
    3.193489149    8.495238410   34.027939778   39.146364683
    3.200667780    3.842637606   24.523427323   30.923684048
    3.207846411    1.558183723   16.534429653   22.130400678
    3.215025042    0.567225722   10.265298885   14.245041463
    3.222203673    0.185960330    5.841343737    8.254871935
    3.229382304    0.055242786    3.157463237    4.422210544
    3.236560935    0.015046683    1.980987638    2.531589890
    3.243739566    0.003854874    2.178840581    2.305667137
    3.250918197    0.000994698    3.887381679    3.706104539
    3.258096828    0.000313854    7.491087914    6.972825611
    3.265275459    0.000177262   13.352647063   12.377339565
    3.272454090    0.000252989   21.355314195   19.781700807
    3.279632721    0.000778664   30.490163127   28.238920873
    3.286811352    0.003051067   38.833944892   35.960287356
    3.293989983    0.011688084   44.131620846   40.844797579
    3.301168614    0.040898883   44.798530713   41.393327124
    3.308347245    0.128712523   40.778475274   37.480799224
    3.315525876    0.362966453   33.713687916   30.487141704
    3.322704508    0.916375718   26.341307636   22.734253596
    3.329883139    2.071042210   21.522408386   16.656759274
    3.337061770    4.190309999   21.400354918   14.211410743
    3.344240401    7.590985347   26.889904212   16.670635737
    3.351419032   12.313924911   37.426128897   24.542423960
    3.358597663   17.888954007   50.943445533   37.319426268
    3.365776294   23.275576033   64.245094720   53.117538662
    3.372954925   27.126069748   73.883102891   68.651753742
    3.380133556   28.323809589   77.313311934   79.977588527
    3.387312187   26.520485083   73.771633506   83.909226163
    3.394490818   22.343572884   64.414783354   79.414320730
    3.401669449   17.154929372   51.731964196   68.149109901
    3.408848080   12.547324415   38.649402422   53.809488588
    3.416026711    9.897149431   27.801208899   40.706580931
    3.423205342   10.146485568   21.179066866   32.322284265
    3.430383973   13.733864200   20.060657242   30.379458509
    3.437562604   20.491422659   24.961267042   34.534118820
    3.444741235   29.473018042   35.430415294   42.599817317
    3.451919866   38.912721748   49.777917202   51.273810402
    3.459098497   46.566843944   65.070644744   57.318128856
    3.466277129   50.450656277   77.728309670   58.860981543
    3.473455760   49.626655232   84.669297550   56.180459068
    3.480634391   44.568927223   84.471453855   51.440360611
    3.487813022   36.872537599   77.854667915   47.431283654
    3.494991653   28.504801833   67.165461132   46.008809054
    3.502170284   21.058111447   55.191417081   47.126674577
    3.509348915   15.389082170   44.048967159   49.003908336
    3.516527546   11.730601739   34.756151784   49.289324885
    3.523706177   10.076990391   27.554899009   46.500298064
    3.530884808   10.522641678   22.531054541   40.867192085
    3.538063439   13.304036138   19.969324688   34.119039804
    3.545242070   18.500916486   20.191347973   28.438455663
    3.552420701   25.605642278   23.067546705   25.306591258
    3.559599332   33.336653906   27.646530757   24.928608935
    3.566777963   39.998030179   32.268995776   26.465012541
    3.573956594   44.326588457   35.192780084   28.761205163
    3.581135225   46.325305619   35.373288366   31.010846281
    3.588313856   47.435820732   32.900963957   32.941855227
    3.595492487   49.768803752   28.839918302   34.550191939
    3.602671119   54.769950679   24.661667510   35.786319987
    3.609849750   62.143289076   21.726210832   36.588935965
    3.617028381   69.732902449   21.093164513   37.246778740
    3.624207012   74.473161388   23.535281147   38.637768144
    3.631385643   73.874030628   29.407051693   41.893598050
    3.638564274   67.221348547   38.235344415   47.531252601
    3.645742905   55.890780948   48.354649647   54.669599843
    3.652921536   42.725861272   57.136192726   61.074651694
    3.660100167   30.939289008   62.036759131   64.257546413
    3.667278798   23.133380566   61.996090651   63.030621077
    3.674457429   20.764207429   58.238996793   58.460041120
    3.681636060   23.984587667   53.781983929   53.463603755
    3.688814691   31.653343439   51.791483761   51.199330406
    3.695993322   41.479836645   53.749032353   53.217554597
    3.703171953   50.507259388   58.549288988   58.532951145
    3.710350584   56.068413854   63.092184304   64.219153762
    3.717529215   56.938800627   64.017903848   67.190221906
    3.724707846   54.041299557   59.548775148   66.066341182
    3.731886477   50.149472147   50.385436268   61.923881763
    3.739065109   48.611659757   39.266665400   57.437954143
    3.746243740   51.745736201   29.643196575   55.009213670
    3.753422371   59.757344257   24.298721740   55.155751532
    3.760601002   70.690260380   24.489898357   56.231651750
    3.767779633   81.305566950   29.684311749   55.577601629
    3.774958264   88.334668365   37.757135201   51.234230258
    3.782136895   89.520134603   45.602451837   43.059084205
    3.789315526   84.159192666   50.147940025   32.639363737
    3.796494157   73.170007036   49.502846770   22.291242205
    3.803672788   58.793448514   43.679346008   13.969856621
    3.810851419   44.017286437   34.440815088    8.755446829
    3.818030050   31.855548903   24.379022301    7.001321040
    3.825208681   24.704347962   15.835668449    8.748772923
    3.832387312   23.946539262   10.299308156   13.935696469
    3.839565943   29.786482319    8.455259903   22.204675392
    3.846744574   41.187357422   10.578263226   32.522069298
    3.853923205   55.895573860   16.813778613   43.084402953
    3.861101836   70.711023064   27.124848283   51.883655587
    3.868280467   82.141609800   41.036868042   57.793234295
    3.875459098   87.336738060   57.485742324   61.445922725
    3.882637730   84.949186629   74.922751314   65.055406328
    3.889816361   75.538346669   91.520621211   70.970027996
    3.896994992   61.316127498  105.240047575   79.767215761
    3.904173623   45.330359761  113.821698992   89.263720629
    3.911352254   30.437864389  115.101221590   95.338055212
    3.918530885   18.510256654  107.862538691   94.181864855
    3.925709516   10.168280951   92.787634907   84.503580996
    3.932888147    5.034878863   72.667392681   68.225179989
    3.940066778    2.243828863   51.477942305   49.343223769
    3.947245409    0.899409130   32.833882349   31.901538306
    3.954424040    0.324377814   18.796035586   18.419414193
    3.961602671    0.105450975    9.637009739    9.493511031
    3.968781302    0.031022653    4.419374874    4.366937785
    3.975959933    0.008322953    1.811122621    1.792621737
    3.983138564    0.002066820    0.662940853    0.656678121
    3.990317195    0.000489408    0.216682344    0.214678690
    3.997495826    0.000117298    0.063242516    0.062645492
    4.004674457    0.000031720    0.016497276    0.016331702
    4.011853088    0.000011343    0.003867241    0.003822531
    4.019031720    0.000006266    0.000858892    0.000847028
    4.026210351    0.000005422    0.000335465    0.000344247
    4.033388982    0.000006236    0.000781528    0.000854707
    4.040567613    0.000008162    0.003115302    0.003446633
    4.047746244    0.000011434    0.011818274    0.013098544
    4.054924875    0.000017169    0.040440137    0.044834704
    4.062103506    0.000028320    0.123835039    0.137298673
    4.069282137    0.000051564    0.338603337    0.375419058
    4.076460768    0.000099592    0.826076446    0.915893972
    4.083639399    0.000191863    1.797637206    1.993090302
    4.090818030    0.000350499    3.488874844    3.868214145
    4.097996661    0.000588943    6.038782571    6.695373190
    4.105175292    0.000895923    9.321493418   10.335016127
    4.112353923    0.001224438   12.831881487   14.227093378
    4.119532554    0.001498163   15.753004673   17.465827624
    4.126711185    0.001639988   17.246803441   19.121999149
    4.133889816    0.001613043   16.840196762   18.670938910
    4.141068447    0.001458839   14.668313517   16.261924781
    4.148247078    0.001334303   11.410002527   12.645871064
    4.155425710    0.001584486    7.967276746    8.817982233
    4.162604341    0.002908710    5.113569867    5.624014152
    4.169782972    0.006633807    3.320502030    3.562756248
    4.176961603    0.014958684    2.803672851    2.832283899
    4.184140234    0.030817326    3.660539400    3.485647220
    4.191318865    0.056917852    5.929202376    5.514223648
    4.198497496    0.093855984    9.487274736    8.770889038
    4.205676127    0.138054677   13.865250797   12.801513109
    4.212854758    0.181106240   18.164407092   16.766167101
    4.220033389    0.211881505   21.244986895   19.608459769
    4.227212020    0.221075857   22.164525199   20.456904948
    4.234390651    0.205765876   20.622847443   19.033901744
    4.241569282    0.171077481   17.112597137   15.793815400
    4.248747913    0.128170720   12.664636506   11.687280889
    4.255926544    0.091169117    8.363860708    7.712701397
    4.263105175    0.078285140    4.945455134    4.539073259
    4.270283806    0.123315129    2.672995030    2.382331431
    4.277462437    0.302669487    1.481773298    1.115223792
    4.284641068    0.777463146    1.231588165    0.466134194
    4.291819699    1.834399919    1.912578496    0.175891165
    4.298998331    3.883823701    3.714512728    0.067120377
    4.306176962    7.359780570    6.929274374    0.050094488
    4.313355593   12.505793738   11.711143734    0.109473321
    4.320534224   19.137891242   17.805657544    0.303799733
    4.327712855   26.583408447   24.442429072    0.786768796
    4.334891486   33.954845543   30.552246851    1.833472697
    4.342070117   40.661891195   35.246308781    3.828193156
    4.349248748   46.765014554   38.226756735    7.160773741
    4.356427379   52.774979204   39.771463237   12.019527050
    4.363606010   58.947020230   40.272670234   18.167539918
    4.370784641   64.659101278   39.735312897   24.876586075
    4.377963272   68.513671882   37.712027565   31.146910106
    4.385141903   69.188805416   33.750866621   36.126411881
    4.392320534   66.339436690   27.947112933   39.426776869
    4.399499165   60.769646619   21.107356836   41.072909100
    4.406677796   53.777954273   14.405422225   41.151839690
    4.413856427   46.323046961    8.834728346   39.535596262
    4.421035058   38.721114116    4.854141386   35.986259368
    4.428213689   30.981785353    2.386913963   30.550641758
    4.435392321   23.305692152    1.054213935   23.842722109
    4.442570952   16.253256607    0.431866321   16.919614994
    4.449749583   10.527152766    0.201839094   10.841350123
    4.456928214    6.668278028    0.189803000    6.258318592
    4.464106845    4.942777184    0.338475648    3.286160842
    4.471285476    5.432328726    0.660095416    1.662649712
    4.478464107    8.139567094    1.184300178    1.003991192
    4.485642738   12.939414830    1.905261927    0.989003982
    4.492821369   19.380363588    2.740307554    1.411181842
    4.500000000   26.507434435    3.524088479    2.132763960
