# energy grid [eV]     epsi_x  epsi_y  epsi_z
#
    0.200000000    0.000000000    0.000000000    0.000000000
    0.207178631    0.000000000    0.000000000    0.000000000
    0.214357262    0.000000000    0.000000000    0.000000000
    0.221535893    0.000000000    0.000000000    0.000000000
    0.228714524    0.000000000    0.000000000    0.000000000
    0.235893155    0.000000000    0.000000000    0.000000000
    0.243071786    0.000000000    0.000000000    0.000000000
    0.250250417    0.000000000    0.000000000    0.000000000
    0.257429048    0.000000000    0.000000000    0.000000000
    0.264607679    0.000000000    0.000000000    0.000000000
    0.271786311    0.000000000    0.000000000    0.000000000
    0.278964942    0.000000000    0.000000000    0.000000000
    0.286143573    0.000000000    0.000000000    0.000000000
    0.293322204    0.000000000    0.000000000    0.000000000
    0.300500835    0.000000000    0.000000000    0.000000000
    0.307679466    0.000000000    0.000000000    0.000000000
    0.314858097    0.000000000    0.000000000    0.000000000
    0.322036728    0.000000000    0.000000000    0.000000000
    0.329215359    0.000000000    0.000000000    0.000000000
    0.336393990    0.000000000    0.000000000    0.000000000
    0.343572621    0.000000000    0.000000000    0.000000000
    0.350751252    0.000000000    0.000000000    0.000000000
    0.357929883    0.000000000    0.000000000    0.000000000
    0.365108514    0.000000000    0.000000000    0.000000000
    0.372287145    0.000000000    0.000000000    0.000000000
    0.379465776    0.000000000    0.000000000    0.000000000
    0.386644407    0.000000000    0.000000000    0.000000000
    0.393823038    0.000000000    0.000000000    0.000000000
    0.401001669    0.000000000    0.000000000    0.000000000
    0.408180301    0.000000000    0.000000000    0.000000000
    0.415358932    0.000000000    0.000000000    0.000000000
    0.422537563    0.000000000    0.000000000    0.000000000
    0.429716194    0.000000000    0.000000000    0.000000000
    0.436894825    0.000000000    0.000000000    0.000000000
    0.444073456    0.000000000    0.000000000    0.000000000
    0.451252087    0.000000000    0.000000000    0.000000000
    0.458430718    0.000000000    0.000000000    0.000000000
    0.465609349    0.000000000    0.000000000    0.000000000
    0.472787980    0.000000000    0.000000000    0.000000000
    0.479966611    0.000000000    0.000000000    0.000000000
    0.487145242    0.000000000    0.000000000    0.000000000
    0.494323873    0.000000000    0.000000000    0.000000000
    0.501502504    0.000000000    0.000000000    0.000000000
    0.508681135    0.000000000    0.000000000    0.000000000
    0.515859766    0.000000000    0.000000000    0.000000000
    0.523038397    0.000000000    0.000000000    0.000000000
    0.530217028    0.000000000    0.000000000    0.000000000
    0.537395659    0.000000000    0.000000000    0.000000000
    0.544574290    0.000000000    0.000000000    0.000000000
    0.551752922    0.000000000    0.000000000    0.000000000
    0.558931553    0.000000000    0.000000000    0.000000000
    0.566110184    0.000000000    0.000000000    0.000000000
    0.573288815    0.000000000    0.000000000    0.000000000
    0.580467446    0.000000000    0.000000000    0.000000000
    0.587646077    0.000000000    0.000000000    0.000000000
    0.594824708    0.000000000    0.000000000    0.000000000
    0.602003339    0.000000000    0.000000000    0.000000000
    0.609181970    0.000000000    0.000000000    0.000000000
    0.616360601    0.000000000    0.000000000    0.000000000
    0.623539232    0.000000000    0.000000000    0.000000000
    0.630717863    0.000000000    0.000000000    0.000000000
    0.637896494    0.000000000    0.000000000    0.000000000
    0.645075125    0.000000000    0.000000000    0.000000000
    0.652253756    0.000000000    0.000000000    0.000000000
    0.659432387    0.000000000    0.000000000    0.000000000
    0.666611018    0.000000000    0.000000000    0.000000000
    0.673789649    0.000000000    0.000000000    0.000000000
    0.680968280    0.000000000    0.000000000    0.000000000
    0.688146912    0.000000000    0.000000000    0.000000000
    0.695325543    0.000000000    0.000000000    0.000000000
    0.702504174    0.000000000    0.000000000    0.000000000
    0.709682805    0.000000000    0.000000000    0.000000000
    0.716861436    0.000000000    0.000000000    0.000000000
    0.724040067    0.000000000    0.000000000    0.000000000
    0.731218698    0.000000000    0.000000000    0.000000000
    0.738397329    0.000000000    0.000000000    0.000000000
    0.745575960    0.000000000    0.000000000    0.000000000
    0.752754591    0.000000000    0.000000000    0.000000000
    0.759933222    0.000000000    0.000000000    0.000000000
    0.767111853    0.000000000    0.000000000    0.000000000
    0.774290484    0.000000000    0.000000000    0.000000000
    0.781469115    0.000000000    0.000000000    0.000000000
    0.788647746    0.000000000    0.000000000    0.000000000
    0.795826377    0.000000000    0.000000000    0.000000000
    0.803005008    0.000000000    0.000000000    0.000000000
    0.810183639    0.000000000    0.000000000    0.000000000
    0.817362270    0.000000000    0.000000000    0.000000000
    0.824540902    0.000000000    0.000000000    0.000000000
    0.831719533    0.000000000    0.000000000    0.000000000
    0.838898164    0.000000000    0.000000000    0.000000000
    0.846076795    0.000000000    0.000000000    0.000000000
    0.853255426    0.000000000    0.000000000    0.000000000
    0.860434057    0.000000000    0.000000000    0.000000000
    0.867612688    0.000000000    0.000000000    0.000000000
    0.874791319    0.000000000    0.000000000    0.000000000
    0.881969950    0.000000000    0.000000000    0.000000000
    0.889148581    0.000000000    0.000000000    0.000000000
    0.896327212    0.000000000    0.000000000    0.000000000
    0.903505843    0.000000000    0.000000000    0.000000000
    0.910684474    0.000000000    0.000000000    0.000000000
    0.917863105    0.000000000    0.000000000    0.000000000
    0.925041736    0.000000000    0.000000000    0.000000000
    0.932220367    0.000000000    0.000000000    0.000000000
    0.939398998    0.000000000    0.000000000    0.000000000
    0.946577629    0.000000000    0.000000000    0.000000000
    0.953756260    0.000000000    0.000000000    0.000000000
    0.960934891    0.000000000    0.000000000    0.000000000
    0.968113523    0.000000000    0.000000000    0.000000000
    0.975292154    0.000000000    0.000000000    0.000000000
    0.982470785    0.000000000    0.000000000    0.000000000
    0.989649416    0.000000000    0.000000000    0.000000000
    0.996828047    0.000000000    0.000000000    0.000000000
    1.004006678    0.000000000    0.000000000    0.000000000
    1.011185309    0.000000000    0.000000000    0.000000000
    1.018363940    0.000000000    0.000000000    0.000000000
    1.025542571    0.000000000    0.000000000    0.000000000
    1.032721202    0.000000000    0.000000000    0.000000000
    1.039899833    0.000000000    0.000000000    0.000000000
    1.047078464    0.000000000    0.000000000    0.000000000
    1.054257095    0.000000000    0.000000000    0.000000000
    1.061435726    0.000000000    0.000000000    0.000000000
    1.068614357    0.000000000    0.000000000    0.000000000
    1.075792988    0.000000000    0.000000000    0.000000000
    1.082971619    0.000000000    0.000000000    0.000000000
    1.090150250    0.000000000    0.000000000    0.000000000
    1.097328881    0.000000000    0.000000000    0.000000000
    1.104507513    0.000000000    0.000000000    0.000000000
    1.111686144    0.000000000    0.000000000    0.000000000
    1.118864775    0.000000000    0.000000000    0.000000000
    1.126043406    0.000000000    0.000000000    0.000000000
    1.133222037    0.000000000    0.000000000    0.000000000
    1.140400668    0.000000000    0.000000000    0.000000000
    1.147579299    0.000000000    0.000000000    0.000000000
    1.154757930    0.000000000    0.000000000    0.000000000
    1.161936561    0.000000000    0.000000000    0.000000000
    1.169115192    0.000000000    0.000000000    0.000000000
    1.176293823    0.000000000    0.000000000    0.000000000
    1.183472454    0.000000000    0.000000000    0.000000000
    1.190651085    0.000000000    0.000000000    0.000000000
    1.197829716    0.000000000    0.000000000    0.000000000
    1.205008347    0.000000000    0.000000000    0.000000000
    1.212186978    0.000000000    0.000000000    0.000000000
    1.219365609    0.000000000    0.000000000    0.000000000
    1.226544240    0.000000000    0.000000000    0.000000000
    1.233722871    0.000000000    0.000000000    0.000000000
    1.240901503    0.000000000    0.000000000    0.000000000
    1.248080134    0.000000000    0.000000000    0.000000000
    1.255258765    0.000000000    0.000000000    0.000000000
    1.262437396    0.000000000    0.000000000    0.000000000
    1.269616027    0.000000000    0.000000000    0.000000000
    1.276794658    0.000000001    0.000000000    0.000000000
    1.283973289    0.000000003    0.000000001    0.000000000
    1.291151920    0.000000007    0.000000003    0.000000000
    1.298330551    0.000000016    0.000000007    0.000000000
    1.305509182    0.000000031    0.000000013    0.000000000
    1.312687813    0.000000056    0.000000024    0.000000001
    1.319866444    0.000000088    0.000000037    0.000000001
    1.327045075    0.000000124    0.000000053    0.000000001
    1.334223706    0.000000156    0.000000066    0.000000002
    1.341402337    0.000000174    0.000000074    0.000000002
    1.348580968    0.000000174    0.000000074    0.000000002
    1.355759599    0.000000155    0.000000066    0.000000002
    1.362938230    0.000000123    0.000000052    0.000000001
    1.370116861    0.000000087    0.000000037    0.000000001
    1.377295492    0.000000055    0.000000024    0.000000001
    1.384474124    0.000000031    0.000000013    0.000000000
    1.391652755    0.000000016    0.000000007    0.000000000
    1.398831386    0.000000007    0.000000003    0.000000000
    1.406010017    0.000000003    0.000000001    0.000000000
    1.413188648    0.000000001    0.000000000    0.000000000
    1.420367279    0.000000000    0.000000000    0.000000000
    1.427545910    0.000000000    0.000000000    0.000000000
    1.434724541    0.000000000    0.000000000    0.000000000
    1.441903172    0.000000001    0.000000001    0.000000000
    1.449081803    0.000000001    0.000000002    0.000000000
    1.456260434    0.000000002    0.000000003    0.000000000
    1.463439065    0.000000004    0.000000006    0.000000000
    1.470617696    0.000000007    0.000000010    0.000000000
    1.477796327    0.000000010    0.000000014    0.000000000
    1.484974958    0.000000012    0.000000017    0.000000000
    1.492153589    0.000000014    0.000000019    0.000000000
    1.499332220    0.000000014    0.000000019    0.000000000
    1.506510851    0.000000012    0.000000017    0.000000000
    1.513689482    0.000000010    0.000000014    0.000000000
    1.520868114    0.000000007    0.000000010    0.000000000
    1.528046745    0.000000004    0.000000006    0.000000000
    1.535225376    0.000000002    0.000000004    0.000000000
    1.542404007    0.000000001    0.000000002    0.000000000
    1.549582638    0.000000001    0.000000001    0.000000000
    1.556761269    0.000000000    0.000000000    0.000000000
    1.563939900    0.000000000    0.000000000    0.000000000
    1.571118531    0.000000000    0.000000000    0.000000000
    1.578297162    0.000000000    0.000000001    0.000000000
    1.585475793    0.000000000    0.000000001    0.000000000
    1.592654424    0.000000000    0.000000003    0.000000000
    1.599833055    0.000000001    0.000000008    0.000000000
    1.607011686    0.000000002    0.000000015    0.000000000
    1.614190317    0.000000003    0.000000027    0.000000000
    1.621368948    0.000000004    0.000000043    0.000000001
    1.628547579    0.000000006    0.000000061    0.000000001
    1.635726210    0.000000008    0.000000076    0.000000001
    1.642904841    0.000000009    0.000000086    0.000000001
    1.650083472    0.000000009    0.000000086    0.000000001
    1.657262104    0.000000008    0.000000077    0.000000001
    1.664440735    0.000000006    0.000000061    0.000000001
    1.671619366    0.000000004    0.000000043    0.000000001
    1.678797997    0.000000003    0.000000027    0.000000000
    1.685976628    0.000000002    0.000000015    0.000000000
    1.693155259    0.000000001    0.000000008    0.000000000
    1.700333890    0.000000000    0.000000003    0.000000000
    1.707512521    0.000000000    0.000000001    0.000000000
    1.714691152    0.000000000    0.000000001    0.000000000
    1.721869783    0.000000000    0.000000000    0.000000000
    1.729048414    0.000000001    0.000000001    0.000000000
    1.736227045    0.000000004    0.000000002    0.000000000
    1.743405676    0.000000010    0.000000004    0.000000000
    1.750584307    0.000000022    0.000000010    0.000000000
    1.757762938    0.000000044    0.000000020    0.000000000
    1.764941569    0.000000079    0.000000035    0.000000000
    1.772120200    0.000000125    0.000000056    0.000000000
    1.779298831    0.000000177    0.000000079    0.000000000
    1.786477462    0.000000223    0.000000100    0.000000000
    1.793656093    0.000000251    0.000000112    0.000000000
    1.800834725    0.000000252    0.000000113    0.000000000
    1.808013356    0.000000226    0.000000101    0.000000000
    1.815191987    0.000000180    0.000000081    0.000000000
    1.822370618    0.000000129    0.000000057    0.000000000
    1.829549249    0.000000082    0.000000036    0.000000000
    1.836727880    0.000000046    0.000000021    0.000000000
    1.843906511    0.000000023    0.000000010    0.000000000
    1.851085142    0.000000011    0.000000005    0.000000000
    1.858263773    0.000000004    0.000000002    0.000000000
    1.865442404    0.000000002    0.000000001    0.000000000
    1.872621035    0.000000000    0.000000000    0.000000000
    1.879799666    0.000000000    0.000000000    0.000000000
    1.886978297    0.000000000    0.000000000    0.000000000
    1.894156928    0.000000000    0.000000000    0.000000000
    1.901335559    0.000000000    0.000000000    0.000000000
    1.908514190    0.000000001    0.000000001    0.000000000
    1.915692821    0.000000002    0.000000002    0.000000000
    1.922871452    0.000000003    0.000000003    0.000000001
    1.930050083    0.000000005    0.000000004    0.000000001
    1.937228715    0.000000006    0.000000005    0.000000001
    1.944407346    0.000000008    0.000000006    0.000000002
    1.951585977    0.000000008    0.000000007    0.000000002
    1.958764608    0.000000008    0.000000007    0.000000002
    1.965943239    0.000000007    0.000000006    0.000000001
    1.973121870    0.000000005    0.000000004    0.000000001
    1.980300501    0.000000003    0.000000003    0.000000001
    1.987479132    0.000000002    0.000000002    0.000000000
    1.994657763    0.000000001    0.000000001    0.000000000
    2.001836394    0.000000001    0.000000000    0.000000000
    2.009015025    0.000000000    0.000000000    0.000000000
    2.016193656    0.000000000    0.000000000    0.000000000
    2.023372287    0.000000000    0.000000000    0.000000000
    2.030550918    0.000000000    0.000000000    0.000000000
    2.037729549    0.000000000    0.000000000    0.000000000
    2.044908180    0.000000000    0.000000000    0.000000000
    2.052086811    0.000000000    0.000000001    0.000000000
    2.059265442    0.000000001    0.000000003    0.000000000
    2.066444073    0.000000003    0.000000007    0.000000000
    2.073622705    0.000000008    0.000000018    0.000000000
    2.080801336    0.000000017    0.000000039    0.000000001
    2.087979967    0.000000035    0.000000078    0.000000002
    2.095158598    0.000000067    0.000000140    0.000000004
    2.102337229    0.000000116    0.000000227    0.000000008
    2.109515860    0.000000184    0.000000335    0.000000015
    2.116694491    0.000000267    0.000000449    0.000000026
    2.123873122    0.000000354    0.000000546    0.000000040
    2.131051753    0.000000433    0.000000605    0.000000056
    2.138230384    0.000000492    0.000000613    0.000000072
    2.145409015    0.000000531    0.000000569    0.000000083
    2.152587646    0.000000555    0.000000486    0.000000088
    2.159766277    0.000000570    0.000000383    0.000000085
    2.166944908    0.000000586    0.000000282    0.000000077
    2.174123539    0.000000608    0.000000196    0.000000066
    2.181302170    0.000000648    0.000000133    0.000000057
    2.188480801    0.000000716    0.000000096    0.000000054
    2.195659432    0.000000812    0.000000084    0.000000057
    2.202838063    0.000000924    0.000000094    0.000000064
    2.210016694    0.000001021    0.000000123    0.000000073
    2.217195326    0.000001070    0.000000172    0.000000080
    2.224373957    0.000001052    0.000000238    0.000000082
    2.231552588    0.000000974    0.000000320    0.000000079
    2.238731219    0.000000863    0.000000412    0.000000073
    2.245909850    0.000000751    0.000000502    0.000000070
    2.253088481    0.000000654    0.000000576    0.000000071
    2.260267112    0.000000574    0.000000620    0.000000078
    2.267445743    0.000000499    0.000000626    0.000000087
    2.274624374    0.000000418    0.000000590    0.000000096
    2.281803005    0.000000331    0.000000518    0.000000098
    2.288981636    0.000000243    0.000000421    0.000000091
    2.296160267    0.000000166    0.000000317    0.000000078
    2.303338898    0.000000109    0.000000222    0.000000061
    2.310517529    0.000000079    0.000000150    0.000000046
    2.317696160    0.000000075    0.000000108    0.000000038
    2.324874791    0.000000096    0.000000100    0.000000039
    2.332053422    0.000000137    0.000000129    0.000000049
    2.339232053    0.000000194    0.000000197    0.000000066
    2.346410684    0.000000265    0.000000305    0.000000087
    2.353589316    0.000000355    0.000000457    0.000000107
    2.360767947    0.000000471    0.000000646    0.000000121
    2.367946578    0.000000619    0.000000856    0.000000125
    2.375125209    0.000000793    0.000001059    0.000000119
    2.382303840    0.000000975    0.000001212    0.000000104
    2.389482471    0.000001138    0.000001278    0.000000083
    2.396661102    0.000001259    0.000001237    0.000000061
    2.403839733    0.000001330    0.000001097    0.000000041
    2.411018364    0.000001354    0.000000897    0.000000026
    2.418196995    0.000001332    0.000000683    0.000000015
    2.425375626    0.000001260    0.000000497    0.000000008
    2.432554257    0.000001130    0.000000355    0.000000004
    2.439732888    0.000000947    0.000000258    0.000000002
    2.446911519    0.000000736    0.000000197    0.000000002
    2.454090150    0.000000535    0.000000168    0.000000002
    2.461268781    0.000000388    0.000000174    0.000000003
    2.468447412    0.000000331    0.000000228    0.000000008
    2.475626043    0.000000402    0.000000351    0.000000019
    2.482804674    0.000000642    0.000000564    0.000000044
    2.489983306    0.000001091    0.000000877    0.000000093
    2.497161937    0.000001760    0.000001281    0.000000178
    2.504340568    0.000002596    0.000001730    0.000000303
    2.511519199    0.000003457    0.000002149    0.000000463
    2.518697830    0.000004138    0.000002445    0.000000632
    2.525876461    0.000004445    0.000002542    0.000000771
    2.533055092    0.000004282    0.000002413    0.000000841
    2.540233723    0.000003702    0.000002090    0.000000821
    2.547412354    0.000002879    0.000001657    0.000000720
    2.554590985    0.000002025    0.000001217    0.000000578
    2.561769616    0.000001305    0.000000857    0.000000446
    2.568948247    0.000000797    0.000000627    0.000000372
    2.576126878    0.000000499    0.000000538    0.000000387
    2.583305509    0.000000370    0.000000574    0.000000501
    2.590484140    0.000000365    0.000000705    0.000000699
    2.597662771    0.000000458    0.000000907    0.000000940
    2.604841402    0.000000643    0.000001161    0.000001171
    2.612020033    0.000000916    0.000001453    0.000001337
    2.619198664    0.000001259    0.000001764    0.000001401
    2.626377295    0.000001634    0.000002063    0.000001354
    2.633555927    0.000001986    0.000002310    0.000001218
    2.640734558    0.000002261    0.000002464    0.000001031
    2.647913189    0.000002430    0.000002500    0.000000833
    2.655091820    0.000002522    0.000002419    0.000000657
    2.662270451    0.000002741    0.000002256    0.000000527
    2.669449082    0.000004246    0.000002137    0.000000458
    2.676627713    0.000013884    0.000002608    0.000000463
    2.683806344    0.000070301    0.000006426    0.000000554
    2.690984975    0.000371852    0.000027282    0.000000753
    2.698163606    0.001826300    0.000127216    0.000001167
    2.705342237    0.008103092    0.000556186    0.000002283
    2.712520868    0.032223892    0.002200266    0.000005939
    2.719699499    0.114526250    0.007803415    0.000017952
    2.726878130    0.363340076    0.024734282    0.000054051
    2.734056761    1.028430670    0.069982163    0.000150560
    2.741235392    2.596497455    0.176653615    0.000378265
    2.748414023    5.846629831    0.397745378    0.000850461
    2.755592654   11.741053134    0.798712766    0.001707054
    2.762771285   21.027261823    1.430404679    0.003056716
    2.769949917   33.583683818    2.284551793    0.004881776
    2.777128548   47.834589882    3.253965105    0.006953180
    2.784307179   60.760764739    4.133261841    0.008832048
    2.791485810   68.829056943    4.682099103    0.010004799
    2.798664441   69.532553064    4.729945742    0.010107031
    2.805843072   62.643068042    4.261283760    0.009105582
    2.813021703   50.330066246    3.423696726    0.007315808
    2.820200334   36.062296635    2.453150930    0.005241923
    2.827378965   23.043760050    1.567603153    0.003349646
    2.834557596   13.132025413    0.893443600    0.001908981
    2.841736227    6.674176283    0.454464829    0.000970389
    2.848914858    3.025474016    0.207693250    0.000440272
    2.856093489    1.224318183    0.091350138    0.000179398
    2.863272120    0.446367934    0.062336064    0.000069902
    2.870450751    0.161089640    0.124940875    0.000040759
    2.877629382    0.102036743    0.369973073    0.000069660
    2.884808013    0.184706699    1.044071925    0.000182343
    2.891986644    0.444057660    2.644151454    0.000458373
    2.899165275    0.998802985    5.975283034    0.001035042
    2.906343907    2.013002524   12.042590401    0.002085907
    2.913522538    3.622114815   21.644609905    0.003749622
    2.920701169    5.823062711   34.693354852    0.006012871
    2.927879800    8.386930238   49.591803514    0.008605366
    2.935058431   10.897081309   63.218165226    0.011003889
    2.942237062   12.984477289   71.869634227    0.012608625
    2.949415693   14.705277729   72.866577258    0.013039163
    2.956594324   16.847936002   65.888593034    0.012379791
    2.963772955   20.886471986   53.142290117    0.011196133
    2.970951586   28.403412757   38.242226421    0.010276602
    2.978130217   40.094014009   24.571729929    0.010228701
    2.985308848   54.825955428   14.122983255    0.011154270
    2.992487479   69.430002227    7.296491260    0.012585665
    2.999666110   79.657183163    3.434136582    0.013722489
    3.006844741   82.021280664    1.539606838    0.013843207
    3.014023372   75.507277456    0.787879231    0.012665501
    3.021202003   62.051878464    0.743724517    0.010463751
    3.028380634   45.497215175    1.409317916    0.007912666
    3.035559265   29.761606724    3.225019617    0.005796522
    3.042737896   17.379437305    7.028669448    0.004766602
    3.049916528    9.083793166   13.853006155    0.005223705
    3.057095159    4.292177981   24.428473108    0.007267979
    3.064273790    1.899513079   38.447403370    0.010633903
    3.071452421    0.874886814   53.975190053    0.014631470
    3.078631052    0.505883552   67.578854807    0.018221280
    3.085809683    0.391897002   75.457000254    0.020316712
    3.092988314    0.344977420   75.137326641    0.020223090
    3.100166945    0.295782712   66.723409914    0.017956721
    3.107345576    0.232040980   52.840473192    0.014220144
    3.114524207    0.163471865   37.318231154    0.010042809
    3.121702838    0.102899454   23.503972945    0.006325205
    3.128881469    0.057803326   13.201626139    0.003552720
    3.136060100    0.028982001    6.612713691    0.001779570
    3.143238731    0.012990997    2.953921939    0.000794955
    3.150417362    0.005235596    1.176762416    0.000316716
    3.157595993    0.001932618    0.418083675    0.000112567
    3.164774624    0.000690190    0.132489481    0.000035737
    3.171953255    0.000269700    0.037471246    0.000010199
    3.179131886    0.000132111    0.009483288    0.000002705
    3.186310518    0.000079288    0.002174613    0.000000781
    3.193489149    0.000051045    0.000480296    0.000000378
    3.200667780    0.000034689    0.000133809    0.000000388
    3.207846411    0.000039138    0.000091018    0.000000778
    3.215025042    0.000128404    0.000199748    0.000002893
    3.222203673    0.000620372    0.000793079    0.000013639
    3.229382304    0.002891157    0.003485673    0.000062904
    3.236560935    0.012158930    0.014422265    0.000264015
    3.243739566    0.045717663    0.053973793    0.000992560
    3.250918197    0.153411557    0.180861105    0.003331051
    3.258096828    0.459207041    0.541136026    0.009971756
    3.265275459    1.225933423    1.444457862    0.026622675
    3.272454090    2.918824711    3.438955796    0.063387469
    3.279632721    6.197579053    7.301871813    0.134592982
    3.286811352   11.735592431   13.826585404    0.254863492
    3.293989983   19.817785481   23.348783813    0.430386625
    3.301168614   29.845003927   35.162560717    0.648150338
    3.308347245   40.082448156   47.224023514    0.870479531
    3.315525876   48.006801696   56.560270795    1.042574723
    3.322704508   51.276358771   60.412369686    1.113580544
    3.329883139   48.842448338   57.544804593    1.060722769
    3.337061770   41.490007353   48.882365525    0.901048077
    3.344240401   31.430800518   37.030891037    0.682589897
    3.351419032   21.234069644   25.017389352    0.461145074
    3.358597663   12.793133647   15.072515487    0.277831275
    3.365776294    6.873637419    8.098330729    0.149276194
    3.372954925    3.293536834    3.880355767    0.071526324
    3.380133556    1.407364576    1.658118276    0.030563803
    3.387312187    0.536348899    0.631902510    0.011647050
    3.394490818    0.182494063    0.214952076    0.003958193
    3.401669449    0.056417467    0.066176877    0.001199748
    3.408848080    0.020235124    0.022523660    0.000324614
    3.416026711    0.024898344    0.024050586    0.000079178
    3.423205342    0.077063781    0.071875437    0.000019668
    3.430383973    0.243871042    0.226893487    0.000011239
    3.437562604    0.694433863    0.646006661    0.000021885
    3.444741235    1.764458567    1.641415030    0.000052466
    3.451919866    3.998310226    3.719506873    0.000116800
    3.459098497    8.079979782    7.516578144    0.000235036
    3.466277129   14.561664635   13.546330803    0.000428863
    3.473455760   23.403378178   21.771612844    0.000729039
    3.480634391   33.543926164   31.205446447    0.001255165
    3.487813022   42.876713890   39.889046619    0.002566854
    3.494991653   48.878459510   45.478420811    0.006839033
    3.502170284   49.700377362   46.264292017    0.021130917
    3.509348915   45.097630768   42.048004179    0.064968434
    3.516527546   36.578891607   34.301790835    0.184528230
    3.523706177   26.678748759   25.521197189    0.472244640
    3.530884808   17.855215059   18.220716952    1.080962657
    3.538063439   11.674449835   14.152654693    2.208424172
    3.545242070    8.596926606   14.001015076    4.024656282
    3.552420701    8.220351742   17.415436913    6.541608637
    3.559599332    9.659740793   23.174626457    9.482952794
    3.566777963   11.878392379   29.464700170   12.261044702
    3.573956594   13.963694569   34.382700561   14.141232582
    3.581135225   15.362027525   36.610019183   14.552041819
    3.588313856   15.992040770   35.914706059   13.366953403
    3.595492487   16.135026906   33.110408248   10.969500967
    3.602671119   16.142690487   29.458756060    8.055661378
    3.609849750   16.179037116   25.948625045    5.310385773
    3.617028381   16.221327092   22.980611999    3.160687207
    3.624207012   16.339172424   20.626822015    1.716682589
    3.631385643   17.023779734   19.161305424    0.867594164
    3.638564274   19.266230769   19.373335664    0.424116491
    3.645742905   24.237797760   22.379816416    0.220892644
    3.652921536   32.686857251   29.027093041    0.157367100
    3.660100167   44.381704687   39.257696158    0.200125970
    3.667278798   57.984915581   51.879155860    0.375775657
    3.674457429   71.554826429   64.962553367    0.764845026
    3.681636060   83.439096999   76.666463093    1.485109400
    3.688814691   92.923518899   85.898916053    2.643610722
    3.695993322  100.077183037   92.305245825    4.252294737
    3.703171953  104.922253427   95.688142639    6.141265696
    3.710350584  106.783931119   95.580041119    7.938252517
    3.717529215  104.620478143   91.581387150    9.168857860
    3.724707846   98.184699512   84.240521601    9.455074729
    3.731886477   88.930612409   75.535982078    8.701651002
    3.739065109   79.665022920   68.246126103    7.146238495
    3.746243740   73.049313343   64.501268072    5.237979454
    3.753422371   70.126942765   64.631036065    3.428636128
    3.760601002   70.058945730   67.245972577    2.007399654
    3.767779633   71.190706092   70.465785058    1.055572454
    3.774958264   72.430660047   73.238336177    0.504160018
    3.782136895   73.729460633   75.648785830    0.225639653
    3.789315526   75.358766080   78.056693653    0.102342942
    3.796494157   76.842819967   79.987349147    0.053971400
    3.803672788   76.714885689   79.937169223    0.036218792
    3.810851419   73.469259844   76.400421411    0.028870605
    3.818030050   66.929137100   69.275368133    0.024682016
    3.825208681   58.816917095   60.415657536    0.022231629
    3.832387312   51.947496949   52.773196136    0.021995235
    3.839565943   48.557437313   48.687574246    0.024318749
    3.846744574   48.926597518   48.500690421    0.028579554
    3.853923205   51.223373682   50.418495346    0.033302378
    3.861101836   52.669869789   51.694855534    0.037030757
    3.868280467   51.280973465   50.382823634    0.039508361
    3.875459098   47.103649860   46.587009616    0.042494795
    3.882637730   42.236093387   42.499387790    0.049582578
    3.889816361   39.668332626   41.237043999    0.064767928
    3.896994992   41.644781935   45.141909351    0.090150807
    3.904173623   48.444142009   54.425119373    0.123793304
    3.911352254   58.197771837   66.839984797    0.159109062
    3.918530885   67.823832901   78.591004596    0.186721837
    3.925709516   74.558859790   86.065492256    0.198364996
    3.932888147   77.194233926   87.457128748    0.190844110
    3.940066778   76.291055797   83.348524526    0.167721389
    3.947245409   73.381245416   76.012036105    0.137824237
    3.954424040   69.928807859   68.102135665    0.111824548
    3.961602671   66.900206785   61.724979419    0.099054851
    3.968781302   65.063184966   58.286696129    0.105709299
    3.975959933   65.335102076   58.674372149    0.133917908
    3.983138564   68.478808702   63.108768843    0.180748984
    3.990317195   74.224304898   70.601401860    0.237376781
    3.997495826   80.654913020   78.648011192    0.289947143
    4.004674457   84.641630824   83.810317760    0.323309775
    4.011853088   83.270837798   83.125769846    0.326664426
    4.019031720   75.365205820   75.522603448    0.298141022
    4.026210351   62.087352401   62.313927066    0.245443724
    4.033388982   46.290655584   46.479929946    0.182106146
    4.040567613   31.135602201   31.260451585    0.121687450
    4.047746244   18.856263304   18.926272149    0.073185317
    4.054924875   10.268479880   10.302801582    0.039586645
    4.062103506    5.022828451    5.037729361    0.019243897
    4.069282137    2.204880025    2.210646954    0.008400956
    4.076460768    0.867880588    0.869877698    0.003291209
    4.083639399    0.306093459    0.306713981    0.001156552
    4.090818030    0.096670822    0.096844428    0.000364614
    4.097996661    0.027328843    0.027373032    0.000103385
    4.105175292    0.006919998    0.006930590    0.000026705
    4.112353923    0.001578749    0.001581258    0.000006688
    4.119532554    0.000336289    0.000336549    0.000002088
    4.126711185    0.000080201    0.000079119    0.000001238
    4.133889816    0.000034581    0.000031561    0.000001287
    4.141068447    0.000031736    0.000023343    0.000001983
    4.148247078    0.000052801    0.000022584    0.000005143
    4.155425710    0.000152806    0.000028482    0.000019149
    4.162604341    0.000560858    0.000058348    0.000075990
    4.169782972    0.002043843    0.000172549    0.000282518
    4.176961603    0.006836033    0.000546966    0.000949928
    4.184140234    0.020578898    0.001624126    0.002862764
    4.191318865    0.055511569    0.004357750    0.007717002
    4.198497496    0.134201188    0.010485594    0.018615155
    4.205676127    0.291563376    0.022645710    0.040272064
    4.212854758    0.572534305    0.044184704    0.078506372
    4.220033389    1.026458469    0.079109889    0.139134922
    4.227212020    1.707222098    0.134203268    0.227734965
    4.234390651    2.692135868    0.227518654    0.352973968
    4.241569282    4.117927662    0.408370280    0.535237329
    4.248747913    6.196024811    0.789592589    0.817619148
    4.255926544    9.141963659    1.579323211    1.269803235
    4.263105175   12.988107429    3.078674542    1.972580470
    4.270283806   17.359525564    5.599307753    2.977410490
    4.277462437   21.399485854    9.280081850    4.251727719
    4.284641068   24.000239731   13.860586494    5.638692372
    4.291819699   24.287574805   18.562282460    6.866304923
    4.298998331   22.075669049   22.237777960    7.623541607
    4.306176962   17.979948908   23.805013643    7.681778116
    4.313355593   13.109033474   22.756120659    7.000882610
    4.320534224    8.554053976   19.418827130    5.755012530
    4.327712855    4.997234777   14.788997814    4.257584518
    4.334891486    2.615452547   10.050130153    2.829366954
    4.342070117    1.227622931    6.093502477    1.686370106
    4.349248748    0.517433204    3.295968253    0.900345080
    4.356427379    0.196159037    1.590334484    0.430152318
    4.363606010    0.067010429    0.684483466    0.183760875
    4.370784641    0.020673699    0.262791472    0.070155183
    4.377963272    0.005777574    0.090034874    0.023937552
    4.385141903    0.001473510    0.027683151    0.007354052
    4.392320534    0.000361855    0.008334668    0.002291761
    4.399499165    0.000146409    0.005364211    0.001800711
    4.406677796    0.000278382    0.014023483    0.005201286
    4.413856427    0.000900802    0.047174528    0.017685209
    4.421035058    0.002780327    0.145453270    0.054730229
    4.428213689    0.007729833    0.400760853    0.151425529
    4.435392321    0.019257924    0.985034503    0.374211372
    4.442570952    0.042990495    2.159528117    0.826228901
    4.449749583    0.086068402    4.222895833    1.630674846
    4.456928214    0.154734317    7.365877108    2.878773492
    4.464106845    0.250200952   11.461183271    4.549756795
    4.471285476    0.364532587   15.909765131    6.444149303
    4.478464107    0.479488170   19.705081688    8.190195212
    4.485642738    0.570523338   21.779080927    9.354733013
    4.492821369    0.615207822   21.484971424    9.619030354
    4.500000000    0.602112583   18.922445620    8.921219990
