# energy grid [eV]     epsi_x  epsi_y  epsi_z
#
    0.200000000    0.000000000    0.000000000    0.000000000
    0.207178631    0.000000000    0.000000000    0.000000000
    0.214357262    0.000000000    0.000000000    0.000000000
    0.221535893    0.000000000    0.000000000    0.000000000
    0.228714524    0.000000000    0.000000000    0.000000000
    0.235893155    0.000000000    0.000000000    0.000000000
    0.243071786    0.000000000    0.000000000    0.000000000
    0.250250417    0.000000000    0.000000000    0.000000000
    0.257429048    0.000000000    0.000000000    0.000000000
    0.264607679    0.000000000    0.000000000    0.000000000
    0.271786311    0.000000000    0.000000000    0.000000000
    0.278964942    0.000000000    0.000000000    0.000000000
    0.286143573    0.000000000    0.000000000    0.000000000
    0.293322204    0.000000000    0.000000000    0.000000000
    0.300500835    0.000000000    0.000000000    0.000000000
    0.307679466    0.000000000    0.000000000    0.000000000
    0.314858097    0.000000000    0.000000000    0.000000000
    0.322036728    0.000000000    0.000000000    0.000000000
    0.329215359    0.000000000    0.000000000    0.000000000
    0.336393990    0.000000000    0.000000000    0.000000000
    0.343572621    0.000000000    0.000000000    0.000000000
    0.350751252    0.000000000    0.000000000    0.000000000
    0.357929883    0.000000000    0.000000000    0.000000000
    0.365108514    0.000000000    0.000000000    0.000000000
    0.372287145    0.000000000    0.000000000    0.000000000
    0.379465776    0.000000000    0.000000000    0.000000000
    0.386644407    0.000000000    0.000000000    0.000000000
    0.393823038    0.000000000    0.000000000    0.000000000
    0.401001669    0.000000000    0.000000000    0.000000000
    0.408180301    0.000000000    0.000000000    0.000000000
    0.415358932    0.000000000    0.000000000    0.000000000
    0.422537563    0.000000000    0.000000000    0.000000000
    0.429716194    0.000000000    0.000000000    0.000000000
    0.436894825    0.000000000    0.000000000    0.000000000
    0.444073456    0.000000000    0.000000000    0.000000000
    0.451252087    0.000000000    0.000000000    0.000000000
    0.458430718    0.000000000    0.000000000    0.000000000
    0.465609349    0.000000000    0.000000000    0.000000000
    0.472787980    0.000000000    0.000000000    0.000000000
    0.479966611    0.000000000    0.000000000    0.000000000
    0.487145242    0.000000000    0.000000000    0.000000000
    0.494323873    0.000000000    0.000000000    0.000000000
    0.501502504    0.000000000    0.000000000    0.000000000
    0.508681135    0.000000000    0.000000000    0.000000000
    0.515859766    0.000000000    0.000000000    0.000000000
    0.523038397    0.000000000    0.000000000    0.000000000
    0.530217028    0.000000000    0.000000000    0.000000000
    0.537395659    0.000000000    0.000000000    0.000000000
    0.544574290    0.000000000    0.000000000    0.000000000
    0.551752922    0.000000000    0.000000000    0.000000000
    0.558931553    0.000000000    0.000000000    0.000000000
    0.566110184    0.000000000    0.000000000    0.000000000
    0.573288815    0.000000000    0.000000000    0.000000000
    0.580467446    0.000000000    0.000000000    0.000000000
    0.587646077    0.000000000    0.000000000    0.000000000
    0.594824708    0.000000000    0.000000000    0.000000000
    0.602003339    0.000000000    0.000000000    0.000000000
    0.609181970    0.000000000    0.000000000    0.000000000
    0.616360601    0.000000000    0.000000000    0.000000000
    0.623539232    0.000000000    0.000000000    0.000000000
    0.630717863    0.000000000    0.000000000    0.000000000
    0.637896494    0.000000000    0.000000000    0.000000000
    0.645075125    0.000000000    0.000000000    0.000000000
    0.652253756    0.000000000    0.000000000    0.000000000
    0.659432387    0.000000000    0.000000000    0.000000000
    0.666611018    0.000000000    0.000000000    0.000000000
    0.673789649    0.000000000    0.000000000    0.000000000
    0.680968280    0.000000000    0.000000000    0.000000000
    0.688146912    0.000000000    0.000000000    0.000000000
    0.695325543    0.000000000    0.000000000    0.000000000
    0.702504174    0.000000000    0.000000000    0.000000000
    0.709682805    0.000000000    0.000000000    0.000000000
    0.716861436    0.000000000    0.000000000    0.000000000
    0.724040067    0.000000000    0.000000000    0.000000000
    0.731218698    0.000000000    0.000000000    0.000000000
    0.738397329    0.000000000    0.000000000    0.000000000
    0.745575960    0.000000000    0.000000000    0.000000000
    0.752754591    0.000000000    0.000000000    0.000000000
    0.759933222    0.000000000    0.000000000    0.000000000
    0.767111853    0.000000000    0.000000000    0.000000000
    0.774290484    0.000000000    0.000000000    0.000000000
    0.781469115    0.000000000    0.000000000    0.000000000
    0.788647746    0.000000000    0.000000000    0.000000000
    0.795826377    0.000000000    0.000000000    0.000000000
    0.803005008    0.000000000    0.000000000    0.000000000
    0.810183639    0.000000000    0.000000000    0.000000000
    0.817362270    0.000000000    0.000000000    0.000000000
    0.824540902    0.000000000    0.000000000    0.000000000
    0.831719533    0.000000000    0.000000000    0.000000000
    0.838898164    0.000000000    0.000000000    0.000000000
    0.846076795    0.000000000    0.000000000    0.000000000
    0.853255426    0.000000000    0.000000000    0.000000000
    0.860434057    0.000000000    0.000000000    0.000000000
    0.867612688    0.000000000    0.000000000    0.000000000
    0.874791319    0.000000000    0.000000000    0.000000000
    0.881969950    0.000000000    0.000000000    0.000000000
    0.889148581    0.000000000    0.000000000    0.000000000
    0.896327212    0.000000000    0.000000000    0.000000000
    0.903505843    0.000000000    0.000000000    0.000000000
    0.910684474    0.000000000    0.000000000    0.000000000
    0.917863105    0.000000000    0.000000000    0.000000000
    0.925041736    0.000000000    0.000000000    0.000000000
    0.932220367    0.000000000    0.000000000    0.000000000
    0.939398998    0.000000000    0.000000000    0.000000000
    0.946577629    0.000000000    0.000000000    0.000000000
    0.953756260    0.000000000    0.000000000    0.000000000
    0.960934891    0.000000000    0.000000000    0.000000000
    0.968113523    0.000000000    0.000000000    0.000000000
    0.975292154    0.000000000    0.000000000    0.000000000
    0.982470785    0.000000000    0.000000000    0.000000000
    0.989649416    0.000000000    0.000000000    0.000000000
    0.996828047    0.000000002    0.000000000    0.000000000
    1.004006678    0.000000004    0.000000000    0.000000000
    1.011185309    0.000000011    0.000000000    0.000000000
    1.018363940    0.000000026    0.000000000    0.000000001
    1.025542571    0.000000053    0.000000000    0.000000002
    1.032721202    0.000000097    0.000000000    0.000000003
    1.039899833    0.000000157    0.000000000    0.000000005
    1.047078464    0.000000228    0.000000000    0.000000007
    1.054257095    0.000000296    0.000000000    0.000000009
    1.061435726    0.000000342    0.000000000    0.000000011
    1.068614357    0.000000352    0.000000000    0.000000011
    1.075792988    0.000000323    0.000000000    0.000000010
    1.082971619    0.000000265    0.000000000    0.000000008
    1.090150250    0.000000193    0.000000000    0.000000006
    1.097328881    0.000000126    0.000000000    0.000000004
    1.104507513    0.000000073    0.000000000    0.000000002
    1.111686144    0.000000038    0.000000000    0.000000001
    1.118864775    0.000000018    0.000000000    0.000000001
    1.126043406    0.000000007    0.000000000    0.000000000
    1.133222037    0.000000003    0.000000000    0.000000000
    1.140400668    0.000000001    0.000000000    0.000000000
    1.147579299    0.000000000    0.000000000    0.000000000
    1.154757930    0.000000000    0.000000000    0.000000000
    1.161936561    0.000000000    0.000000000    0.000000000
    1.169115192    0.000000000    0.000000000    0.000000000
    1.176293823    0.000000000    0.000000000    0.000000000
    1.183472454    0.000000000    0.000000000    0.000000000
    1.190651085    0.000000000    0.000000000    0.000000000
    1.197829716    0.000000000    0.000000000    0.000000000
    1.205008347    0.000000000    0.000000000    0.000000000
    1.212186978    0.000000000    0.000000000    0.000000000
    1.219365609    0.000000000    0.000000000    0.000000000
    1.226544240    0.000000000    0.000000000    0.000000000
    1.233722871    0.000000000    0.000000000    0.000000000
    1.240901503    0.000000000    0.000000000    0.000000000
    1.248080134    0.000000000    0.000000000    0.000000000
    1.255258765    0.000000000    0.000000000    0.000000000
    1.262437396    0.000000000    0.000000000    0.000000000
    1.269616027    0.000000000    0.000000000    0.000000000
    1.276794658    0.000000000    0.000000000    0.000000000
    1.283973289    0.000000000    0.000000000    0.000000000
    1.291151920    0.000000000    0.000000000    0.000000000
    1.298330551    0.000000000    0.000000000    0.000000000
    1.305509182    0.000000000    0.000000000    0.000000000
    1.312687813    0.000000000    0.000000000    0.000000000
    1.319866444    0.000000000    0.000000000    0.000000000
    1.327045075    0.000000000    0.000000000    0.000000000
    1.334223706    0.000000000    0.000000000    0.000000000
    1.341402337    0.000000000    0.000000000    0.000000000
    1.348580968    0.000000000    0.000000000    0.000000000
    1.355759599    0.000000000    0.000000000    0.000000000
    1.362938230    0.000000000    0.000000000    0.000000000
    1.370116861    0.000000000    0.000000000    0.000000000
    1.377295492    0.000000000    0.000000000    0.000000000
    1.384474124    0.000000000    0.000000000    0.000000000
    1.391652755    0.000000000    0.000000000    0.000000000
    1.398831386    0.000000000    0.000000000    0.000000000
    1.406010017    0.000000000    0.000000000    0.000000000
    1.413188648    0.000000001    0.000000000    0.000000001
    1.420367279    0.000000002    0.000000000    0.000000002
    1.427545910    0.000000004    0.000000000    0.000000003
    1.434724541    0.000000007    0.000000000    0.000000005
    1.441903172    0.000000010    0.000000000    0.000000008
    1.449081803    0.000000013    0.000000000    0.000000010
    1.456260434    0.000000015    0.000000000    0.000000012
    1.463439065    0.000000017    0.000000001    0.000000013
    1.470617696    0.000000018    0.000000001    0.000000013
    1.477796327    0.000000019    0.000000002    0.000000012
    1.484974958    0.000000021    0.000000003    0.000000012
    1.492153589    0.000000024    0.000000004    0.000000012
    1.499332220    0.000000026    0.000000005    0.000000013
    1.506510851    0.000000028    0.000000006    0.000000013
    1.513689482    0.000000027    0.000000006    0.000000012
    1.520868114    0.000000024    0.000000005    0.000000011
    1.528046745    0.000000019    0.000000004    0.000000008
    1.535225376    0.000000013    0.000000003    0.000000006
    1.542404007    0.000000008    0.000000002    0.000000004
    1.549582638    0.000000005    0.000000001    0.000000002
    1.556761269    0.000000002    0.000000001    0.000000001
    1.563939900    0.000000001    0.000000000    0.000000000
    1.571118531    0.000000000    0.000000000    0.000000000
    1.578297162    0.000000000    0.000000000    0.000000000
    1.585475793    0.000000000    0.000000000    0.000000000
    1.592654424    0.000000000    0.000000000    0.000000000
    1.599833055    0.000000000    0.000000000    0.000000000
    1.607011686    0.000000000    0.000000000    0.000000000
    1.614190317    0.000000000    0.000000000    0.000000000
    1.621368948    0.000000000    0.000000000    0.000000000
    1.628547579    0.000000000    0.000000000    0.000000000
    1.635726210    0.000000000    0.000000000    0.000000000
    1.642904841    0.000000000    0.000000000    0.000000000
    1.650083472    0.000000000    0.000000000    0.000000000
    1.657262104    0.000000000    0.000000000    0.000000000
    1.664440735    0.000000000    0.000000000    0.000000000
    1.671619366    0.000000000    0.000000000    0.000000000
    1.678797997    0.000000000    0.000000000    0.000000000
    1.685976628    0.000000000    0.000000000    0.000000000
    1.693155259    0.000000000    0.000000000    0.000000000
    1.700333890    0.000000000    0.000000000    0.000000000
    1.707512521    0.000000000    0.000000000    0.000000000
    1.714691152    0.000000000    0.000000000    0.000000000
    1.721869783    0.000000000    0.000000000    0.000000001
    1.729048414    0.000000000    0.000000000    0.000000002
    1.736227045    0.000000001    0.000000001    0.000000004
    1.743405676    0.000000003    0.000000002    0.000000009
    1.750584307    0.000000008    0.000000004    0.000000019
    1.757762938    0.000000018    0.000000008    0.000000034
    1.764941569    0.000000035    0.000000013    0.000000055
    1.772120200    0.000000062    0.000000019    0.000000080
    1.779298831    0.000000099    0.000000024    0.000000103
    1.786477462    0.000000140    0.000000028    0.000000118
    1.793656093    0.000000178    0.000000028    0.000000122
    1.800834725    0.000000202    0.000000026    0.000000111
    1.808013356    0.000000206    0.000000021    0.000000091
    1.815191987    0.000000187    0.000000016    0.000000066
    1.822370618    0.000000152    0.000000010    0.000000043
    1.829549249    0.000000111    0.000000006    0.000000025
    1.836727880    0.000000074    0.000000004    0.000000014
    1.843906511    0.000000048    0.000000003    0.000000008
    1.851085142    0.000000036    0.000000003    0.000000007
    1.858263773    0.000000040    0.000000005    0.000000010
    1.865442404    0.000000059    0.000000006    0.000000015
    1.872621035    0.000000093    0.000000008    0.000000023
    1.879799666    0.000000136    0.000000010    0.000000031
    1.886978297    0.000000183    0.000000012    0.000000040
    1.894156928    0.000000221    0.000000012    0.000000047
    1.901335559    0.000000239    0.000000012    0.000000050
    1.908514190    0.000000232    0.000000010    0.000000048
    1.915692821    0.000000201    0.000000009    0.000000042
    1.922871452    0.000000156    0.000000007    0.000000035
    1.930050083    0.000000109    0.000000007    0.000000029
    1.937228715    0.000000068    0.000000009    0.000000028
    1.944407346    0.000000038    0.000000014    0.000000033
    1.951585977    0.000000021    0.000000020    0.000000044
    1.958764608    0.000000013    0.000000027    0.000000061
    1.965943239    0.000000011    0.000000034    0.000000080
    1.973121870    0.000000014    0.000000039    0.000000100
    1.980300501    0.000000018    0.000000041    0.000000118
    1.987479132    0.000000022    0.000000040    0.000000131
    1.994657763    0.000000025    0.000000036    0.000000137
    2.001836394    0.000000026    0.000000030    0.000000134
    2.009015025    0.000000026    0.000000024    0.000000122
    2.016193656    0.000000028    0.000000018    0.000000103
    2.023372287    0.000000035    0.000000013    0.000000085
    2.030550918    0.000000054    0.000000009    0.000000074
    2.037729549    0.000000091    0.000000007    0.000000080
    2.044908180    0.000000152    0.000000008    0.000000111
    2.052086811    0.000000234    0.000000010    0.000000170
    2.059265442    0.000000330    0.000000015    0.000000255
    2.066444073    0.000000421    0.000000021    0.000000353
    2.073622705    0.000000486    0.000000026    0.000000444
    2.080801336    0.000000509    0.000000030    0.000000502
    2.087979967    0.000000484    0.000000031    0.000000511
    2.095158598    0.000000418    0.000000029    0.000000466
    2.102337229    0.000000331    0.000000024    0.000000383
    2.109515860    0.000000242    0.000000019    0.000000285
    2.116694491    0.000000166    0.000000014    0.000000195
    2.123873122    0.000000112    0.000000013    0.000000127
    2.131051753    0.000000083    0.000000017    0.000000087
    2.138230384    0.000000082    0.000000032    0.000000073
    2.145409015    0.000000110    0.000000064    0.000000083
    2.152587646    0.000000173    0.000000120    0.000000116
    2.159766277    0.000000268    0.000000203    0.000000173
    2.166944908    0.000000386    0.000000309    0.000000250
    2.174123539    0.000000506    0.000000422    0.000000336
    2.181302170    0.000000595    0.000000518    0.000000412
    2.188480801    0.000000628    0.000000575    0.000000459
    2.195659432    0.000000596    0.000000580    0.000000465
    2.202838063    0.000000509    0.000000542    0.000000429
    2.210016694    0.000000395    0.000000482    0.000000366
    2.217195326    0.000000282    0.000000426    0.000000293
    2.224373957    0.000000191    0.000000397    0.000000227
    2.231552588    0.000000127    0.000000405    0.000000178
    2.238731219    0.000000088    0.000000447    0.000000149
    2.245909850    0.000000067    0.000000506    0.000000135
    2.253088481    0.000000057    0.000000554    0.000000130
    2.260267112    0.000000054    0.000000566    0.000000127
    2.267445743    0.000000058    0.000000529    0.000000123
    2.274624374    0.000000071    0.000000449    0.000000122
    2.281803005    0.000000098    0.000000347    0.000000130
    2.288981636    0.000000144    0.000000249    0.000000157
    2.296160267    0.000000209    0.000000175    0.000000207
    2.303338898    0.000000291    0.000000134    0.000000281
    2.310517529    0.000000378    0.000000120    0.000000368
    2.317696160    0.000000455    0.000000122    0.000000454
    2.324874791    0.000000508    0.000000127    0.000000518
    2.332053422    0.000000526    0.000000127    0.000000548
    2.339232053    0.000000511    0.000000117    0.000000538
    2.346410684    0.000000472    0.000000100    0.000000495
    2.353589316    0.000000424    0.000000080    0.000000436
    2.360767947    0.000000380    0.000000063    0.000000381
    2.367946578    0.000000350    0.000000052    0.000000348
    2.375125209    0.000000341    0.000000048    0.000000354
    2.382303840    0.000000361    0.000000052    0.000000417
    2.389482471    0.000000422    0.000000066    0.000000559
    2.396661102    0.000000542    0.000000095    0.000000794
    2.403839733    0.000000739    0.000000143    0.000001118
    2.411018364    0.000001033    0.000000211    0.000001494
    2.418196995    0.000001454    0.000000296    0.000001850
    2.425375626    0.000002064    0.000000390    0.000002105
    2.432554257    0.000002960    0.000000483    0.000002205
    2.439732888    0.000004239    0.000000570    0.000002157
    2.446911519    0.000005910    0.000000646    0.000002022
    2.454090150    0.000007790    0.000000710    0.000001883
    2.461268781    0.000009491    0.000000754    0.000001796
    2.468447412    0.000010527    0.000000765    0.000001757
    2.475626043    0.000010534    0.000000728    0.000001719
    2.482804674    0.000009468    0.000000639    0.000001624
    2.489983306    0.000007635    0.000000512    0.000001449
    2.497161937    0.000005535    0.000000373    0.000001215
    2.504340568    0.000003643    0.000000245    0.000000977
    2.511519199    0.000002231    0.000000147    0.000000787
    2.518697830    0.000001351    0.000000082    0.000000676
    2.525876461    0.000000899    0.000000046    0.000000640
    2.533055092    0.000000739    0.000000028    0.000000658
    2.540233723    0.000000796    0.000000023    0.000000697
    2.547412354    0.000001158    0.000000023    0.000000730
    2.554590985    0.000002218    0.000000025    0.000000743
    2.561769616    0.000004902    0.000000028    0.000000737
    2.568948247    0.000010950    0.000000030    0.000000732
    2.576126878    0.000023312    0.000000033    0.000000759
    2.583305509    0.000048158    0.000000039    0.000000849
    2.590484140    0.000108548    0.000000052    0.000001018
    2.597662771    0.000319926    0.000000097    0.000001262
    2.604841402    0.001237408    0.000000281    0.000001606
    2.612020033    0.005223829    0.000001073    0.000002300
    2.619198664    0.021083515    0.000004213    0.000004453
    2.626377295    0.077447570    0.000015364    0.000011782
    2.633555927    0.255184477    0.000050516    0.000034815
    2.640734558    0.751105402    0.000148575    0.000099114
    2.647913189    1.972601261    0.000390068    0.000257499
    2.655091820    4.620808746    0.000913580    0.000600806
    2.662270451    9.653590975    0.001908435    0.001253098
    2.669449082   17.986042850    0.003555503    0.002332888
    2.676627713   29.884925702    0.005907503    0.003874713
    2.683806344   44.282917146    0.008753461    0.005740294
    2.690984975   58.517638491    0.011567125    0.007584704
    2.698163606   68.960989312    0.013631358    0.008937882
    2.705342237   72.474649374    0.014325835    0.009393194
    2.712520868   67.925780479    0.013426642    0.008803826
    2.719699499   56.773935882    0.011222282    0.007358845
    2.726878130   42.318400153    0.008364909    0.005485698
    2.734056761   28.130371166    0.005560419    0.003647092
    2.741235392   16.675852909    0.003296254    0.002162573
    2.748414023    8.815933584    0.001742617    0.001143768
    2.755592654    4.156430149    0.000821592    0.000539668
    2.762771285    1.747666916    0.000345462    0.000227274
    2.769949917    0.655434580    0.000129565    0.000085558
    2.777128548    0.219323966    0.000043361    0.000028940
    2.784307179    0.065559410    0.000012970    0.000008967
    2.791485810    0.017572567    0.000003488    0.000002740
    2.798664441    0.004275834    0.000000865    0.000001037
    2.805843072    0.000980198    0.000000220    0.000000662
    2.813021703    0.000232379    0.000000079    0.000000673
    2.820200334    0.000065795    0.000000057    0.000000860
    2.827378965    0.000023539    0.000000064    0.000001235
    2.834557596    0.000009796    0.000000087    0.000001864
    2.841736227    0.000004654    0.000000126    0.000002789
    2.848914858    0.000003024    0.000000184    0.000003978
    2.856093489    0.000003168    0.000000264    0.000005322
    2.863272120    0.000004522    0.000000376    0.000006683
    2.870450751    0.000006990    0.000000537    0.000007950
    2.877629382    0.000010473    0.000000769    0.000009064
    2.884808013    0.000014557    0.000001083    0.000009976
    2.891986644    0.000018429    0.000001464    0.000010581
    2.899165275    0.000021106    0.000001854    0.000010713
    2.906343907    0.000021864    0.000002168    0.000010243
    2.913522538    0.000020648    0.000002328    0.000009207
    2.920701169    0.000018177    0.000002292    0.000007864
    2.927879800    0.000015678    0.000002085    0.000006623
    2.935058431    0.000014369    0.000001776    0.000005898
    2.942237062    0.000014978    0.000001450    0.000005997
    2.949415693    0.000017661    0.000001171    0.000007168
    2.956594324    0.000023509    0.000000965    0.000009835
    2.963772955    0.000043915    0.000000833    0.000015055
    2.970951586    0.000149683    0.000000780    0.000025516
    2.978130217    0.000700832    0.000000873    0.000049808
    2.985308848    0.003289134    0.000001424    0.000124345
    2.992487479    0.014085997    0.000003638    0.000415211
    2.999666110    0.054029468    0.000011740    0.001634340
    3.006844741    0.184979590    0.000039072    0.006538013
    3.014023372    0.564937279    0.000123205    0.024657224
    3.021202003    1.538943862    0.000358107    0.085219768
    3.028380634    3.739411301    0.000951786    0.267047792
    3.035559265    8.105318742    0.002309126    0.755011198
    3.042737896   15.673448160    0.005113613    1.920268472
    3.049916528   27.042246755    0.010336866    4.384446153
    3.057095159   41.637110020    0.019063819    8.972812040
    3.064273790   57.224261903    0.032046846   16.439084115
    3.071452421   70.223147727    0.049080544   26.937884720
    3.078631052   76.979193783    0.068652827   39.455049066
    3.085809683   75.430266564    0.088761075   51.634838941
    3.092988314   66.145002160    0.110022650   60.388790708
    3.100166945   52.042859535    0.141950003   63.204167443
    3.107345576   37.020812331    0.212096126   59.477361193
    3.114524207   24.415125268    0.375014405   51.021761186
    3.121702838   16.141692911    0.713322511   41.380525150
    3.128881469   12.683292237    1.319168624   34.328731032
    3.136060100   13.502919635    2.248220661   32.354459361
    3.143238731   17.404285725    3.456662501   35.759207210
    3.150417362   22.716190841    4.758356561   42.630477322
    3.157595993   27.509414759    5.849322984   49.642093771
    3.164774624   30.045469106    6.415312093   53.414924485
    3.171953255   29.356989520    6.275715047   51.909874687
    3.179131886   25.603460659    5.475174882   45.186552680
    3.186310518   19.918906837    4.259981403   35.130733708
    3.193489149   13.820840388    2.955889674   24.370000837
    3.200667780    8.552341374    1.829108550   15.078900590
    3.207846411    4.719710184    1.009401089    8.321148659
    3.215025042    2.322914578    0.496782101    4.095305976
    3.222203673    1.019668461    0.218049483    1.797593366
    3.229382304    0.399244898    0.085358895    0.703870859
    3.236560935    0.139474016    0.029805048    0.246442578
    3.243739566    0.043509594    0.009287223    0.079687711
    3.250918197    0.012162554    0.002597337    0.034244076
    3.258096828    0.003116433    0.000717492    0.053965282
    3.265275459    0.000910701    0.000480619    0.165309968
    3.272454090    0.000873478    0.001428327    0.495066439
    3.279632721    0.002585452    0.005373752    1.332504363
    3.286811352    0.008708529    0.018887178    3.204788854
    3.293989983    0.027487060    0.060461234    6.888636451
    3.301168614    0.079048832    0.175051839   13.246906968
    3.308347245    0.205265661    0.456300650   22.827618773
    3.315525876    0.479054306    1.067444981   35.338747982
    3.322704508    1.002059833    2.236180583   49.323689951
    3.329883139    1.875315000    4.188961356   62.382452902
    3.337061770    3.136382417    7.010202512   71.968743025
    3.344240401    4.684201938   10.473945916   76.337913148
    3.351419032    6.244326877   13.965982179   75.064837218
    3.358597663    7.427537898   16.615058699   68.897966150
    3.365776294    7.881839890   17.633139439   59.231626064
    3.372954925    7.460732814   16.692035431   47.643363016
    3.380133556    6.299240721   14.093360486   35.667474026
    3.387312187    4.744893064   10.613149831   24.663745959
    3.394490818    3.192924147    7.130013161   15.638056069
    3.401669449    1.935468097    4.279231498    9.077796397
    3.408848080    1.108278708    2.314016968    4.964857869
    3.416026711    0.741805019    1.183463956    3.016976142
    3.423205342    0.863007986    0.710608603    3.038445596
    3.430383973    1.578671976    0.744040807    5.185812120
    3.437562604    3.083759954    1.218814888    9.977325321
    3.444741235    5.563353444    2.125103792   17.952810038
    3.451919866    9.004393075    3.419561612   29.044350843
    3.459098497   13.009821016    4.935898379   41.961142446
    3.466277129   16.765882743    6.359918040   54.075074804
    3.473455760   19.269029547    7.309259210   62.148338000
    3.480634391   19.749771889    7.491574674   63.698763458
    3.487813022   18.052382785    6.847642214   58.223714770
    3.494991653   14.716203141    5.581817918   47.461287352
    3.502170284   10.701940744    4.057670854   34.504217407
    3.509348915    6.954370845    2.630539589   22.378794101
    3.516527546    4.079597198    1.520831343   12.974533495
    3.523706177    2.292135836    0.784136873    6.806035611
    3.530884808    1.592570011    0.360590277    3.461998620
    3.538063439    2.023867709    0.147968319    2.266002484
    3.545242070    3.851335645    0.054351315    2.749641003
    3.552420701    7.553211146    0.018210981    4.784849428
    3.559599332   13.563335741    0.006173418    8.409771509
    3.566777963   21.814864141    0.003028100   13.478548651
    3.573956594   31.311984832    0.002841429   19.335918636
    3.581135225   40.085579200    0.003771617   24.753870209
    3.588313856   45.767283272    0.006197273   28.271769857
    3.595492487   46.606429709    0.013586095   28.826345085
    3.602671119   42.345700735    0.036569421   26.311695534
    3.609849750   34.371173942    0.101486459   21.714260558
    3.617028381   25.037795634    0.263382688   16.761297916
    3.624207012   16.638199238    0.618003392   13.344345236
    3.631385643   10.641377298    1.298194622   13.031650017
    3.638564274    7.504662311    2.434866775   16.758116939
    3.645742905    6.926055036    4.075235511   24.574496871
    3.652921536    8.233086929    6.088010513   35.415250760
    3.660100167   10.733329860    8.125831230   47.123160450
    3.667278798   14.029187124    9.713603344   57.063084490
    3.674457429   18.300968763   10.459392326   63.291700327
    3.681636060   24.407737089   10.280993058   65.644489922
    3.688814691   33.569316755    9.496928941   65.869155157
    3.695993322   46.572507395    8.700366268   66.475962183
    3.703171953   62.836323229    8.471657989   68.963831843
    3.710350584   79.956612395    9.084434317   72.668635220
    3.717529215   94.204301659   10.359059592   75.091355391
    3.724707846  101.878284253   11.735934015   73.473975420
    3.731886477  100.820632796   12.533599681   66.497453450
    3.739065109   91.264654547   12.265768425   54.986812800
    3.746243740   75.611192344   10.855375818   41.329757852
    3.753422371   57.366397439    8.636223640   28.203829626
    3.760601002   39.866456406    6.158633543   17.490590169
    3.767779633   25.375035603    3.930642487    9.883902044
    3.774958264   14.812874957    2.243286662    5.135498497
    3.782136895    8.033471477    1.144643867    2.573837125
    3.789315526    4.373891145    0.523666141    1.571303225
    3.796494157    3.209638875    0.220032778    1.826980620
    3.803672788    4.340446586    0.099668554    3.467665361
    3.810851419    8.123401684    0.083060681    6.983417837
    3.818030050   15.311965895    0.143593691   12.978369346
    3.825208681   26.606994438    0.296630581   21.749278026
    3.832387312   42.047950147    0.589842142   32.846518415
    3.839565943   60.532921475    1.095050962   44.913421581
    3.846744574   79.793217118    1.897293705   56.038624853
    3.853923205   96.940491277    3.078357181   64.532450061
    3.861101836  109.363340278    4.698446939   69.696121841
    3.868280467  115.560315920    6.785813024   72.136962926
    3.875459098  115.596315475    9.339146517   73.516130289
    3.882637730  111.083227333   12.325766504   75.926389207
    3.889816361  104.680904295   15.640728605   81.103566033
    3.896994992   99.145866734   19.019702361   89.579370380
    3.904173623   96.153626817   21.978300001  100.037072306
    3.911352254   95.446248122   23.904536304  109.399718422
    3.918530885   94.909365716   24.354637562  114.008713120
    3.925709516   91.696813428   23.407438965  111.475726805
    3.932888147   83.797982005   21.793335093  102.065229743
    3.940066778   71.106750334   20.605536978   88.598754489
    3.947245409   55.403063204   20.696086217   74.881602730
    3.954424040   39.393377408   22.125575855   63.699399067
    3.961602671   25.492781648   24.048186575   55.667795225
    3.968781302   15.033384357   25.143709524   49.532175511
    3.975959933    8.168587000   24.341254453   43.503358949
    3.983138564    4.287549222   21.381124202   36.621795393
    3.990317195    2.553457109   16.884396810   29.306805711
    3.997495826    2.264222551   11.950302395   22.927038090
    4.004674457    2.944470440    7.600997241   18.858095323
    4.011853088    4.248434616    4.422412765   17.670466373
    4.019031720    5.822090382    2.538373638   18.850700892
    4.026210351    7.252856792    1.816077283   21.101006110
    4.033388982    8.156070333    2.105361296   23.004624168
    4.040567613    8.346839946    3.368092605   23.720962398
    4.047746244    7.982539416    5.664869294   23.382939900
    4.054924875    7.581185842    9.056379808   23.033210094
    4.062103506    7.900722848   13.511887558   24.188410891
    4.069282137    9.723541214   18.881446137   28.269390973
    4.076460768   13.589651989   24.899132783   36.070425439
    4.083639399   19.520217439   31.128529493   47.313973399
    4.090818030   26.842957491   36.836847354   60.391161926
    4.097996661   34.312606649   40.951429769   72.576876614
    4.105175292   40.635426397   42.305162205   80.956776950
    4.112353923   45.193067359   40.166470063   83.792759613
    4.119532554   48.456250707   34.730528154   81.471515119
    4.126711185   51.654332938   27.172193130   76.231243047
    4.133889816   55.796452894   19.164686375   70.718734934
    4.141068447   60.711261759   12.177364559   66.381151410
    4.148247078   64.845569286    6.994893080   62.834076283
    4.155425710   66.025115327    3.670443127   58.537419548
    4.162604341   62.677331226    1.799876859   52.117686439
    4.169782972   54.716998330    0.859046125   43.338917386
    4.176961603   43.587874642    0.421174905   33.181664117
    4.184140234   31.542947884    0.221716473   23.206116927
    4.191318865   20.677260753    0.131451240   14.767135582
    4.198497496   12.252025884    0.109421345    8.555057813
    4.205676127    6.550150747    0.178067749    4.592295488
    4.212854758    3.154293861    0.433483488    2.531890012
    4.220033389    1.366272455    1.082577275    2.018803486
    4.227212020    0.532153301    2.475808181    2.935552319
    4.234390651    0.188484796    5.076928386    5.445205913
    4.241569282    0.068938222    9.306183126    9.812482618
    4.248747913    0.051475958   15.254026030   16.058325759
    4.255926544    0.106134451   22.392240737   23.616024888
    4.263105175    0.267251510   29.515222586   31.240691504
    4.270283806    0.627276096   35.079122633   37.340263818
    4.277462437    1.335906687   37.837121576   40.612938717
    4.284641068    2.585664901   37.393829808   40.597848561
    4.291819699    4.573200042   34.305928799   37.763674036
    4.298998331    7.441310042   29.688050743   33.111945911
    4.306176962   11.216193843   24.646075542   27.638779526
    4.313355593   15.746519475   19.916651990   22.032731050
    4.320534224   20.641547805   15.834301329   16.698390572
    4.327712855   25.230164477   12.476234753   11.914737518
    4.334891486   28.616321603    9.792192443    7.915744811
    4.342070117   29.909976309    7.661817793    4.851837591
    4.349248748   28.596657458    5.931099973    2.727663483
    4.356427379   24.843150410    4.466413133    1.403461280
    4.363606010   19.504398881    3.201785732    0.661876870
    4.370784641   13.782185294    2.140608245    0.287774209
    4.377963272    8.740234852    1.313746492    0.117446315
    4.385141903    4.967287581    0.732584817    0.049651073
    4.392320534    2.536206495    0.370272888    0.034835908
    4.399499165    1.190823640    0.173810096    0.061224270
    4.406677796    0.586831763    0.088068306    0.147097562
    4.413856427    0.454435989    0.073324394    0.337808241
    4.421035058    0.647869845    0.109575452    0.698087309
    4.428213689    1.111465169    0.190096932    1.288061149
    4.435392321    1.807652241    0.309747480    2.119845541
    4.442570952    2.648204917    0.453910021    3.111359568
    4.449749583    3.465289705    0.593985644    4.072533827
    4.456928214    4.044837083    0.693329943    4.753854440
    4.464106845    4.210615533    0.721747559    4.948724352
    4.471285476    3.908941341    0.670039387    4.594165960
    4.478464107    3.236233976    0.554733277    3.803523157
    4.485642738    2.389398418    0.409580692    2.808222006
    4.492821369    1.573285677    0.269694720    1.849025708
    4.500000000    0.923853062    0.158379084    1.085728110
