# energy grid [eV]     epsr_x  epsr_y  epsr_z
#
    0.200000000   16.435650543    3.300475732   16.553881018
    0.207178631   16.439618066    3.300841694   16.557801754
    0.214357262   16.443728080    3.301220902   16.561863248
    0.221535893   16.447980860    3.301613390   16.566065766
    0.228714524   16.452376690    3.302019199   16.570409583
    0.235893155   16.456915865    3.302438367   16.574894985
    0.243071786   16.461598690    3.302870938   16.579522267
    0.250250417   16.466425480    3.303316954   16.584291735
    0.257429048   16.471396562    3.303776460   16.589203705
    0.264607679   16.476512273    3.304249505   16.594258503
    0.271786311   16.481772961    3.304736135   16.599456465
    0.278964942   16.487178983    3.305236403   16.604797939
    0.286143573   16.492730709    3.305750360   16.610283282
    0.293322204   16.498428520    3.306278061   16.615912863
    0.300500835   16.504272809    3.306819563   16.621687062
    0.307679466   16.510263977    3.307374923   16.627606270
    0.314858097   16.516402442    3.307944203   16.633670888
    0.322036728   16.522688628    3.308527465   16.639881330
    0.329215359   16.529122975    3.309124775   16.646238020
    0.336393990   16.535705933    3.309736200   16.652741396
    0.343572621   16.542437966    3.310361809   16.659391906
    0.350751252   16.549319549    3.311001676   16.666190010
    0.357929883   16.556351169    3.311655874   16.673136182
    0.365108514   16.563533328    3.312324481   16.680230906
    0.372287145   16.570866540    3.313007578   16.687474681
    0.379465776   16.578351331    3.313705248   16.694868017
    0.386644407   16.585988243    3.314417576   16.702411440
    0.393823038   16.593777830    3.315144653   16.710105486
    0.401001669   16.601720661    3.315886569   16.717950707
    0.408180301   16.609817319    3.316643422   16.725947667
    0.415358932   16.618068400    3.317415310   16.734096947
    0.422537563   16.626474518    3.318202335   16.742399140
    0.429716194   16.635036300    3.319004604   16.750854855
    0.436894825   16.643754390    3.319822228   16.759464716
    0.444073456   16.652629446    3.320655321   16.768229362
    0.451252087   16.661662144    3.321504001   16.777149450
    0.458430718   16.670853177    3.322368392   16.786225650
    0.465609349   16.680203254    3.323248621   16.795458652
    0.472787980   16.689713101    3.324144821   16.804849162
    0.479966611   16.699383465    3.325057129   16.814397902
    0.487145242   16.709215108    3.325985689   16.824105614
    0.494323873   16.719208815    3.326930648   16.833973060
    0.501502504   16.729365387    3.327892163   16.844001019
    0.508681135   16.739685647    3.328870392   16.854190290
    0.515859766   16.750170439    3.329865504   16.864541694
    0.523038397   16.760820630    3.330877672   16.875056072
    0.530217028   16.771637106    3.331907078   16.885734288
    0.537395659   16.782620780    3.332953911   16.896577229
    0.544574290   16.793772586    3.334018366   16.907585804
    0.551752922   16.805093485    3.335100651   16.918760948
    0.558931553   16.816584463    3.336200979   16.930103621
    0.566110184   16.828246534    3.337319574   16.941614811
    0.573288815   16.840080739    3.338456671   16.953295531
    0.580467446   16.852088149    3.339612514   16.965146825
    0.587646077   16.864269866    3.340787359   16.977169768
    0.594824708   16.876627022    3.341981476   16.989365464
    0.602003339   16.889160786    3.343195145   17.001735053
    0.609181970   16.901872361    3.344428661   17.014279709
    0.616360601   16.914762985    3.345682335   17.027000643
    0.623539232   16.927833939    3.346956493   17.039899103
    0.630717863   16.941086542    3.348251478   17.052976381
    0.637896494   16.954522159    3.349567649   17.066233811
    0.645075125   16.968142200    3.350905389   17.079672773
    0.652253756   16.981948124    3.352265097   17.093294695
    0.659432387   16.995941444    3.353647199   17.107101058
    0.666611018   17.010123725    3.355052142   17.121093399
    0.673789649   17.024496596    3.356480402   17.135273313
    0.680968280   17.039061745    3.357932481   17.149642460
    0.688146912   17.053820933    3.359408915   17.164202565
    0.695325543   17.068775989    3.360910270   17.178955431
    0.702504174   17.083928825    3.362437153   17.193902936
    0.709682805   17.099281437    3.363990207   17.209047046
    0.716861436   17.114835912    3.365570120   17.224389819
    0.724040067   17.130594441    3.367177630   17.239933413
    0.731218698   17.146559321    3.368813525   17.255680098
    0.738397329   17.162732968    3.370478652   17.271632262
    0.745575960   17.179117931    3.372173923   17.287792426
    0.752754591   17.195716901    3.373900318   17.304163255
    0.759933222   17.212532728    3.375658899   17.320747575
    0.767111853   17.229568436    3.377450812   17.337548389
    0.774290484   17.246827242    3.379277305   17.354568894
    0.781469115   17.264312580    3.381139732   17.371812509
    0.788647746   17.282028122    3.383039571   17.389282895
    0.795826377   17.299977814    3.384978440   17.406983990
    0.803005008   17.318165900    3.386958113   17.424920040
    0.810183639   17.336596969    3.388980543   17.443095642
    0.817362270   17.355276000    3.391047890   17.461515789
    0.824540902   17.374208409    3.393162546   17.480185932
    0.831719533   17.393400122    3.395327175   17.499112040
    0.838898164   17.412857643    3.397544756   17.518300681
    0.846076795   17.432588149    3.399818633   17.537759123
    0.853255426   17.452599596    3.402152584   17.557495439
    0.860434057   17.472900846    3.404550894   17.577518654
    0.867612688   17.493501833    3.407018453   17.597838912
    0.874791319   17.514413749    3.409560881   17.618467682
    0.881969950   17.535649289    3.412184676   17.639418025
    0.889148581   17.557222943    3.414897410   17.660704910
    0.896327212   17.579151371    3.417707981   17.682345630
    0.903505843   17.601453871    3.420626937   17.704360325
    0.910684474   17.624152982    3.423666905   17.726772652
    0.917863105   17.647275254    3.426843167   17.749610671
    0.925041736   17.670852263    3.430174434   17.772908000
    0.932220367   17.694921940    3.433683907   17.796705365
    0.939398998   17.719530347    3.437400748   17.821052694
    0.946577629   17.744734072    3.441362114   17.846011950
    0.953756260   17.770603449    3.445615968   17.871661000
    0.960934891   17.797226885    3.450224796   17.898098768
    0.968113523   17.824716370    3.455269925   17.925451622
    0.975292154   17.853213432    3.460854004   17.953879277
    0.982470785   17.882890882    3.467090906   17.983571616
    0.989649416   17.913929934    3.474038947   18.014699996
    0.996828047   17.946389270    3.481402025   18.047176405
    1.004006678   17.979673410    3.487388759   18.079708530
    1.011185309   18.011302814    3.486110022   18.107630399
    1.018363940   18.039498296    3.472877492   18.127383773
    1.025542571   18.072669256    3.463840849   18.153054404
    1.032721202   18.116071662    3.468429851   18.193144094
    1.039899833   18.166642487    3.479467699   18.241931764
    1.047078464   18.220318585    3.492117879   18.293947968
    1.054257095   18.264168064    3.502511958   18.337008819
    1.061435726   18.252221636    3.500385957   18.329395186
    1.068614357   18.115397390    3.470584462   18.208535738
    1.075792988   17.956802727    3.435971910   18.067906149
    1.082971619   17.923512126    3.429114752   18.040821897
    1.090150250   17.962325329    3.438405327   18.079112723
    1.097328881   18.017304001    3.451644195   18.132126317
    1.104507513   18.071620397    3.465283408   18.184653288
    1.111686144   18.122260278    3.478860608   18.234007100
    1.118864775   18.169534307    3.492699442   18.280523112
    1.126043406   18.214339362    3.507307065   18.325079364
    1.133222037   18.257513603    3.523168596   18.368508159
    1.140400668   18.299611157    3.540356768   18.411358366
    1.147579299   18.340394840    3.556968309   18.453281263
    1.154757930   18.377001378    3.563523916   18.490802277
    1.161936561   18.401022444    3.534126280   18.513766680
    1.169115192   18.411492043    3.465398059   18.520958648
    1.176293823   18.431529734    3.426439768   18.539865352
    1.183472454   18.464853114    3.428376909   18.572719597
    1.190651085   18.500680024    3.439326135   18.599628199
    1.197829716   18.534020206    3.444603142   18.610513288
    1.205008347   18.568263634    3.452621798   18.627951554
    1.212186978   18.605200942    3.468074729   18.662012443
    1.219365609   18.643092292    3.486632196   18.702553347
    1.226544240   18.681069803    3.506206323   18.744172053
    1.233722871   18.718999953    3.526167999   18.785514134
    1.240901503   18.756923104    3.544200186   18.825890374
    1.248080134   18.794810497    3.550068872   18.862930021
    1.255258765   18.832467623    3.520915005   18.891238037
    1.262437396   18.870143838    3.468662961   18.913769129
    1.269616027   18.908673261    3.450614091   18.944372823
    1.276794658   18.948104951    3.463115932   18.982183457
    1.283973289   18.988274045    3.485237401   19.022144708
    1.291151920   19.029206986    3.509609975   19.062457195
    1.298330551   19.071024667    3.534641526   19.102786988
    1.305509182   19.113854009    3.558497265   19.143163738
    1.312687813   19.157677126    3.572508062   19.183639344
    1.319866444   19.202097865    3.552116613   19.224153300
    1.327045075   19.247361330    3.493087875   19.264795274
    1.334223706   19.295731733    3.462982632   19.306188165
    1.341402337   19.347614193    3.475728978   19.348499579
    1.348580968   19.400289867    3.502300332   19.391342059
    1.355759599   19.443525808    3.520888951   19.433473569
    1.362938230   19.447533297    3.500084331   19.471310817
    1.370116861   19.396935628    3.424863718   19.503042912
    1.377295492   19.372218784    3.372829407   19.538550129
    1.384474124   19.404159599    3.373884387   19.581663001
    1.391652755   19.458158981    3.395057837   19.628238269
    1.398831386   19.515908347    3.418829425   19.676037688
    1.406010017   19.571724839    3.439165677   19.723992233
    1.413188648   19.620923139    3.449158596   19.770014758
    1.420367279   19.658738027    3.441220084   19.811659475
    1.427545910   19.695798827    3.431853887   19.854387514
    1.434724541   19.742670956    3.437480626   19.903688485
    1.441903172   19.794579662    3.450459834   19.957243679
    1.449081803   19.847656721    3.464599280   20.013299265
    1.456260434   19.900949675    3.478301380   20.071722084
    1.463439065   19.954467493    3.491485371   20.133025355
    1.470617696   20.008452486    3.504435650   20.198024890
    1.477796327   20.063201163    3.517510372   20.267729273
    1.484974958   20.119013678    3.531043582   20.343047474
    1.492153589   20.176096202    3.545141914   20.423418439
    1.499332220   20.234135888    3.558849830   20.501089050
    1.506510851   20.290784191    3.567233925   20.541332118
    1.513689482   20.339748619    3.557798650   20.458339785
    1.520868114   20.382129939    3.532694059   20.266583168
    1.528046745   20.433297956    3.523788265   20.187231554
    1.535225376   20.485915318    3.528452333   20.229325045
    1.542404007   20.510088493    3.521817212   20.300847427
    1.549582638   20.496249442    3.495185296   20.365638848
    1.556761269   20.506662217    3.480433541   20.433697387
    1.563939900   20.557620635    3.486056617   20.509104765
    1.571118531   20.623274060    3.498571277   20.585582141
    1.578297162   20.691422868    3.511667482   20.660731381
    1.585475793   20.759141682    3.523862335   20.734282842
    1.592654424   20.825774409    3.534744075   20.805042394
    1.599833055   20.889998157    3.543195199   20.866696004
    1.607011686   20.949011101    3.546882854   20.906393312
    1.614190317   21.005837523    3.548107907   20.935662385
    1.621368948   21.068226020    3.552926662   20.985836035
    1.628547579   21.135148462    3.560385357   21.051619542
    1.635726210   21.204147255    3.568374376   21.121741185
    1.642904841   21.274552474    3.576221285   21.192522847
    1.650083472   21.346187758    3.583816388   21.263300889
    1.657262104   21.417916271    3.591117198   21.333892769
    1.664440735   21.484345222    3.597833334   21.403192811
    1.671619366   21.531737104    3.603145640   21.468023124
    1.678797997   21.561750631    3.607192661   21.529017077
    1.685976628   21.610528146    3.612269562   21.595372382
    1.693155259   21.680869790    3.618572356   21.667998485
    1.700333890   21.758935372    3.625247430   21.743684388
    1.707512521   21.839195054    3.631958418   21.821319707
    1.714691152   21.920582050    3.638645093   21.900958437
    1.721869783   22.003267263    3.645320943   21.983042333
    1.729048414   22.087735907    3.652015043   22.068200708
    1.736227045   22.174572591    3.658758748   22.157218422
    1.743405676   22.264381015    3.665583442   22.250972493
    1.750584307   22.357540082    3.672519696   22.350026884
    1.757762938   22.453127283    3.679591447   22.452782332
    1.764941569   22.544937713    3.686790590   22.548597509
    1.772120200   22.614390952    3.694028375   22.605010946
    1.779298831   22.655340189    3.701286214   22.605627807
    1.786477462   22.713143814    3.708830269   22.604808606
    1.793656093   22.791023961    3.716602173   22.572054694
    1.800834725   22.882127976    3.724834219   22.535432411
    1.808013356   23.001583681    3.734077647   22.594345643
    1.815191987   23.142029902    3.744287658   22.713065549
    1.822370618   23.293052200    3.755200034   22.847672138
    1.829549249   23.435992628    3.765766551   22.978323548
    1.836727880   23.500670550    3.771620081   23.073809088
    1.843906511   23.323942726    3.762552501   23.066605357
    1.851085142   22.960451848    3.742008381   22.980363034
    1.858263773   22.823027739    3.735889319   22.987976810
    1.865442404   22.907535767    3.743981442   23.088518540
    1.872621035   23.057714222    3.756555579   23.217641485
    1.879799666   23.214105654    3.769972350   23.351378574
    1.886978297   23.363951777    3.783549865   23.485335603
    1.894156928   23.506738936    3.797413467   23.620406729
    1.901335559   23.644455370    3.811889534   23.758752985
    1.908514190   23.779269053    3.827334248   23.902680395
    1.915692821   23.912964992    3.843938863   24.053413133
    1.922871452   24.046378674    3.860988149   24.206455034
    1.930050083   24.177266610    3.874003639   24.333726255
    1.937228715   24.294816935    3.867600497   24.338903545
    1.944407346   24.387354017    3.825637920   24.120900012
    1.951585977   24.485521283    3.788189758   23.930163923
    1.958764608   24.608375900    3.786989230   23.965610695
    1.965943239   24.718820658    3.802383958   24.107238847
    1.973121870   24.772001364    3.819493111   24.269223469
    1.980300501   24.811383763    3.832840585   24.426645508
    1.987479132   24.900863381    3.839511910   24.573586506
    1.994657763   25.027615996    3.845712938   24.717686604
    2.001836394   25.180119155    3.858748178   24.868288202
    2.009015025   25.344291276    3.875489640   25.023377150
    2.016193656   25.510089884    3.893147620   25.178488313
    2.023372287   25.660121421    3.910627021   25.320673063
    2.030550918   25.747467629    3.926611107   25.413888386
    2.037729549   25.753884043    3.940903302   25.450119957
    2.044908180   25.808676781    3.957722241   25.529577201
    2.052086811   25.953465399    3.978462427   25.675859923
    2.059265442   26.134121556    4.001339194   25.846414648
    2.066444073   26.321670231    4.024377410   26.015212920
    2.073622705   26.511024053    4.047937423   26.179011539
    2.080801336   26.712127639    4.077058358   26.361480620
    2.087979967   26.924211765    4.110524055   26.561314620
    2.095158598   27.126789271    4.136755509   26.745028041
    2.102337229   27.274557886    4.134808978   26.868252859
    2.109515860   27.343077306    4.096235003   26.940559745
    2.116694491   27.350130656    4.015162052   26.903741836
    2.123873122   27.220448641    3.898848640   26.639954573
    2.131051753   27.078195384    3.832381145   26.433291329
    2.138230384   27.147479599    3.842724711   26.503020592
    2.145409015   27.363773705    3.883816109   26.713226385
    2.152587646   27.618924916    3.928382442   26.954215385
    2.159766277   27.866940819    3.963184181   27.192287520
    2.166944908   28.084519393    3.976034045   27.419430909
    2.174123539   28.293645072    3.982148413   27.641239998
    2.181302170   28.532285747    4.009093541   27.865073692
    2.188480801   28.777584171    4.050503121   28.078686287
    2.195659432   28.994429702    4.096859197   28.263052445
    2.202838063   29.206199353    4.143335035   28.449734588
    2.210016694   29.420588281    4.176742278   28.677964767
    2.217195326   29.531547262    4.159416595   28.925518348
    2.224373957   29.543475576    4.075833588   29.167804267
    2.231552588   29.652015248    4.010706805   29.388639198
    2.238731219   29.885083588    4.005298980   29.579754299
    2.245909850   30.178079135    4.029861447   29.702709119
    2.253088481   30.477777924    4.055867607   29.725802427
    2.260267112   30.753467607    4.082167495   29.737798035
    2.267445743   30.932074936    4.097571566   29.698974213
    2.274624374   30.986572946    4.105398211   29.753694857
    2.281803005   31.070989006    4.078360926   29.931306694
    2.288981636   31.326747107    3.995076606   30.143602093
    2.296160267   31.683389171    3.917750661   30.401150493
    2.303338898   32.016754433    3.900553288   30.692310681
    2.310517529   32.185318363    3.936271735   30.944441134
    2.317696160   32.274857934    3.984526437   31.152541771
    2.324874791   32.528699937    4.024524613   31.383860884
    2.332053422   32.900470798    4.056284465   31.642681888
    2.339232053   33.280058770    4.090583973   31.955702386
    2.346410684   33.649981599    4.125885959   32.325316973
    2.353589316   34.035050050    4.161420536   32.724237131
    2.360767947   34.384845285    4.179580980   33.070440527
    2.367946578   34.673524552    4.159829970   33.242828749
    2.375125209   34.880163713    4.121024651   33.045095512
    2.382303840   35.109154847    4.116394881   32.681074994
    2.389482471   35.388533362    4.145833983   32.710229435
    2.396661102   35.480106322    4.165699777   32.978148017
    2.403839733   35.579018102    4.150567575   33.282588901
    2.411018364   35.779732463    4.135697158   33.624786909
    2.418196995   35.824339254    4.125754733   33.928458787
    2.425375626   35.763143098    4.127226471   34.146342094
    2.432554257   35.962694081    4.127025685   34.407106375
    2.439732888   36.550431404    4.107575090   34.754745446
    2.446911519   37.310921571    4.110058703   35.061444953
    2.454090150   38.017221134    4.106467528   35.097846648
    2.461268781   38.564223177    4.081110175   35.123689404
    2.468447412   38.900202883    4.047745763   35.415418922
    2.475626043   39.244088394    4.017084492   35.900792618
    2.482804674   39.786671065    4.015151855   36.500452541
    2.489983306   40.148860780    4.023073219   37.124620943
    2.497161937   40.326003091    4.021142490   37.758788325
    2.504340568   40.925411917    4.046524804   38.402600219
    2.511519199   41.663413501    4.082280686   38.920667133
    2.518697830   42.166435036    4.109134558   39.200653607
    2.525876461   42.847015457    4.144851037   39.350376411
    2.533055092   43.981277007    4.190935636   39.757059830
    2.540233723   45.244368911    4.222814216   40.335555374
    2.547412354   45.872181438    4.218292876   40.902841648
    2.554590985   45.430424029    4.163832157   41.456383731
    2.561769616   45.409367341    4.110529996   42.173887379
    2.568948247   46.683776931    4.121376799   42.936898721
    2.576126878   48.540144342    4.144015439   43.237648068
    2.583305509   49.996010168    4.116595502   42.959760176
    2.590484140   50.699039231    4.079225704   42.722780571
    2.597662771   49.502945363    4.099140195   42.555295857
    2.604841402   43.789239312    4.130263059   41.815550545
    2.612020033   38.215305410    4.107312012   41.145186813
    2.619198664   37.668867607    4.030428831   41.402668114
    2.626377295   39.791881879    4.004284844   42.429553008
    2.633555927   42.748007211    4.040971872   43.913591716
    2.640734558   45.894167135    4.082810001   45.396514181
    2.647913189   48.959197804    4.104615071   46.411627629
    2.655091820   51.861671103    4.126873096   47.095101879
    2.662270451   54.384252015    4.165983643   48.136340218
    2.669449082   56.112756258    4.211706394   49.224215905
    2.676627713   58.271898586    4.246419892   50.377888069
    2.683806344   61.434594433    4.250721216   52.182384903
    2.690984975   62.600837781    4.215833388   54.425240418
    2.698163606   55.088608562    4.191647818   56.453564355
    2.705342237   40.018472927    4.215819337   58.246898503
    2.712520868   33.051025282    4.265084490   60.553175176
    2.719699499   34.203160537    4.306521900   61.699240106
    2.726878130   36.385772558    4.330679740   56.838566491
    2.734056761   37.083017177    4.337777724   44.620935380
    2.741235392   39.278971556    4.306326958   37.026084847
    2.748414023   43.536677794    4.261903088   37.147274489
    2.755592654   47.619320830    4.269433889   40.121477361
    2.762771285   48.585782434    4.303366450   42.619788912
    2.769949917   46.860368252    4.332883363   44.238354523
    2.777128548   47.445095383    4.358342933   46.833662663
    2.784307179   48.249643622    4.385566664   49.864600266
    2.791485810   41.585827729    4.401910106   51.050117121
    2.798664441   30.181343121    4.402997623   50.124266927
    2.805843072   25.443347081    4.414547312   50.574121128
    2.813021703   24.091346955    4.430890412   52.315626795
    2.820200334   24.701919070    4.424810176   55.354291134
    2.827378965   28.673915657    4.411293703   60.425296924
    2.834557596   34.033518022    4.432873483   66.618461812
    2.841736227   39.422173458    4.474011158   72.576752720
    2.848914858   44.307950614    4.518933087   74.477284100
    2.856093489   47.315558207    4.548446577   62.846843634
    2.863272120   49.126318368    4.537671995   38.858315628
    2.870450751   51.370556523    4.487236429   26.494347999
    2.877629382   52.371063409    4.455377844   26.214975642
    2.884808013   46.834536275    4.463440943   26.126314621
    2.891986644   34.135208673    4.465503726   24.880197518
    2.899165275   15.211089090    4.438645905   25.736645939
    2.906343907   -1.149337144    4.429220171   28.413648889
    2.913522538   -3.159455335    4.460434526   32.066944898
    2.920701169    2.186749563    4.505022210   32.600032901
    2.927879800    8.841406337    4.541792217   30.147057933
    2.935058431   15.322098172    4.579947238   31.310852548
    2.942237062   21.688084882    4.629963477   36.146789405
    2.949415693   27.686741973    4.680059958   42.149928818
    2.956594324   32.223520575    4.709001500   48.429870428
    2.963772955   32.465847101    4.712595055   54.578651558
    2.970951586   23.163454048    4.730928909   59.471793488
    2.978130217    7.204158880    4.767112223   63.442051101
    2.985308848    0.104770180    4.791244864   68.043893159
    2.992487479    1.081311397    4.787102939   66.217804890
    2.999666110    4.376408902    4.764995448   42.294287541
    3.006844741    7.828571368    4.760930174    5.129000488
    3.014023372   11.312825458    4.796499083  -10.411254766
    3.021202003   14.742137797    4.843127231   -9.054989320
    3.028380634   17.847720777    4.872642091   -4.765200439
    3.035559265   20.470387199    4.897299758   -0.321331804
    3.042737896   22.735171529    4.938194210    4.754303523
    3.049916528   24.953143785    4.988242229    9.307008101
    3.057095159   27.156005588    5.036678416   12.692712265
    3.064273790   29.377597446    5.090693329   16.046615512
    3.071452421   31.656731491    5.148983580   19.764253673
    3.078631052   33.953464872    5.200483895   23.571578273
    3.085809683   36.192545035    5.238553221   27.297272029
    3.092988314   38.373938511    5.273683863   30.893170775
    3.100166945   40.709665600    5.325834873   34.449968618
    3.107345576   43.151526959    5.389823671   37.902839551
    3.114524207   45.041224434    5.453309676   40.626790177
    3.121702838   45.315346666    5.487071113   41.657344406
    3.128881469   45.306388473    5.501779759   42.316906544
    3.136060100   46.565705838    5.546257503   44.098419345
    3.143238731   47.206132339    5.630539017   45.260090068
    3.150417362   46.945048144    5.727868840   45.918162179
    3.157595993   47.558929528    5.809650052   47.994060134
    3.164774624   49.838211540    5.843489582   51.722398349
    3.171953255   53.258070584    5.727063525   56.549465296
    3.179131886   57.339085468    5.520353871   62.151099854
    3.186310518   62.454146042    5.497964382   68.619025241
    3.193489149   68.131539736    5.622671968   75.481745154
    3.200667780   72.721253865    5.778451246   80.785757629
    3.207846411   72.420880701    5.904501449   79.122360574
    3.215025042   60.716232990    5.926427525   61.578862505
    3.222203673   40.555407189    5.855948685   32.574361994
    3.229382304   31.926356156    5.908060727   19.665946857
    3.236560935   33.852244767    6.094578974   22.825902424
    3.243739566   36.657230896    6.302220100   30.580456800
    3.250918197   39.380972839    6.472347388   38.619695541
    3.258096828   44.248756579    6.608560920   46.097252711
    3.265275459   49.023015454    6.645354749   51.281496797
    3.272454090   51.996651553    6.584772572   53.528596266
    3.279632721   55.621856744    6.636324279   56.340867753
    3.286811352   58.741805110    6.629437520   57.473806641
    3.293989983   55.833097580    6.049204460   47.563865614
    3.301168614   49.455642391    5.186368635   31.622755248
    3.308347245   47.240165138    4.856732861   26.858809094
    3.315525876   44.896238801    4.686467607   28.992480160
    3.322704508   42.550989594    4.492211964   32.151386734
    3.329883139   45.651008365    4.601514170   37.800946594
    3.337061770   52.484075177    4.832091193   45.115652015
    3.344240401   60.533444486    4.814167272   51.405555086
    3.351419032   69.165450010    4.566190238   56.482101732
    3.358597663   77.369287468    4.544433036   62.770499481
    3.365776294   81.384942432    4.671985017   69.266876718
    3.372954925   78.822048969    4.800953504   74.714538390
    3.380133556   72.765809449    4.979364800   75.028781098
    3.387312187   58.021939025    5.088591317   59.510757736
    3.394490818   38.862790565    4.944821068   35.478038066
    3.401669449   33.002124737    4.793622295   25.841008956
    3.408848080   36.939951312    4.667175950   27.075307590
    3.416026711   42.307955664    4.313213874   29.552106044
    3.423205342   49.094104434    4.008023943   35.195857068
    3.430383973   56.861796990    3.963298530   43.376363317
    3.437562604   58.885327276    4.011353351   46.796289286
    3.444741235   43.033485331    3.901866486   37.611341158
    3.451919866   20.622808954    3.807892022   26.599670068
    3.459098497   14.877140693    3.899141034   27.130108848
    3.466277129   13.509101467    4.043915266   29.050600172
    3.473455760    1.600399621    4.142132238   23.153645353
    3.480634391  -10.689240778    4.214835277   19.469103876
    3.487813022  -11.509501080    4.273207232   22.379103443
    3.494991653   -5.219529231    4.274803081   21.002676989
    3.502170284    1.689740664    4.170213920    8.321010422
    3.509348915    7.352525135    4.135516692   -2.717414386
    3.516527546   14.566994895    4.263400907   -1.782054378
    3.523706177   21.935337778    4.410964376    4.064929427
    3.530884808   28.954489075    4.414496900    7.571446223
    3.538063439   36.135530262    4.211490770    5.942600349
    3.545242070   41.409851963    4.101931660    4.969844505
    3.552420701   42.939072997    4.155645661    8.403202918
    3.559599332   34.208815321    4.175642766   14.763373778
    3.566777963   21.317978651    4.067330102   21.597028897
    3.573956594   16.307841304    3.864036216   26.604246820
    3.581135225   17.447189588    3.778595200   28.530946581
    3.588313856   17.998142427    3.828061820   25.127622350
    3.595492487   16.878641498    3.936063213   23.300773859
    3.602671119   15.332760825    4.090303436   28.796375091
    3.609849750   15.800243714    4.236600078   36.883229576
    3.617028381   19.146867155    4.324211565   41.710069947
    3.624207012   22.027008792    4.319750299   40.217777079
    3.631385643   23.811867996    4.260693712   35.606521984
    3.638564274   26.360628055    4.275927359   36.457134944
    3.645742905   30.841792479    4.355306388   41.516711359
    3.652921536   33.943090761    4.455357532   44.906878136
    3.660100167   33.208392256    4.535261675   41.840562863
    3.667278798   34.449621305    4.578137915   36.220314224
    3.674457429   41.637857547    4.616623795   35.419572662
    3.681636060   50.381304450    4.678663301   39.415107933
    3.688814691   53.680743323    4.749580484   42.365051131
    3.695993322   47.654547967    4.790384393   38.913698286
    3.703171953   40.792424647    4.820089919   32.533521635
    3.710350584   39.438493462    4.854338753   27.378855690
    3.717529215   39.666477915    4.899847221   28.309899634
    3.724707846   35.380376797    4.940907587   32.615105496
    3.731886477   26.185497737    5.000564427   33.831509730
    3.739065109    9.885044995    5.080898944   24.409821866
    3.746243740   -2.210147264    5.155904871   15.277951809
    3.753422371   -1.850729532    5.211454460   15.849009835
    3.760601002   -0.965516083    5.234153849   14.117229268
    3.767779633   -8.400421611    5.228179153    4.398084365
    3.774958264  -20.135480755    5.242783603   -1.746824796
    3.782136895  -35.534193801    5.284910398   -5.975771687
    3.789315526  -46.846338826    5.325957432  -18.810018172
    3.796494157  -59.022689214    5.364042057  -52.929570908
    3.803672788  -68.748974255    5.414129377  -87.799286182
    3.810851419  -68.612751171    5.477836730 -102.089150165
    3.818030050  -73.665209470    5.530969158 -106.808327205
    3.825208681  -96.877631001    5.571378100 -112.704850696
    3.832387312 -119.174910555    5.592331639 -119.372672965
    3.839565943 -125.230742603    5.617702201 -117.950020198
    3.846744574 -120.834414075    5.672905304 -109.741212787
    3.853923205 -113.285950258    5.737050238 -101.663109880
    3.861101836 -104.919625029    5.788929401  -97.145903955
    3.868280467  -96.174380205    5.831668027  -95.685430569
    3.875459098  -87.771008842    5.878443400  -92.928843760
    3.882637730  -78.963834477    5.909630643  -87.319777817
    3.889816361  -71.062453053    5.916163324  -83.027506235
    3.896994992  -66.243312868    5.902505112  -81.080517038
    3.904173623  -64.451748492    5.894081056  -79.493258628
    3.911352254  -63.557063897    5.903079885  -76.892440948
    3.918530885  -64.334069447    5.931881517  -75.555892391
    3.925709516  -69.340836362    5.963748732  -76.709350320
    3.932888147  -73.688235300    6.017577784  -76.533368026
    3.940066778  -73.401425697    6.108855540  -73.685147447
    3.947245409  -70.702883884    6.217423419  -70.081385907
    3.954424040  -67.855131617    6.324015216  -66.542682040
    3.961602671  -66.272861621    6.417024585  -63.695667246
    3.968781302  -66.581138689    6.487926171  -62.801140485
    3.975959933  -66.821587600    6.537413545  -63.036972951
    3.983138564  -64.855084004    6.595821025  -62.425475993
    3.990317195  -61.808759636    6.683254004  -61.251499375
    3.997495826  -59.393522596    6.766890825  -60.689899520
    4.004674457  -57.816962478    6.817331153  -60.140459269
    4.011853088  -55.855708574    6.877701117  -58.570446929
    4.019031720  -53.287363510    6.929106470  -56.742641384
    4.026210351  -50.486185998    6.961199553  -54.756222358
    4.033388982  -47.942691586    7.012298053  -52.743329849
    4.040567613  -46.284490781    7.120455347  -50.931277653
    4.047746244  -45.461420592    7.254221729  -48.960017753
    4.054924875  -44.249004417    7.347821964  -47.019251298
    4.062103506  -42.862588425    7.392383346  -45.370292575
    4.069282137  -42.057349884    7.473643006  -43.651223022
    4.076460768  -41.567268943    7.618394846  -41.804927289
    4.083639399  -40.819920204    7.785732735  -40.088745842
    4.090818030  -39.845821258    7.920092236  -38.468419229
    4.097996661  -38.563835066    8.011825320  -37.081239108
    4.105175292  -37.055326316    8.020089146  -36.566301383
    4.112353923  -35.807208262    7.878644684  -36.994584549
    4.119532554  -35.394217180    7.759647372  -37.039259266
    4.126711185  -35.695868289    7.845612400  -35.710663188
    4.133889816  -35.528724091    8.064576277  -33.691621875
    4.141068447  -34.929972760    8.292567329  -31.811657846
    4.148247078  -33.832043259    8.446127758  -30.496270357
    4.155425710  -32.346655593    8.362040663  -30.151312253
    4.162604341  -31.246178600    8.090661322  -29.965587303
    4.169782972  -29.982540592    8.094815559  -28.452556105
    4.176961603  -28.299936206    8.433599799  -26.093294077
    4.184140234  -27.414747197    8.733463979  -24.156994798
    4.191318865  -28.052180157    8.579751239  -24.230666990
    4.198497496  -29.367940632    7.913632817  -27.173958901
    4.205676127  -30.179726208    7.489529976  -28.956430818
    4.212854758  -33.675357169    7.431592559  -28.253682747
    4.220033389  -38.711925478    7.343040370  -28.118716194
    4.227212020  -39.796859797    7.156727547  -30.152817499
    4.234390651  -38.198343068    7.168961845  -31.614921310
    4.241569282  -36.984061325    7.512562236  -30.317102974
    4.248747913  -37.740953317    7.852110087  -27.850616316
    4.255926544  -38.637735057    8.019449700  -25.843369628
    4.263105175  -37.885261610    7.839409733  -26.054896706
    4.270283806  -36.470458895    7.080866981  -29.404964674
    4.277462437  -35.021222019    6.238462833  -33.069990626
    4.284641068  -33.657492197    6.068769057  -33.245932238
    4.291819699  -32.437278645    6.300128050  -31.839252159
    4.298998331  -31.474864968    6.524145470  -31.203684285
    4.306176962  -30.451481892    6.649132344  -31.320540701
    4.313355593  -29.160450729    6.496075803  -33.291335316
    4.320534224  -27.934415611    6.252807567  -35.863831452
    4.327712855  -27.030103059    6.304956641  -36.385190519
    4.334891486  -25.986177464    6.573392306  -35.386751667
    4.342070117  -24.650541764    6.829155866  -33.937708084
    4.349248748  -24.001005506    6.670413975  -33.808405274
    4.356427379  -25.153839201    6.048363968  -35.375592612
    4.363606010  -28.012113121    5.666398438  -35.837135882
    4.370784641  -31.090254753    5.674806255  -34.662702176
    4.377963272  -31.658121298    5.934750125  -33.132073747
    4.385141903  -30.374845835    6.217921040  -31.930449067
    4.392320534  -28.948665447    6.437149871  -31.065156682
    4.399499165  -28.402843557    6.553298600  -30.796869131
    4.406677796  -29.710118420    6.555634550  -31.434805187
    4.413856427  -31.769300775    6.641820740  -31.852674022
    4.421035058  -32.200969853    6.885504163  -31.608919184
    4.428213689  -31.321760500    7.163400978  -30.969718195
    4.435392321  -29.971955859    7.436619716  -30.232264541
    4.442570952  -28.573358113    7.675807307  -29.615515708
    4.449749583  -27.235511428    7.872302147  -29.135136537
    4.456928214  -25.972059124    8.085038138  -28.619629482
    4.464106845  -24.874196674    8.334667421  -27.920935442
    4.471285476  -23.887307601    8.528660134  -27.187851762
    4.478464107  -22.823902718    8.658525316  -26.507666760
    4.485642738  -22.069985562    8.742008944  -25.910426463
    4.492821369  -22.830445166    8.783300673  -25.386645943
    4.500000000  -26.011597446    8.770868709  -24.882115969
