# energy grid [eV]     epsi_x  epsi_y  epsi_z
#
    0.200000000    0.000000000    0.000000000    0.000000000
    0.207178631    0.000000000    0.000000000    0.000000000
    0.214357262    0.000000000    0.000000000    0.000000000
    0.221535893    0.000000000    0.000000000    0.000000000
    0.228714524    0.000000000    0.000000000    0.000000000
    0.235893155    0.000000000    0.000000000    0.000000000
    0.243071786    0.000000000    0.000000000    0.000000000
    0.250250417    0.000000000    0.000000000    0.000000000
    0.257429048    0.000000000    0.000000000    0.000000000
    0.264607679    0.000000000    0.000000000    0.000000000
    0.271786311    0.000000000    0.000000000    0.000000000
    0.278964942    0.000000000    0.000000000    0.000000000
    0.286143573    0.000000000    0.000000000    0.000000000
    0.293322204    0.000000000    0.000000000    0.000000000
    0.300500835    0.000000000    0.000000000    0.000000000
    0.307679466    0.000000000    0.000000000    0.000000000
    0.314858097    0.000000000    0.000000000    0.000000000
    0.322036728    0.000000000    0.000000000    0.000000000
    0.329215359    0.000000000    0.000000000    0.000000000
    0.336393990    0.000000000    0.000000000    0.000000000
    0.343572621    0.000000000    0.000000000    0.000000000
    0.350751252    0.000000000    0.000000000    0.000000000
    0.357929883    0.000000000    0.000000000    0.000000000
    0.365108514    0.000000000    0.000000000    0.000000000
    0.372287145    0.000000000    0.000000000    0.000000000
    0.379465776    0.000000000    0.000000000    0.000000000
    0.386644407    0.000000000    0.000000000    0.000000000
    0.393823038    0.000000000    0.000000000    0.000000000
    0.401001669    0.000000000    0.000000000    0.000000000
    0.408180301    0.000000000    0.000000000    0.000000000
    0.415358932    0.000000000    0.000000000    0.000000000
    0.422537563    0.000000000    0.000000000    0.000000000
    0.429716194    0.000000000    0.000000000    0.000000000
    0.436894825    0.000000000    0.000000000    0.000000000
    0.444073456    0.000000000    0.000000000    0.000000000
    0.451252087    0.000000000    0.000000000    0.000000000
    0.458430718    0.000000000    0.000000000    0.000000000
    0.465609349    0.000000000    0.000000000    0.000000000
    0.472787980    0.000000000    0.000000000    0.000000000
    0.479966611    0.000000000    0.000000000    0.000000000
    0.487145242    0.000000000    0.000000000    0.000000000
    0.494323873    0.000000000    0.000000000    0.000000000
    0.501502504    0.000000000    0.000000000    0.000000000
    0.508681135    0.000000000    0.000000000    0.000000000
    0.515859766    0.000000000    0.000000000    0.000000000
    0.523038397    0.000000000    0.000000000    0.000000000
    0.530217028    0.000000000    0.000000000    0.000000000
    0.537395659    0.000000000    0.000000000    0.000000000
    0.544574290    0.000000000    0.000000000    0.000000000
    0.551752922    0.000000000    0.000000000    0.000000000
    0.558931553    0.000000000    0.000000000    0.000000000
    0.566110184    0.000000000    0.000000000    0.000000000
    0.573288815    0.000000000    0.000000000    0.000000000
    0.580467446    0.000000000    0.000000000    0.000000000
    0.587646077    0.000000000    0.000000000    0.000000000
    0.594824708    0.000000000    0.000000000    0.000000000
    0.602003339    0.000000000    0.000000000    0.000000000
    0.609181970    0.000000000    0.000000000    0.000000000
    0.616360601    0.000000000    0.000000000    0.000000000
    0.623539232    0.000000000    0.000000000    0.000000000
    0.630717863    0.000000000    0.000000000    0.000000000
    0.637896494    0.000000000    0.000000000    0.000000000
    0.645075125    0.000000000    0.000000000    0.000000000
    0.652253756    0.000000000    0.000000000    0.000000000
    0.659432387    0.000000000    0.000000000    0.000000000
    0.666611018    0.000000000    0.000000000    0.000000000
    0.673789649    0.000000000    0.000000000    0.000000000
    0.680968280    0.000000000    0.000000000    0.000000000
    0.688146912    0.000000000    0.000000000    0.000000000
    0.695325543    0.000000000    0.000000000    0.000000000
    0.702504174    0.000000000    0.000000000    0.000000000
    0.709682805    0.000000000    0.000000000    0.000000000
    0.716861436    0.000000000    0.000000000    0.000000000
    0.724040067    0.000000000    0.000000000    0.000000000
    0.731218698    0.000000000    0.000000000    0.000000000
    0.738397329    0.000000000    0.000000000    0.000000000
    0.745575960    0.000000000    0.000000000    0.000000000
    0.752754591    0.000000000    0.000000000    0.000000000
    0.759933222    0.000000000    0.000000000    0.000000000
    0.767111853    0.000000000    0.000000000    0.000000000
    0.774290484    0.000000000    0.000000000    0.000000000
    0.781469115    0.000000000    0.000000000    0.000000000
    0.788647746    0.000000001    0.000000000    0.000000000
    0.795826377    0.000000004    0.000000000    0.000000000
    0.803005008    0.000000010    0.000000000    0.000000000
    0.810183639    0.000000023    0.000000000    0.000000000
    0.817362270    0.000000049    0.000000000    0.000000000
    0.824540902    0.000000091    0.000000001    0.000000000
    0.831719533    0.000000151    0.000000001    0.000000000
    0.838898164    0.000000224    0.000000002    0.000000001
    0.846076795    0.000000296    0.000000002    0.000000001
    0.853255426    0.000000350    0.000000003    0.000000001
    0.860434057    0.000000368    0.000000003    0.000000001
    0.867612688    0.000000347    0.000000003    0.000000001
    0.874791319    0.000000297    0.000000002    0.000000001
    0.881969950    0.000000236    0.000000002    0.000000001
    0.889148581    0.000000187    0.000000002    0.000000001
    0.896327212    0.000000166    0.000000001    0.000000001
    0.903505843    0.000000178    0.000000002    0.000000002
    0.910684474    0.000000215    0.000000002    0.000000003
    0.917863105    0.000000261    0.000000002    0.000000004
    0.925041736    0.000000295    0.000000003    0.000000004
    0.932220367    0.000000302    0.000000003    0.000000004
    0.939398998    0.000000277    0.000000002    0.000000004
    0.946577629    0.000000227    0.000000002    0.000000003
    0.953756260    0.000000166    0.000000001    0.000000002
    0.960934891    0.000000109    0.000000001    0.000000002
    0.968113523    0.000000063    0.000000001    0.000000001
    0.975292154    0.000000033    0.000000000    0.000000000
    0.982470785    0.000000015    0.000000000    0.000000000
    0.989649416    0.000000006    0.000000000    0.000000000
    0.996828047    0.000000002    0.000000000    0.000000000
    1.004006678    0.000000001    0.000000000    0.000000000
    1.011185309    0.000000000    0.000000000    0.000000000
    1.018363940    0.000000000    0.000000000    0.000000000
    1.025542571    0.000000000    0.000000000    0.000000000
    1.032721202    0.000000000    0.000000000    0.000000000
    1.039899833    0.000000000    0.000000000    0.000000000
    1.047078464    0.000000000    0.000000000    0.000000000
    1.054257095    0.000000000    0.000000000    0.000000000
    1.061435726    0.000000000    0.000000000    0.000000000
    1.068614357    0.000000000    0.000000000    0.000000000
    1.075792988    0.000000000    0.000000000    0.000000000
    1.082971619    0.000000000    0.000000001    0.000000001
    1.090150250    0.000000000    0.000000001    0.000000001
    1.097328881    0.000000000    0.000000003    0.000000003
    1.104507513    0.000000000    0.000000006    0.000000006
    1.111686144    0.000000000    0.000000012    0.000000012
    1.118864775    0.000000000    0.000000020    0.000000020
    1.126043406    0.000000000    0.000000030    0.000000031
    1.133222037    0.000000000    0.000000041    0.000000042
    1.140400668    0.000000000    0.000000050    0.000000052
    1.147579299    0.000000000    0.000000056    0.000000057
    1.154757930    0.000000000    0.000000056    0.000000058
    1.161936561    0.000000000    0.000000054    0.000000055
    1.169115192    0.000000000    0.000000052    0.000000053
    1.176293823    0.000000000    0.000000052    0.000000054
    1.183472454    0.000000000    0.000000056    0.000000058
    1.190651085    0.000000000    0.000000062    0.000000065
    1.197829716    0.000000000    0.000000067    0.000000070
    1.205008347    0.000000000    0.000000067    0.000000071
    1.212186978    0.000000001    0.000000061    0.000000066
    1.219365609    0.000000001    0.000000050    0.000000057
    1.226544240    0.000000002    0.000000037    0.000000045
    1.233722871    0.000000004    0.000000025    0.000000034
    1.240901503    0.000000006    0.000000015    0.000000024
    1.248080134    0.000000010    0.000000009    0.000000017
    1.255258765    0.000000015    0.000000005    0.000000012
    1.262437396    0.000000022    0.000000003    0.000000008
    1.269616027    0.000000029    0.000000003    0.000000006
    1.276794658    0.000000036    0.000000004    0.000000004
    1.283973289    0.000000040    0.000000005    0.000000004
    1.291151920    0.000000041    0.000000006    0.000000004
    1.298330551    0.000000039    0.000000008    0.000000004
    1.305509182    0.000000035    0.000000009    0.000000004
    1.312687813    0.000000030    0.000000009    0.000000004
    1.319866444    0.000000024    0.000000009    0.000000003
    1.327045075    0.000000018    0.000000007    0.000000003
    1.334223706    0.000000013    0.000000005    0.000000002
    1.341402337    0.000000009    0.000000004    0.000000001
    1.348580968    0.000000005    0.000000002    0.000000001
    1.355759599    0.000000003    0.000000001    0.000000000
    1.362938230    0.000000001    0.000000001    0.000000000
    1.370116861    0.000000001    0.000000000    0.000000000
    1.377295492    0.000000000    0.000000000    0.000000000
    1.384474124    0.000000000    0.000000000    0.000000000
    1.391652755    0.000000000    0.000000000    0.000000000
    1.398831386    0.000000000    0.000000000    0.000000000
    1.406010017    0.000000000    0.000000000    0.000000000
    1.413188648    0.000000000    0.000000000    0.000000000
    1.420367279    0.000000000    0.000000000    0.000000000
    1.427545910    0.000000000    0.000000000    0.000000000
    1.434724541    0.000000000    0.000000000    0.000000000
    1.441903172    0.000000000    0.000000000    0.000000000
    1.449081803    0.000000000    0.000000000    0.000000000
    1.456260434    0.000000000    0.000000000    0.000000000
    1.463439065    0.000000001    0.000000000    0.000000000
    1.470617696    0.000000001    0.000000000    0.000000000
    1.477796327    0.000000003    0.000000000    0.000000000
    1.484974958    0.000000005    0.000000000    0.000000000
    1.492153589    0.000000010    0.000000000    0.000000000
    1.499332220    0.000000018    0.000000001    0.000000000
    1.506510851    0.000000028    0.000000001    0.000000000
    1.513689482    0.000000038    0.000000002    0.000000000
    1.520868114    0.000000048    0.000000002    0.000000000
    1.528046745    0.000000054    0.000000003    0.000000001
    1.535225376    0.000000055    0.000000005    0.000000001
    1.542404007    0.000000051    0.000000010    0.000000003
    1.549582638    0.000000046    0.000000019    0.000000006
    1.556761269    0.000000042    0.000000037    0.000000013
    1.563939900    0.000000042    0.000000064    0.000000022
    1.571118531    0.000000043    0.000000102    0.000000035
    1.578297162    0.000000046    0.000000144    0.000000050
    1.585475793    0.000000047    0.000000182    0.000000063
    1.592654424    0.000000044    0.000000206    0.000000071
    1.599833055    0.000000038    0.000000208    0.000000072
    1.607011686    0.000000029    0.000000187    0.000000065
    1.614190317    0.000000020    0.000000150    0.000000053
    1.621368948    0.000000013    0.000000107    0.000000040
    1.628547579    0.000000007    0.000000069    0.000000030
    1.635726210    0.000000004    0.000000041    0.000000027
    1.642904841    0.000000004    0.000000024    0.000000031
    1.650083472    0.000000005    0.000000019    0.000000044
    1.657262104    0.000000008    0.000000025    0.000000067
    1.664440735    0.000000013    0.000000039    0.000000101
    1.671619366    0.000000019    0.000000061    0.000000145
    1.678797997    0.000000026    0.000000088    0.000000192
    1.685976628    0.000000031    0.000000112    0.000000234
    1.693155259    0.000000034    0.000000128    0.000000259
    1.700333890    0.000000033    0.000000130    0.000000259
    1.707512521    0.000000029    0.000000118    0.000000232
    1.714691152    0.000000023    0.000000095    0.000000186
    1.721869783    0.000000018    0.000000069    0.000000134
    1.729048414    0.000000016    0.000000044    0.000000086
    1.736227045    0.000000016    0.000000026    0.000000049
    1.743405676    0.000000019    0.000000013    0.000000025
    1.750584307    0.000000023    0.000000007    0.000000012
    1.757762938    0.000000026    0.000000003    0.000000005
    1.764941569    0.000000027    0.000000002    0.000000002
    1.772120200    0.000000025    0.000000001    0.000000001
    1.779298831    0.000000021    0.000000001    0.000000000
    1.786477462    0.000000016    0.000000000    0.000000000
    1.793656093    0.000000010    0.000000000    0.000000000
    1.800834725    0.000000006    0.000000001    0.000000000
    1.808013356    0.000000004    0.000000001    0.000000001
    1.815191987    0.000000003    0.000000002    0.000000002
    1.822370618    0.000000004    0.000000004    0.000000004
    1.829549249    0.000000006    0.000000007    0.000000007
    1.836727880    0.000000010    0.000000011    0.000000012
    1.843906511    0.000000014    0.000000016    0.000000017
    1.851085142    0.000000019    0.000000021    0.000000024
    1.858263773    0.000000023    0.000000025    0.000000034
    1.865442404    0.000000029    0.000000029    0.000000054
    1.872621035    0.000000041    0.000000035    0.000000098
    1.879799666    0.000000066    0.000000049    0.000000193
    1.886978297    0.000000117    0.000000079    0.000000379
    1.894156928    0.000000206    0.000000136    0.000000700
    1.901335559    0.000000342    0.000000226    0.000001180
    1.908514190    0.000000517    0.000000348    0.000001801
    1.915692821    0.000000708    0.000000487    0.000002476
    1.922871452    0.000000875    0.000000618    0.000003065
    1.930050083    0.000000980    0.000000713    0.000003416
    1.937228715    0.000001000    0.000000758    0.000003430
    1.944407346    0.000000944    0.000000766    0.000003110
    1.951585977    0.000000849    0.000000785    0.000002560
    1.958764608    0.000000761    0.000000886    0.000001946
    1.965943239    0.000000718    0.000001143    0.000001420
    1.973121870    0.000000733    0.000001592    0.000001075
    1.980300501    0.000000792    0.000002208    0.000000929
    1.987479132    0.000000864    0.000002885    0.000000931
    1.994657763    0.000000913    0.000003457    0.000001002
    2.001836394    0.000000912    0.000003761    0.000001058
    2.009015025    0.000000849    0.000003700    0.000001044
    2.016193656    0.000000733    0.000003292    0.000000941
    2.023372287    0.000000587    0.000002657    0.000000772
    2.030550918    0.000000440    0.000001965    0.000000583
    2.037729549    0.000000319    0.000001362    0.000000423
    2.044908180    0.000000237    0.000000923    0.000000329
    2.052086811    0.000000198    0.000000648    0.000000325
    2.059265442    0.000000197    0.000000490    0.000000413
    2.066444073    0.000000224    0.000000395    0.000000576
    2.073622705    0.000000265    0.000000322    0.000000779
    2.080801336    0.000000304    0.000000252    0.000000967
    2.087979967    0.000000326    0.000000184    0.000001085
    2.095158598    0.000000324    0.000000127    0.000001103
    2.102337229    0.000000300    0.000000086    0.000001029
    2.109515860    0.000000268    0.000000067    0.000000912
    2.116694491    0.000000247    0.000000072    0.000000824
    2.123873122    0.000000252    0.000000103    0.000000824
    2.131051753    0.000000287    0.000000157    0.000000931
    2.138230384    0.000000342    0.000000232    0.000001119
    2.145409015    0.000000397    0.000000317    0.000001326
    2.152587646    0.000000432    0.000000405    0.000001488
    2.159766277    0.000000439    0.000000493    0.000001573
    2.166944908    0.000000422    0.000000593    0.000001591
    2.174123539    0.000000402    0.000000724    0.000001582
    2.181302170    0.000000396    0.000000913    0.000001583
    2.188480801    0.000000414    0.000001170    0.000001610
    2.195659432    0.000000451    0.000001478    0.000001652
    2.202838063    0.000000491    0.000001788    0.000001690
    2.210016694    0.000000522    0.000002031    0.000001715
    2.217195326    0.000000538    0.000002151    0.000001732
    2.224373957    0.000000552    0.000002134    0.000001752
    2.231552588    0.000000581    0.000002017    0.000001783
    2.238731219    0.000000642    0.000001879    0.000001822
    2.245909850    0.000000741    0.000001801    0.000001853
    2.253088481    0.000000864    0.000001829    0.000001861
    2.260267112    0.000000991    0.000001949    0.000001840
    2.267445743    0.000001101    0.000002101    0.000001804
    2.274624374    0.000001183    0.000002211    0.000001785
    2.281803005    0.000001237    0.000002237    0.000001813
    2.288981636    0.000001271    0.000002182    0.000001894
    2.296160267    0.000001289    0.000002089    0.000001997
    2.303338898    0.000001291    0.000002002    0.000002067
    2.310517529    0.000001273    0.000001944    0.000002053
    2.317696160    0.000001230    0.000001914    0.000001936
    2.324874791    0.000001170    0.000001899    0.000001741
    2.332053422    0.000001107    0.000001896    0.000001516
    2.339232053    0.000001059    0.000001912    0.000001311
    2.346410684    0.000001039    0.000001952    0.000001157
    2.353589316    0.000001050    0.000002001    0.000001064
    2.360767947    0.000001087    0.000002023    0.000001033
    2.367946578    0.000001158    0.000001983    0.000001056
    2.375125209    0.000001299    0.000001866    0.000001124
    2.382303840    0.000001607    0.000001680    0.000001213
    2.389482471    0.000002259    0.000001455    0.000001291
    2.396661102    0.000003527    0.000001218    0.000001326
    2.403839733    0.000005733    0.000000994    0.000001305
    2.411018364    0.000009137    0.000000804    0.000001244
    2.418196995    0.000013761    0.000000667    0.000001179
    2.425375626    0.000019244    0.000000602    0.000001145
    2.432554257    0.000024824    0.000000618    0.000001157
    2.439732888    0.000029512    0.000000710    0.000001204
    2.446911519    0.000032375    0.000000850    0.000001260
    2.454090150    0.000032830    0.000000993    0.000001290
    2.461268781    0.000030797    0.000001090    0.000001262
    2.468447412    0.000026704    0.000001109    0.000001162
    2.475626043    0.000021351    0.000001046    0.000000995
    2.482804674    0.000015685    0.000000930    0.000000787
    2.489983306    0.000010548    0.000000804    0.000000578
    2.497161937    0.000006478    0.000000705    0.000000404
    2.504340568    0.000003643    0.000000647    0.000000288
    2.511519199    0.000001909    0.000000625    0.000000235
    2.518697830    0.000000985    0.000000621    0.000000234
    2.525876461    0.000000564    0.000000619    0.000000266
    2.533055092    0.000000406    0.000000605    0.000000312
    2.540233723    0.000000365    0.000000577    0.000000356
    2.547412354    0.000000372    0.000000537    0.000000390
    2.554590985    0.000000414    0.000000499    0.000000422
    2.561769616    0.000000504    0.000000484    0.000000471
    2.568948247    0.000000659    0.000000520    0.000000566
    2.576126878    0.000000876    0.000000638    0.000000740
    2.583305509    0.000001129    0.000000875    0.000001034
    2.590484140    0.000001370    0.000001280    0.000001501
    2.597662771    0.000001556    0.000001916    0.000002213
    2.604841402    0.000001671    0.000002838    0.000003235
    2.612020033    0.000001731    0.000004039    0.000004574
    2.619198664    0.000001775    0.000005399    0.000006108
    2.626377295    0.000001845    0.000006674    0.000007564
    2.633555927    0.000001982    0.000007572    0.000008587
    2.640734558    0.000002234    0.000007880    0.000008887
    2.647913189    0.000002655    0.000007566    0.000008378
    2.655091820    0.000003289    0.000006796    0.000007222
    2.662270451    0.000004115    0.000005831    0.000005746
    2.669449082    0.000005018    0.000004903    0.000004288
    2.676627713    0.000005802    0.000004128    0.000003078
    2.683806344    0.000006277    0.000003513    0.000002206
    2.690984975    0.000006345    0.000003024    0.000001659
    2.698163606    0.000006045    0.000002648    0.000001391
    2.705342237    0.000005515    0.000002411    0.000001359
    2.712520868    0.000004902    0.000002358    0.000001540
    2.719699499    0.000004297    0.000002521    0.000001932
    2.726878130    0.000003730    0.000002923    0.000002560
    2.734056761    0.000003207    0.000003584    0.000003483
    2.741235392    0.000002752    0.000004539    0.000004779
    2.748414023    0.000002412    0.000005810    0.000006494
    2.755592654    0.000002229    0.000007345    0.000008563
    2.762771285    0.000002214    0.000008973    0.000010751
    2.769949917    0.000002341    0.000010417    0.000012683
    2.777128548    0.000002565    0.000011382    0.000013960
    2.784307179    0.000002852    0.000011693    0.000014339
    2.791485810    0.000003194    0.000011378    0.000013854
    2.798664441    0.000003598    0.000010660    0.000012814
    2.805843072    0.000004055    0.000009834    0.000011670
    2.813021703    0.000004523    0.000009139    0.000010826
    2.820200334    0.000004931    0.000008697    0.000010529
    2.827378965    0.000005205    0.000008612    0.000010905
    2.834557596    0.000005304    0.000009225    0.000012229
    2.841736227    0.000005256    0.000011499    0.000015383
    2.848914858    0.000005174    0.000017425    0.000022406
    2.856093489    0.000005246    0.000030202    0.000036810
    2.863272120    0.000005693    0.000054156    0.000063536
    2.870450751    0.000006670    0.000096528    0.000110938
    2.877629382    0.000008200    0.000185007    0.000210401
    2.884808013    0.000010385    0.000465535    0.000526204
    2.891986644    0.000014569    0.001635669    0.001842763
    2.899165275    0.000027520    0.006577626    0.007400935
    2.906343907    0.000074368    0.025638726    0.028835729
    2.913522538    0.000233449    0.091141416    0.102492320
    2.920701169    0.000715579    0.290572461    0.326745915
    2.927879800    0.002009050    0.827314398    0.930291628
    2.935058431    0.005072582    2.101388382    2.362936283
    2.942237062    0.011457380    4.760449003    5.352939968
    2.949415693    0.023110838    9.617602113   10.814606037
    2.956594324    0.041604913   17.328286786   19.484949716
    2.963772955    0.066836257   27.842764235   31.308050134
    2.970951586    0.095864541   39.896649107   44.862199774
    2.978130217    0.123107026   50.983325128   57.329001280
    2.985308848    0.143127915   58.101885266   65.334833664
    2.992487479    0.157019343   59.052113885   66.408449127
    2.999666110    0.184196005   53.533133147   60.220388021
    3.006844741    0.284161892   43.313237294   48.783344179
    3.014023372    0.594477354   31.365813671   35.498127714
    3.021202003    1.383012773   20.590598660   23.740000918
    3.028380634    3.085580261   12.934142774   15.886915723
    3.035559265    6.261393308    9.282136854   13.178570780
    3.042737896   11.388505826    9.870661483   16.088088875
    3.049916528   18.496588548   14.659345195   24.579886256
    3.057095159   26.800095338   23.277415109   37.888979687
    3.064273790   34.633831914   34.601912885   54.021127433
    3.071452421   39.917362814   46.430203493   69.591363044
    3.078631052   41.031539109   55.765855595   80.530747872
    3.085809683   37.615912598   59.833315754   83.573807611
    3.092988314   30.755901864   57.317209389   77.727911622
    3.100166945   22.428229412   49.011234587   64.754400115
    3.107345576   14.587441911   37.403577315   48.301102476
    3.114524207    8.462344569   25.473560515   32.244904162
    3.121702838    4.378681904   15.480523938   19.258077969
    3.128881469    2.021032629    8.393990547   10.286283174
    3.136060100    0.832623513    4.060811144    4.912250397
    3.143238731    0.308307695    1.752713482    2.098067087
    3.150417362    0.111080530    0.675110768    0.806418638
    3.157595993    0.068685573    0.232737970    0.297332846
    3.164774624    0.134847472    0.073944596    0.162610652
    3.171953255    0.370245727    0.027630893    0.249585918
    3.179131886    0.959612043    0.025536311    0.582322340
    3.186310518    2.250188035    0.048223182    1.308560188
    3.193489149    4.772120874    0.096231938    2.643771445
    3.200667780    9.188773316    0.176376164    4.770339871
    3.207846411   16.139202450    0.296768085    7.686922139
    3.215025042   25.978817335    0.473194521   11.076937548
    3.222203673   38.475443445    0.757310149   14.320403922
    3.229382304   52.556613234    1.296265580   16.734002823
    3.236560935   66.240144568    2.414307226   17.972887678
    3.243739566   76.911945912    4.665487622   18.360835862
    3.250918197   82.057140065    8.761320235   18.882209562
    3.258096828   80.303472775   15.281683209   20.734053044
    3.265275459   72.295996316   24.193425545   24.612823044
    3.272454090   60.814920550   34.413619594   30.127083168
    3.279632721   49.893967539   43.800228960   35.736358380
    3.286811352   43.284843105   49.810710171   39.361572553
    3.293989983   42.987823235   50.617503012   39.394668003
    3.301168614   48.510613988   46.038507238   35.526363621
    3.308347245   57.175573585   37.662372630   28.886991595
    3.315525876   65.365077146   28.080821541   21.447085492
    3.322704508   70.149090087   19.738133865   15.096852367
    3.329883139   70.443886732   14.067985878   10.942833292
    3.337061770   67.037029455   11.259832559    9.100642053
    3.344240401   61.555152287   10.559408754    8.919875072
    3.351419032   55.220438334   10.805801425    9.414722496
    3.358597663   48.322521679   10.953677401    9.699566330
    3.365776294   40.626931175   10.442530681    9.306606720
    3.372954925   32.139107135    9.350958426    8.319456549
    3.380133556   23.481793858    8.333873013    7.313046176
    3.387312187   15.648397624    8.398374373    7.150784193
    3.394490818    9.467206688   10.585626982    8.707887969
    3.401669449    5.241988770   15.586122243   12.554683131
    3.408848080    2.756577006   23.317599596   18.624514175
    3.416026711    1.516501574   32.614505604   25.977784720
    3.423205342    1.007332450   41.311501941   32.879322892
    3.430383973    0.847217404   46.918311399   37.343460136
    3.437562604    0.838794032   47.706506400   38.007272380
    3.444741235    0.985443303   43.642356477   34.887997872
    3.451919866    1.532097742   36.609030518   29.586061574
    3.459098497    3.052416836   29.820927431   24.851106765
    3.466277129    6.536580241   26.816394980   23.795521465
    3.473455760   13.340452400   30.473077014   29.071426087
    3.480634391   24.803840748   42.179867706   42.093595906
    3.487813022   41.465611810   61.116820628   62.304814913
    3.494991653   62.157745180   83.846481335   86.755250031
    3.502170284   83.642251746  104.777032127  110.552433560
    3.509348915  101.416600280  117.871151941  128.453264310
    3.516527546  111.599273050  119.094851082  136.979634216
    3.523706177  112.840786198  108.253669885  135.746406546
    3.530884808  106.918613539   88.997982524  127.074647142
    3.538063439   97.560320940   66.983632866  114.281993853
    3.545242070   88.421522617   47.442278216  100.072524474
    3.552420701   81.711113231   33.637740399   86.156595804
    3.559599332   78.153618818   26.763046964   73.938313878
    3.566777963   77.674106011   26.688596908   65.132696176
    3.573956594   79.742083886   32.567242025   61.403600379
    3.581135225   83.082307302   42.815034505   63.190870466
    3.588313856   85.475092698   54.826919944   68.762001676
    3.595492487   84.444735216   65.187819408   74.462148741
    3.602671119   78.686723371   70.752847928   76.256517378
    3.609849750   69.156036884   70.120026394   71.672090192
    3.617028381   58.818480309   64.462140990   60.911514711
    3.624207012   51.074499417   56.971743549   46.490614015
    3.631385643   47.860385793   51.122912628   31.773722034
    3.638564274   48.624373399   48.798824135   19.426641227
    3.645742905   50.746487764   49.423199894   10.636192941
    3.652921536   51.060356278   50.550993508    5.253547744
    3.660100167   47.522145282   49.447299772    2.447614171
    3.667278798   40.078111023   44.631710925    1.359022927
    3.674457429   30.365118851   36.507726318    1.491149756
    3.681636060   20.628461820   26.884912569    2.832960068
    3.688814691   12.628879926   17.918584532    5.796272907
    3.695993322    7.115880109   11.233270213   11.010862486
    3.703171953    3.933004041    7.670374884   18.994417225
    3.710350584    2.443540165    7.554431633   29.776459249
    3.717529215    1.933320159   11.032877179   42.643570203
    3.724707846    1.834708434   18.088017150   56.154369764
    3.731886477    1.791505631   28.152293778   68.414189533
    3.739065109    1.640682066   39.654322960   77.454376834
    3.746243740    1.362090664   50.017831654   81.595906005
    3.753422371    1.016852080   56.421446113   79.817465824
    3.760601002    0.688279524   57.062013727   72.143444387
    3.767779633    0.441000698   52.165784295   59.866343884
    3.774958264    0.306404117   44.032967680   45.313305007
    3.782136895    0.287861652   36.011183601   31.109072407
    3.789315526    0.370722628   30.975256575   19.293507406
    3.796494157    0.526498123   30.123437669   10.791132575
    3.803672788    0.712265034   32.624349908    5.457071142
    3.810851419    0.874104921   36.179709430    2.524408533
    3.818030050    0.960668397   38.177596228    1.102576836
    3.825208681    0.942524060   36.881928836    0.485559440
    3.832387312    0.824870324   32.093140470    0.235193693
    3.839565943    0.643832645   24.996534482    0.129666983
    3.846744574    0.448167693   17.386086389    0.076608359
    3.853923205    0.278249065   10.789610117    0.044525821
    3.861101836    0.154253108    5.972515008    0.024277998
    3.868280467    0.077198687    2.948631922    0.013020226
    3.875459098    0.038605609    1.298670466    0.010711682
    3.882637730    0.033476023    0.511659941    0.024002124
    3.889816361    0.076676334    0.185427968    0.078707681
    3.896994992    0.229503777    0.078431871    0.247526992
    3.904173623    0.644229279    0.082385105    0.699787502
    3.911352254    1.621220520    0.180286182    1.766163629
    3.918530885    3.640565779    0.416874427    3.976465001
    3.925709516    7.291497214    0.876340627    7.986213245
    3.932888147   13.024885735    1.648969023   14.308325532
    3.940066778   20.752270355    2.777015426   22.872005447
    3.947245409   29.495940230    4.197282763   32.629827022
    3.954424040   37.415500811    5.725625838   41.569998639
    3.961602671   42.408700737    7.125777876   47.352981416
    3.968781302   43.099174573    8.255479445   48.364309912
    3.975959933   39.667554715    9.216927879   44.577305960
    3.983138564   34.005427649   10.415066011   37.655838894
    3.990317195   29.091178618   12.469848140   30.234868632
    3.997495826   27.924031700   15.994068895   24.853619041
    4.004674457   32.454163558   21.286640072   23.115113904
    4.011853088   42.784014442   28.021132873   25.316680813
    4.019031720   56.826036876   35.076685921   30.465464901
    4.026210351   70.671461175   40.709851748   36.566961721
    4.033388982   79.836036559   43.154414170   41.205365156
    4.040567613   81.060067427   41.433544184   42.383458172
    4.047746244   73.773490833   35.914683283   39.317950787
    4.054924875   60.337078447   28.232970291   32.733282679
    4.062103506   44.922301075   20.635821777   24.445053388
    4.069282137   31.784490694   15.176497841   16.509502853
    4.076460768   23.926541968   13.169107845   10.487829334
    4.083639399   22.619879464   14.991592567    7.196354868
    4.090818030   27.555780504   20.070070517    6.886447718
    4.097996661   37.169490976   26.937539510    9.505072879
    4.105175292   48.947318888   33.479622663   14.729243300
    4.112353923   59.851406434   37.517678645   21.760394366
    4.119532554   67.009566007   37.612537350   29.162192351
    4.126711185   68.556658808   33.662235195   35.086180412
    4.133889816   64.280942342   26.885667875   37.965207165
    4.141068447   55.742878003   19.184174759   37.335463248
    4.148247078   45.768725303   12.304726800   34.227176351
    4.155425710   37.503344556    7.309287602   30.773698556
    4.162604341   33.383260470    4.558195202   29.191665110
    4.169782972   34.404699088    4.039383534   30.691062937
    4.176961603   39.930541623    5.702691417   34.903671721
    4.184140234   48.058783892    9.538184292   40.101070306
    4.191318865   56.343930722   15.356317068   44.039517836
    4.198497496   62.538903818   22.459701341   44.960202297
    4.205676127   65.102083857   29.528423199   42.243287034
    4.212854758   63.432437335   34.958682883   36.465493684
    4.220033389   57.939866725   37.578591240   28.965935329
    4.227212020   49.991400198   37.314549538   21.241523866
    4.234390651   41.633522778   35.316564922   14.470320803
    4.241569282   35.020384710   33.389434460    9.297913003
    4.248747913   31.693126355   33.057363388    5.871524112
    4.255926544   32.024323753   34.811039443    4.030697459
    4.263105175   35.090887772   37.913189766    3.540831531
    4.270283806   39.035925234   40.785993997    4.264696039
    4.277462437   41.778587934   41.741380742    6.208620483
    4.284641068   41.793620969   39.718496628    9.445408951
    4.291819699   38.630083317   34.712537477   13.969636895
    4.298998331   32.936074552   27.709612278   19.550801500
    4.306176962   26.014778202   20.186439541   25.627964347
    4.313355593   19.199666551   13.472295584   31.284334069
    4.320534224   13.394322963    8.318581980   35.365501535
    4.327712855    8.944997780    4.837632266   36.792461167
    4.334891486    5.778788883    2.722747962   34.999122736
    4.342070117    3.629327442    1.541412709   30.260647115
    4.349248748    2.210861326    0.945266808   23.661679231
    4.356427379    1.298058632    0.762160512   16.669174146
    4.363606010    0.736429649    1.014870491   10.557008669
    4.370784641    0.424870219    1.910382488    6.017891309
    4.377963272    0.297580432    3.793072040    3.125056810
    4.385141903    0.313493757    7.012887193    1.554711912
    4.392320534    0.452499921   11.681897617    0.862763852
    4.399499165    0.720904915   17.395961429    0.666813253
    4.406677796    1.174334346   23.115678614    0.707358811
    4.413856427    1.959935568   27.397113203    0.838711081
    4.421035058    3.352690060   28.960877274    1.002762809
    4.428213689    5.725822340   27.305311941    1.204358298
    4.435392321    9.392971919   22.965384446    1.480371838
    4.442570952   14.331856845   17.235700525    1.855692788
    4.449749583   19.930892255   11.550594101    2.299681440
    4.456928214   24.985296193    6.921708757    2.711887380
    4.464106845   28.077364634    3.719933128    2.955686967
    4.471285476   28.207482676    1.803796649    2.925644570
    4.478464107   25.301445805    0.798587149    2.605692613
    4.485642738   20.250475701    0.329844661    2.078494257
    4.492821369   14.458716602    0.131482754    1.481575884
    4.500000000    9.211242581    0.052838475    0.942729186
