# energy grid [eV]     epsi_x  epsi_y  epsi_z
#
    0.200000000    0.000000000    0.000000000    0.000000000
    0.207178631    0.000000000    0.000000000    0.000000000
    0.214357262    0.000000000    0.000000000    0.000000000
    0.221535893    0.000000000    0.000000000    0.000000000
    0.228714524    0.000000000    0.000000000    0.000000000
    0.235893155    0.000000000    0.000000000    0.000000000
    0.243071786    0.000000000    0.000000000    0.000000000
    0.250250417    0.000000000    0.000000000    0.000000000
    0.257429048    0.000000000    0.000000000    0.000000000
    0.264607679    0.000000000    0.000000000    0.000000000
    0.271786311    0.000000000    0.000000000    0.000000000
    0.278964942    0.000000000    0.000000000    0.000000000
    0.286143573    0.000000000    0.000000000    0.000000000
    0.293322204    0.000000000    0.000000000    0.000000000
    0.300500835    0.000000000    0.000000000    0.000000000
    0.307679466    0.000000000    0.000000000    0.000000000
    0.314858097    0.000000000    0.000000000    0.000000000
    0.322036728    0.000000000    0.000000000    0.000000000
    0.329215359    0.000000000    0.000000000    0.000000000
    0.336393990    0.000000000    0.000000000    0.000000000
    0.343572621    0.000000000    0.000000000    0.000000000
    0.350751252    0.000000000    0.000000000    0.000000000
    0.357929883    0.000000000    0.000000000    0.000000000
    0.365108514    0.000000000    0.000000000    0.000000000
    0.372287145    0.000000000    0.000000000    0.000000000
    0.379465776    0.000000000    0.000000000    0.000000000
    0.386644407    0.000000000    0.000000000    0.000000000
    0.393823038    0.000000000    0.000000000    0.000000000
    0.401001669    0.000000000    0.000000000    0.000000000
    0.408180301    0.000000000    0.000000000    0.000000000
    0.415358932    0.000000000    0.000000000    0.000000000
    0.422537563    0.000000000    0.000000000    0.000000000
    0.429716194    0.000000000    0.000000000    0.000000000
    0.436894825    0.000000000    0.000000000    0.000000000
    0.444073456    0.000000000    0.000000000    0.000000000
    0.451252087    0.000000000    0.000000000    0.000000000
    0.458430718    0.000000000    0.000000000    0.000000000
    0.465609349    0.000000000    0.000000000    0.000000000
    0.472787980    0.000000000    0.000000000    0.000000000
    0.479966611    0.000000000    0.000000000    0.000000000
    0.487145242    0.000000000    0.000000000    0.000000000
    0.494323873    0.000000000    0.000000000    0.000000000
    0.501502504    0.000000000    0.000000000    0.000000000
    0.508681135    0.000000000    0.000000000    0.000000000
    0.515859766    0.000000000    0.000000000    0.000000000
    0.523038397    0.000000000    0.000000000    0.000000000
    0.530217028    0.000000000    0.000000000    0.000000000
    0.537395659    0.000000000    0.000000000    0.000000000
    0.544574290    0.000000000    0.000000000    0.000000000
    0.551752922    0.000000000    0.000000000    0.000000000
    0.558931553    0.000000000    0.000000000    0.000000000
    0.566110184    0.000000000    0.000000000    0.000000000
    0.573288815    0.000000000    0.000000000    0.000000000
    0.580467446    0.000000000    0.000000000    0.000000000
    0.587646077    0.000000000    0.000000000    0.000000000
    0.594824708    0.000000000    0.000000000    0.000000000
    0.602003339    0.000000000    0.000000000    0.000000000
    0.609181970    0.000000000    0.000000000    0.000000000
    0.616360601    0.000000000    0.000000000    0.000000000
    0.623539232    0.000000000    0.000000000    0.000000000
    0.630717863    0.000000000    0.000000000    0.000000000
    0.637896494    0.000000000    0.000000000    0.000000000
    0.645075125    0.000000000    0.000000000    0.000000000
    0.652253756    0.000000000    0.000000000    0.000000000
    0.659432387    0.000000000    0.000000000    0.000000000
    0.666611018    0.000000000    0.000000000    0.000000000
    0.673789649    0.000000000    0.000000000    0.000000000
    0.680968280    0.000000000    0.000000000    0.000000000
    0.688146912    0.000000000    0.000000000    0.000000000
    0.695325543    0.000000000    0.000000000    0.000000000
    0.702504174    0.000000000    0.000000000    0.000000000
    0.709682805    0.000000000    0.000000000    0.000000000
    0.716861436    0.000000000    0.000000000    0.000000000
    0.724040067    0.000000000    0.000000000    0.000000000
    0.731218698    0.000000000    0.000000000    0.000000000
    0.738397329    0.000000000    0.000000000    0.000000000
    0.745575960    0.000000000    0.000000000    0.000000000
    0.752754591    0.000000000    0.000000000    0.000000000
    0.759933222    0.000000000    0.000000000    0.000000000
    0.767111853    0.000000000    0.000000000    0.000000000
    0.774290484    0.000000000    0.000000000    0.000000000
    0.781469115    0.000000000    0.000000000    0.000000000
    0.788647746    0.000000000    0.000000000    0.000000000
    0.795826377    0.000000000    0.000000000    0.000000000
    0.803005008    0.000000000    0.000000000    0.000000000
    0.810183639    0.000000000    0.000000000    0.000000000
    0.817362270    0.000000000    0.000000000    0.000000000
    0.824540902    0.000000000    0.000000000    0.000000000
    0.831719533    0.000000000    0.000000000    0.000000000
    0.838898164    0.000000000    0.000000000    0.000000000
    0.846076795    0.000000000    0.000000000    0.000000000
    0.853255426    0.000000000    0.000000000    0.000000000
    0.860434057    0.000000000    0.000000000    0.000000000
    0.867612688    0.000000000    0.000000000    0.000000000
    0.874791319    0.000000000    0.000000000    0.000000000
    0.881969950    0.000000000    0.000000000    0.000000000
    0.889148581    0.000000000    0.000000000    0.000000000
    0.896327212    0.000000000    0.000000000    0.000000000
    0.903505843    0.000000000    0.000000000    0.000000000
    0.910684474    0.000000000    0.000000000    0.000000000
    0.917863105    0.000000000    0.000000000    0.000000000
    0.925041736    0.000000000    0.000000000    0.000000000
    0.932220367    0.000000000    0.000000000    0.000000000
    0.939398998    0.000000000    0.000000000    0.000000000
    0.946577629    0.000000000    0.000000000    0.000000000
    0.953756260    0.000000000    0.000000000    0.000000000
    0.960934891    0.000000000    0.000000000    0.000000000
    0.968113523    0.000000001    0.000000000    0.000000000
    0.975292154    0.000000003    0.000000001    0.000000000
    0.982470785    0.000000006    0.000000002    0.000000000
    0.989649416    0.000000011    0.000000004    0.000000000
    0.996828047    0.000000018    0.000000006    0.000000000
    1.004006678    0.000000028    0.000000010    0.000000000
    1.011185309    0.000000039    0.000000014    0.000000001
    1.018363940    0.000000048    0.000000017    0.000000001
    1.025542571    0.000000052    0.000000018    0.000000001
    1.032721202    0.000000051    0.000000018    0.000000001
    1.039899833    0.000000044    0.000000015    0.000000001
    1.047078464    0.000000034    0.000000012    0.000000000
    1.054257095    0.000000024    0.000000008    0.000000000
    1.061435726    0.000000015    0.000000005    0.000000000
    1.068614357    0.000000008    0.000000003    0.000000000
    1.075792988    0.000000004    0.000000001    0.000000000
    1.082971619    0.000000002    0.000000001    0.000000000
    1.090150250    0.000000001    0.000000000    0.000000000
    1.097328881    0.000000000    0.000000000    0.000000000
    1.104507513    0.000000000    0.000000000    0.000000000
    1.111686144    0.000000000    0.000000000    0.000000000
    1.118864775    0.000000000    0.000000000    0.000000000
    1.126043406    0.000000000    0.000000000    0.000000000
    1.133222037    0.000000000    0.000000000    0.000000000
    1.140400668    0.000000000    0.000000000    0.000000000
    1.147579299    0.000000000    0.000000000    0.000000000
    1.154757930    0.000000000    0.000000000    0.000000000
    1.161936561    0.000000000    0.000000000    0.000000000
    1.169115192    0.000000000    0.000000000    0.000000000
    1.176293823    0.000000000    0.000000000    0.000000000
    1.183472454    0.000000000    0.000000000    0.000000000
    1.190651085    0.000000000    0.000000001    0.000000000
    1.197829716    0.000000000    0.000000001    0.000000001
    1.205008347    0.000000001    0.000000003    0.000000002
    1.212186978    0.000000002    0.000000005    0.000000004
    1.219365609    0.000000004    0.000000009    0.000000009
    1.226544240    0.000000008    0.000000013    0.000000017
    1.233722871    0.000000015    0.000000018    0.000000029
    1.240901503    0.000000026    0.000000023    0.000000048
    1.248080134    0.000000041    0.000000026    0.000000071
    1.255258765    0.000000058    0.000000028    0.000000096
    1.262437396    0.000000074    0.000000030    0.000000118
    1.269616027    0.000000086    0.000000030    0.000000130
    1.276794658    0.000000090    0.000000031    0.000000129
    1.283973289    0.000000088    0.000000031    0.000000115
    1.291151920    0.000000079    0.000000032    0.000000093
    1.298330551    0.000000067    0.000000031    0.000000068
    1.305509182    0.000000053    0.000000029    0.000000046
    1.312687813    0.000000040    0.000000025    0.000000028
    1.319866444    0.000000029    0.000000019    0.000000016
    1.327045075    0.000000019    0.000000014    0.000000009
    1.334223706    0.000000011    0.000000009    0.000000005
    1.341402337    0.000000006    0.000000005    0.000000002
    1.348580968    0.000000003    0.000000003    0.000000001
    1.355759599    0.000000001    0.000000001    0.000000000
    1.362938230    0.000000001    0.000000000    0.000000000
    1.370116861    0.000000000    0.000000000    0.000000000
    1.377295492    0.000000000    0.000000000    0.000000000
    1.384474124    0.000000000    0.000000000    0.000000000
    1.391652755    0.000000000    0.000000000    0.000000000
    1.398831386    0.000000000    0.000000000    0.000000000
    1.406010017    0.000000000    0.000000000    0.000000000
    1.413188648    0.000000000    0.000000000    0.000000000
    1.420367279    0.000000000    0.000000000    0.000000000
    1.427545910    0.000000000    0.000000000    0.000000000
    1.434724541    0.000000000    0.000000000    0.000000001
    1.441903172    0.000000001    0.000000000    0.000000001
    1.449081803    0.000000002    0.000000000    0.000000003
    1.456260434    0.000000003    0.000000001    0.000000006
    1.463439065    0.000000005    0.000000003    0.000000010
    1.470617696    0.000000009    0.000000007    0.000000014
    1.477796327    0.000000013    0.000000013    0.000000019
    1.484974958    0.000000018    0.000000025    0.000000023
    1.492153589    0.000000024    0.000000042    0.000000025
    1.499332220    0.000000030    0.000000064    0.000000024
    1.506510851    0.000000035    0.000000087    0.000000021
    1.513689482    0.000000039    0.000000107    0.000000017
    1.520868114    0.000000039    0.000000117    0.000000013
    1.528046745    0.000000037    0.000000117    0.000000012
    1.535225376    0.000000032    0.000000108    0.000000015
    1.542404007    0.000000025    0.000000098    0.000000024
    1.549582638    0.000000020    0.000000093    0.000000039
    1.556761269    0.000000017    0.000000098    0.000000061
    1.563939900    0.000000015    0.000000113    0.000000087
    1.571118531    0.000000015    0.000000130    0.000000110
    1.578297162    0.000000015    0.000000141    0.000000124
    1.585475793    0.000000015    0.000000141    0.000000126
    1.592654424    0.000000013    0.000000126    0.000000113
    1.599833055    0.000000011    0.000000101    0.000000091
    1.607011686    0.000000008    0.000000073    0.000000066
    1.614190317    0.000000005    0.000000047    0.000000042
    1.621368948    0.000000003    0.000000027    0.000000024
    1.628547579    0.000000001    0.000000014    0.000000012
    1.635726210    0.000000001    0.000000007    0.000000006
    1.642904841    0.000000001    0.000000004    0.000000003
    1.650083472    0.000000001    0.000000004    0.000000004
    1.657262104    0.000000002    0.000000008    0.000000009
    1.664440735    0.000000004    0.000000018    0.000000019
    1.671619366    0.000000008    0.000000035    0.000000039
    1.678797997    0.000000015    0.000000063    0.000000070
    1.685976628    0.000000024    0.000000100    0.000000112
    1.693155259    0.000000036    0.000000143    0.000000161
    1.700333890    0.000000050    0.000000182    0.000000208
    1.707512521    0.000000064    0.000000207    0.000000241
    1.714691152    0.000000077    0.000000210    0.000000254
    1.721869783    0.000000088    0.000000192    0.000000245
    1.729048414    0.000000096    0.000000160    0.000000219
    1.736227045    0.000000101    0.000000123    0.000000186
    1.743405676    0.000000100    0.000000091    0.000000153
    1.750584307    0.000000095    0.000000068    0.000000124
    1.757762938    0.000000086    0.000000054    0.000000101
    1.764941569    0.000000077    0.000000046    0.000000084
    1.772120200    0.000000070    0.000000041    0.000000071
    1.779298831    0.000000066    0.000000036    0.000000063
    1.786477462    0.000000063    0.000000030    0.000000056
    1.793656093    0.000000059    0.000000024    0.000000049
    1.800834725    0.000000052    0.000000018    0.000000042
    1.808013356    0.000000043    0.000000013    0.000000033
    1.815191987    0.000000031    0.000000009    0.000000024
    1.822370618    0.000000021    0.000000006    0.000000015
    1.829549249    0.000000013    0.000000004    0.000000009
    1.836727880    0.000000008    0.000000004    0.000000006
    1.843906511    0.000000007    0.000000006    0.000000005
    1.851085142    0.000000011    0.000000011    0.000000008
    1.858263773    0.000000020    0.000000022    0.000000016
    1.865442404    0.000000035    0.000000040    0.000000030
    1.872621035    0.000000055    0.000000063    0.000000053
    1.879799666    0.000000077    0.000000091    0.000000085
    1.886978297    0.000000098    0.000000118    0.000000123
    1.894156928    0.000000111    0.000000139    0.000000161
    1.901335559    0.000000113    0.000000150    0.000000192
    1.908514190    0.000000103    0.000000150    0.000000210
    1.915692821    0.000000084    0.000000143    0.000000211
    1.922871452    0.000000062    0.000000131    0.000000196
    1.930050083    0.000000041    0.000000119    0.000000171
    1.937228715    0.000000025    0.000000110    0.000000142
    1.944407346    0.000000014    0.000000106    0.000000115
    1.951585977    0.000000008    0.000000109    0.000000101
    1.958764608    0.000000005    0.000000127    0.000000109
    1.965943239    0.000000005    0.000000171    0.000000157
    1.973121870    0.000000008    0.000000258    0.000000266
    1.980300501    0.000000015    0.000000406    0.000000457
    1.987479132    0.000000030    0.000000623    0.000000737
    1.994657763    0.000000055    0.000000897    0.000001092
    2.001836394    0.000000094    0.000001199    0.000001475
    2.009015025    0.000000148    0.000001487    0.000001818
    2.016193656    0.000000213    0.000001730    0.000002059
    2.023372287    0.000000278    0.000001928    0.000002161
    2.030550918    0.000000328    0.000002107    0.000002127
    2.037729549    0.000000352    0.000002301    0.000001995
    2.044908180    0.000000345    0.000002518    0.000001816
    2.052086811    0.000000318    0.000002730    0.000001641
    2.059265442    0.000000288    0.000002887    0.000001521
    2.066444073    0.000000275    0.000002948    0.000001511
    2.073622705    0.000000291    0.000002919    0.000001677
    2.080801336    0.000000335    0.000002848    0.000002070
    2.087979967    0.000000396    0.000002791    0.000002695
    2.095158598    0.000000455    0.000002773    0.000003461
    2.102337229    0.000000493    0.000002768    0.000004188
    2.109515860    0.000000496    0.000002713    0.000004655
    2.116694491    0.000000460    0.000002546    0.000004696
    2.123873122    0.000000391    0.000002242    0.000004276
    2.131051753    0.000000303    0.000001828    0.000003508
    2.138230384    0.000000213    0.000001369    0.000002591
    2.145409015    0.000000135    0.000000937    0.000001723
    2.152587646    0.000000077    0.000000584    0.000001032
    2.159766277    0.000000040    0.000000334    0.000000557
    2.166944908    0.000000019    0.000000181    0.000000274
    2.174123539    0.000000010    0.000000107    0.000000128
    2.181302170    0.000000009    0.000000094    0.000000069
    2.188480801    0.000000017    0.000000131    0.000000060
    2.195659432    0.000000036    0.000000210    0.000000081
    2.202838063    0.000000076    0.000000320    0.000000122
    2.210016694    0.000000155    0.000000447    0.000000177
    2.217195326    0.000000296    0.000000569    0.000000244
    2.224373957    0.000000525    0.000000669    0.000000330
    2.231552588    0.000000861    0.000000742    0.000000454
    2.238731219    0.000001305    0.000000799    0.000000654
    2.245909850    0.000001831    0.000000863    0.000000968
    2.253088481    0.000002393    0.000000948    0.000001420
    2.260267112    0.000002925    0.000001054    0.000001991
    2.267445743    0.000003354    0.000001162    0.000002604
    2.274624374    0.000003609    0.000001240    0.000003137
    2.281803005    0.000003628    0.000001263    0.000003468
    2.288981636    0.000003391    0.000001224    0.000003531
    2.296160267    0.000002942    0.000001142    0.000003340
    2.303338898    0.000002395    0.000001053    0.000002979
    2.310517529    0.000001903    0.000001004    0.000002559
    2.317696160    0.000001615    0.000001035    0.000002171
    2.324874791    0.000001624    0.000001168    0.000001864
    2.332053422    0.000001938    0.000001402    0.000001655
    2.339232053    0.000002472    0.000001709    0.000001534
    2.346410684    0.000003069    0.000002053    0.000001484
    2.353589316    0.000003559    0.000002404    0.000001501
    2.360767947    0.000003819    0.000002757    0.000001599
    2.367946578    0.000003820    0.000003122    0.000001812
    2.375125209    0.000003618    0.000003495    0.000002161
    2.382303840    0.000003308    0.000003830    0.000002631
    2.389482471    0.000002969    0.000004041    0.000003140
    2.396661102    0.000002650    0.000004049    0.000003567
    2.403839733    0.000002389    0.000003827    0.000003801
    2.411018364    0.000002233    0.000003430    0.000003809
    2.418196995    0.000002245    0.000002971    0.000003656
    2.425375626    0.000002461    0.000002569    0.000003471
    2.432554257    0.000002851    0.000002292    0.000003369
    2.439732888    0.000003301    0.000002136    0.000003376
    2.446911519    0.000003649    0.000002040    0.000003421
    2.454090150    0.000003758    0.000001936    0.000003378
    2.461268781    0.000003581    0.000001783    0.000003145
    2.468447412    0.000003184    0.000001582    0.000002705
    2.475626043    0.000002704    0.000001360    0.000002127
    2.482804674    0.000002287    0.000001156    0.000001528
    2.489983306    0.000002033    0.000001009    0.000001020
    2.497161937    0.000001989    0.000000954    0.000000674
    2.504340568    0.000002176    0.000001015    0.000000526
    2.511519199    0.000002602    0.000001185    0.000000591
    2.518697830    0.000003270    0.000001418    0.000000878
    2.525876461    0.000004150    0.000001636    0.000001384
    2.533055092    0.000005175    0.000001757    0.000002087
    2.540233723    0.000006258    0.000001737    0.000002935
    2.547412354    0.000007332    0.000001595    0.000003865
    2.554590985    0.000008382    0.000001399    0.000004832
    2.561769616    0.000009420    0.000001231    0.000005811
    2.568948247    0.000010421    0.000001145    0.000006776
    2.576126878    0.000011261    0.000001144    0.000007645
    2.583305509    0.000011728    0.000001190    0.000008270
    2.590484140    0.000011611    0.000001230    0.000008481
    2.597662771    0.000010826    0.000001223    0.000008178
    2.604841402    0.000009472    0.000001169    0.000007402
    2.612020033    0.000007795    0.000001111    0.000006340
    2.619198664    0.000006079    0.000001150    0.000005285
    2.626377295    0.000004549    0.000001459    0.000004579
    2.633555927    0.000003340    0.000002305    0.000004594
    2.640734558    0.000002499    0.000004037    0.000005709
    2.647913189    0.000002018    0.000007030    0.000008267
    2.655091820    0.000001845    0.000011572    0.000012471
    2.662270451    0.000001905    0.000017783    0.000018328
    2.669449082    0.000002129    0.000025665    0.000025707
    2.676627713    0.000002554    0.000035311    0.000034593
    2.683806344    0.000003873    0.000047125    0.000045540
    2.690984975    0.000010725    0.000062319    0.000061548
    2.698163606    0.000049742    0.000086983    0.000099317
    2.705342237    0.000256165    0.000157616    0.000248647
    2.712520868    0.001235602    0.000467520    0.000938610
    2.719699499    0.005370919    0.001900971    0.003970752
    2.726878130    0.020869968    0.007994011    0.016001858
    2.734056761    0.072363080    0.031153752    0.058663786
    2.741235392    0.223793117    0.109482113    0.193548683
    2.748414023    0.617252689    0.344765335    0.573311659
    2.755592654    1.518284862    0.971273747    1.523862217
    2.762771285    3.330537740    2.446455581    3.634069384
    2.769949917    6.515469987    5.507547015    7.774753126
    2.777128548   11.367048346   11.078592440   14.919727255
    2.784307179   17.685641451   19.907311368   25.675990947
    2.791485810   24.539506662   31.948470712   39.616371410
    2.798664441   30.365724747   45.784127996   54.786600742
    2.805843072   33.510078605   58.577994716   67.886586315
    2.813021703   32.979430456   66.902850418   75.344819064
    2.820200334   28.946263050   68.200797252   74.874132546
    2.827378965   22.659524037   62.047265236   66.601759324
    2.834557596   15.826004532   50.375191966   53.024214773
    2.841736227    9.882069175   36.501707018   37.819960038
    2.848914858    5.583075849   23.625368564   24.321323546
    2.856093489    3.046105296   13.721199723   14.566715702
    2.863272120    2.079046908    7.314460222    9.305868215
    2.870450751    2.524725000    3.951670501    8.640848614
    2.877629382    4.423299587    2.851064387   12.652246806
    2.884808013    7.923933556    3.321182884   21.488401991
    2.891986644   12.994040089    4.841069252   34.814728249
    2.899165275   19.089353958    6.934988701   51.013658033
    2.906343907   25.031255950    9.051718662   66.848134069
    2.913522538   29.284868052   10.596931945   78.163017649
    2.920701169   30.589316910   11.129272335   81.515591680
    2.927879800   28.602443897   10.601456956   75.823536486
    2.935058431   24.150644298    9.494478488   62.922377142
    2.942237062   18.926730962    8.771936584   46.631480432
    2.949415693   14.842699941    9.682699544   30.977790181
    2.956594324   13.394929127   13.460984329   18.713162346
    2.963772955   15.254645280   20.934564966   10.852925414
    2.970951586   20.087638582   32.086161003    7.155146978
    2.978130217   26.575771606   45.768039491    6.947805690
    2.985308848   32.715470951   59.865314766    9.727338727
    2.992487479   36.453618269   71.995799693   15.258648572
    2.999666110   36.481801451   80.384705869   23.221463038
    3.006844741   32.768626219   84.311484538   32.685794738
    3.014023372   26.481579776   83.859672499   41.839937442
    3.021202003   19.346906140   79.349776230   48.320841507
    3.028380634   12.872026616   71.096891639   50.120887505
    3.035559265    7.878214103   59.694217664   46.563400787
    3.042737896    4.490087919   46.385983093   38.679157176
    3.049916528    2.412922152   32.983910818   28.699351011
    3.057095159    1.237864346   21.275609880   19.010667322
    3.064273790    0.627178831   12.375599905   11.244893625
    3.071452421    0.379880711    6.477315029    5.962210558
    3.078631052    0.448328508    3.080143134    2.908103930
    3.085809683    0.965172062    1.431852848    1.508600946
    3.092988314    2.289308439    0.891783778    1.278450095
    3.100166945    5.017354717    1.084925107    2.001255376
    3.107345576    9.858347577    1.871683532    3.692352295
    3.114524207   17.287754643    3.213181603    6.411241060
    3.121702838   27.038934787    5.009226569   10.012403499
    3.128881469   37.714996794    6.983597353   13.962493878
    3.136060100   46.914340374    8.686343407   17.367564829
    3.143238731   52.043110220    9.635821655   19.266101110
    3.150417362   51.485731925    9.532591037   19.059732953
    3.157595993   45.423094404    8.410081238   16.815367116
    3.164774624   35.738235501    6.616926018   13.230083403
    3.171953255   25.075920603    4.642800487    9.282955745
    3.179131886   15.690970786    2.905182007    5.808703501
    3.186310518    8.756199567    1.621214558    3.241493624
    3.193489149    4.357752144    0.806846283    1.613215681
    3.200667780    1.934230525    0.358133620    0.716043317
    3.207846411    0.765759731    0.141791771    0.283483280
    3.215025042    0.270462364    0.050086734    0.100128186
    3.222203673    0.085265017    0.015796289    0.031570410
    3.229382304    0.024024027    0.004456623    0.008900515
    3.236560935    0.006071264    0.001132335    0.002255429
    3.243739566    0.001390870    0.000265915    0.000523297
    3.250918197    0.000298578    0.000064404    0.000119144
    3.258096828    0.000066131    0.000025421    0.000034332
    3.265275459    0.000018405    0.000042672    0.000027366
    3.272454090    0.000007697    0.000190305    0.000088784
    3.279632721    0.000005475    0.000945725    0.000422725
    3.286811352    0.000008629    0.004330602    0.001927431
    3.293989983    0.000024619    0.017783158    0.007913179
    3.301168614    0.000081008    0.065203662    0.029017538
    3.308347245    0.000255975    0.213286022    0.094925124
    3.315525876    0.000738114    0.622270684    0.276957100
    3.322704508    0.001912728    1.619153005    0.720655286
    3.329883139    0.004432023    3.757282805    1.672309057
    3.337061770    0.009166903    7.775549904    3.460789137
    3.344240401    0.016914321   14.350159556    6.387065814
    3.351419032    0.027835955   23.618341620   10.512217903
    3.358597663    0.040854924   34.666379369   15.429561060
    3.365776294    0.053475812   45.376780308   20.196625774
    3.372954925    0.062422398   52.969372215   23.575992580
    3.380133556    0.064981803   55.141916572   24.542964618
    3.387312187    0.060326845   51.192311006   22.785045469
    3.394490818    0.049945591   42.383171204   18.864209678
    3.401669449    0.036876779   31.293057639   13.928141873
    3.408848080    0.024281980   20.604801322    9.170936070
    3.416026711    0.014259726   12.099152206    5.385182181
    3.423205342    0.007469742    6.335909175    2.820045409
    3.430383973    0.003492381    2.959000903    1.317076669
    3.437562604    0.001460627    1.232935473    0.549084883
    3.444741235    0.000552531    0.460702170    0.206564292
    3.451919866    0.000206220    0.164326783    0.079534124
    3.459098497    0.000147397    0.092920741    0.065508367
    3.466277129    0.000430301    0.174487576    0.158985066
    3.473455760    0.001828509    0.493804299    0.463792004
    3.480634391    0.007329844    1.324519389    1.241531208
    3.487813022    0.026427640    3.191302740    2.970785253
    3.494991653    0.085174407    6.884548499    6.341252021
    3.502170284    0.245081482   13.316231916   12.073814213
    3.509348915    0.629461536   23.149953639   20.510602383
    3.516527546    1.443425848   36.297746752   31.103465039
    3.523706177    2.957546417   51.567218995   42.156165957
    3.530884808    5.424348480   66.766271845   51.208606360
    3.538063439    8.937896214   79.314202158   56.112397142
    3.545242070   13.328739888   87.045629874   56.296784737
    3.552420701   18.243588987   88.782714006   53.436498443
    3.559599332   23.485678023   84.509184777   51.043650912
    3.566777963   29.457476732   75.301107842   53.192899154
    3.573956594   37.306384641   63.194958347   63.053159641
    3.581135225   48.405006577   50.949716019   81.803366448
    3.588313856   63.241719121   41.539791785  108.123608593
    3.595492487   80.411215171   37.373981029  138.271094886
    3.602671119   96.624728008   39.499622307  166.856630577
    3.609849750  108.106806079   47.186655117  188.415449795
    3.617028381  112.668602544   58.208739300  199.397892751
    3.624207012  111.031453400   69.833572904  199.615255346
    3.631385643  106.377166954   80.056173358  192.174363131
    3.638564274  102.417499002   88.269449955  181.779166010
    3.645742905  101.383281080   94.832726744  172.363242444
    3.652921536  103.256721657   99.901985260  165.428312188
    3.660100167  106.464560535  102.671307241  159.884567806
    3.667278798  109.201770598  101.933628098  153.169586266
    3.674457429  110.415337890   97.623217649  142.784431739
    3.681636060  110.065604781   91.894152351  127.455646555
    3.688814691  108.817047032   88.462218934  107.590105651
    3.695993322  107.409186442   90.337010643   85.062961267
    3.703171953  105.929718459   97.492609785   62.529657732
    3.710350584  103.369318803  106.262164359   42.533413532
    3.717529215   97.919002582  111.090057034   26.762179124
    3.724707846   88.052413864  107.611737292   15.769253616
    3.731886477   73.724926348   95.109102100    9.231076738
    3.739065109   56.781961937   76.892782306    6.517147651
    3.746243740   40.263352902   58.639589640    7.203590436
    3.753422371   27.155668716   45.936928009   11.234606773
    3.760601002   19.432225058   42.375199626   18.641852762
    3.767779633   17.756980927   48.729635886   28.985674808
    3.774958264   21.611613332   63.036537255   40.911237772
    3.782136895   29.460231369   81.259395648   52.261980598
    3.789315526   38.912053244   98.452169791   60.892021041
    3.796494157   47.176370205  110.270071530   65.757755962
    3.803672788   51.978820028  114.300310993   67.504288089
    3.810851419   52.594647148  110.525093867   68.031608858
    3.818030050   50.280972457  100.688580942   69.293003577
    3.825208681   47.614711092   87.099085519   72.154046596
    3.832387312   46.976183066   71.719807442   75.999167283
    3.839565943   49.081513413   55.976847222   79.137223274
    3.846744574   52.512685239   41.018632144   79.592838945
    3.853923205   54.560828761   27.892355436   75.885166480
    3.861101836   52.831648101   17.408337693   67.601188408
    3.868280467   46.579293100    9.889034657   55.627497421
    3.875459098   36.983633620    5.100235450   41.894863644
    3.882637730   26.362218954    2.448147277   28.668861965
    3.889816361   16.996633546    1.303498645   17.727026272
    3.896994992   10.350084167    1.277103353    9.864821549
    3.904173623    6.992440565    2.361048077    4.927739550
    3.911352254    6.989483198    4.916848962    2.210779365
    3.918530885   10.268885391    9.487535515    0.909197018
    3.925709516   16.624036600   16.413973186    0.404251808
    3.932888147   25.379203787   25.343135421    0.355855263
    3.940066778   35.069909154   34.899466336    0.683170542
    3.947245409   43.568273673   42.860043906    1.508384884
    3.954424040   48.792805221   46.941774194    3.077140356
    3.961602671   49.641422839   45.850632861    5.625048078
    3.968781302   46.496905624   39.941737645    9.179397364
    3.975959933   40.908617176   31.035299988   13.366406450
    3.983138564   34.690385738   21.518777847   17.370471642
    3.990317195   29.112829409   13.336908916   20.162120206
    3.997495826   24.699340569    7.442395140   20.941943697
    4.004674457   21.554873410    3.854835747   19.552481847
    4.011853088   19.742346097    2.072579407   16.577557097
    4.019031720   19.322093487    1.485552977   13.046178175
    4.026210351   20.103715462    1.598148383    9.933292653
    4.033388982   21.470753958    2.073035237    7.770998589
    4.040567613   22.555544942    2.700323563    6.568872577
    4.047746244   22.684987361    3.373394779    6.014075270
    4.054924875   21.740364043    4.082210532    5.763440919
    4.062103506   20.130725309    4.888244984    5.635853351
    4.069282137   18.409157970    5.855392878    5.624578002
    4.076460768   16.856147905    6.960409295    5.779585473
    4.083639399   15.351675724    8.042923365    6.077485434
    4.090818030   13.584484335    8.839581609    6.374846970
    4.097996661   11.372640545    9.090396035    6.463506126
    4.105175292    8.828571790    8.656508162    6.176400041
    4.112353923    6.282430631    7.584302997    5.471574361
    4.119532554    4.078720683    6.086783884    4.448823950
    4.126711185    2.415717952    4.459042428    3.298973761
    4.133889816    1.310350508    2.974277066    2.221156644
    4.141068447    0.660796061    1.809811562    1.353179822
    4.148247078    0.335456346    1.031893904    0.743990395
    4.155425710    0.239791899    0.636866254    0.368793794
    4.162604341    0.351280022    0.621464484    0.165847429
    4.169782972    0.729504599    1.044789362    0.070714657
    4.176961603    1.500115100    2.044791990    0.034929550
    4.184140234    2.798749648    3.780302379    0.029276864
    4.191318865    4.669367969    6.296889375    0.038591970
    4.198497496    6.950463499    9.370475140    0.054832878
    4.205676127    9.227203252   12.439339920    0.072199434
    4.212854758   10.924446650   14.727302641    0.085358480
    4.220033389   11.534441366   15.549619209    0.090102552
    4.227212020   10.860759966   14.641424227    0.084836537
    4.234390651    9.119899724   12.294564700    0.071238045
    4.241569282    6.829456331    9.206808854    0.053347616
    4.248747913    4.560886748    6.148531259    0.035629776
    4.255926544    2.716354225    3.661852084    0.021232233
    4.263105175    1.442963962    1.944925566    0.011331711
    4.270283806    0.684481540    0.921346525    0.005592822
    4.277462437    0.292894641    0.389626872    0.003199890
    4.284641068    0.122842969    0.148241600    0.003987912
    4.291819699    0.078378475    0.054160429    0.009594583
    4.298998331    0.121765539    0.027828229    0.024734871
    4.306176962    0.264961314    0.035121999    0.058301788
    4.313355593    0.554266822    0.067769988    0.123140634
    4.320534224    1.046128580    0.129525549    0.232867855
    4.327712855    1.770861235    0.227644334    0.395358776
    4.334891486    2.693577350    0.368389012    0.606037807
    4.342070117    3.696534903    0.556917697    0.847709017
    4.349248748    4.605007571    0.801617004    1.102724973
    4.356427379    5.251293572    1.119462079    1.374856805
    4.363606010    5.538424381    1.535304858    1.706173347
    4.370784641    5.461367272    2.068911967    2.168945642
    4.377963272    5.078889606    2.710934861    2.823125348
    4.385141903    4.469861482    3.399280358    3.654715476
    4.392320534    3.711463971    4.013762574    4.534212679
    4.399499165    2.883570909    4.402955486    5.235695861
    4.406677796    2.074461125    4.440400261    5.524660374
    4.413856427    1.368295796    4.084726447    5.272148545
    4.421035058    0.821071790    3.407226203    4.524213811
    4.428213689    0.445872507    2.565743602    3.480096650
    4.435392321    0.218446866    1.738456186    2.395155333
    4.442570952    0.096443530    1.057273005    1.473286381
    4.449749583    0.038385066    0.576103118    0.809369766
    4.456928214    0.013799123    0.280888223    0.396930853
    4.464106845    0.004499069    0.122427969    0.173724637
    4.471285476    0.001342603    0.047672397    0.067843716
    4.478464107    0.000375860    0.016578733    0.023639766
    4.485642738    0.000105902    0.005150094    0.007351590
    4.492821369    0.000035042    0.001431443    0.002043301
    4.500000000    0.000015667    0.000358599    0.000510912
