# energy grid [eV]     epsi_x  epsi_y  epsi_z
#
    0.200000000    0.000000000    0.000000000    0.000000000
    0.207178631    0.000000000    0.000000000    0.000000000
    0.214357262    0.000000000    0.000000000    0.000000000
    0.221535893    0.000000000    0.000000000    0.000000000
    0.228714524    0.000000000    0.000000000    0.000000000
    0.235893155    0.000000000    0.000000000    0.000000000
    0.243071786    0.000000000    0.000000000    0.000000000
    0.250250417    0.000000000    0.000000000    0.000000000
    0.257429048    0.000000000    0.000000000    0.000000000
    0.264607679    0.000000000    0.000000000    0.000000000
    0.271786311    0.000000000    0.000000000    0.000000000
    0.278964942    0.000000000    0.000000000    0.000000000
    0.286143573    0.000000000    0.000000000    0.000000000
    0.293322204    0.000000000    0.000000000    0.000000000
    0.300500835    0.000000000    0.000000000    0.000000000
    0.307679466    0.000000000    0.000000000    0.000000000
    0.314858097    0.000000000    0.000000000    0.000000000
    0.322036728    0.000000000    0.000000000    0.000000000
    0.329215359    0.000000000    0.000000000    0.000000000
    0.336393990    0.000000000    0.000000000    0.000000000
    0.343572621    0.000000000    0.000000000    0.000000000
    0.350751252    0.000000000    0.000000000    0.000000000
    0.357929883    0.000000000    0.000000000    0.000000000
    0.365108514    0.000000000    0.000000000    0.000000000
    0.372287145    0.000000000    0.000000000    0.000000000
    0.379465776    0.000000000    0.000000000    0.000000000
    0.386644407    0.000000000    0.000000000    0.000000000
    0.393823038    0.000000000    0.000000000    0.000000000
    0.401001669    0.000000000    0.000000000    0.000000000
    0.408180301    0.000000000    0.000000000    0.000000000
    0.415358932    0.000000000    0.000000000    0.000000000
    0.422537563    0.000000000    0.000000000    0.000000000
    0.429716194    0.000000000    0.000000000    0.000000000
    0.436894825    0.000000000    0.000000000    0.000000000
    0.444073456    0.000000000    0.000000000    0.000000000
    0.451252087    0.000000000    0.000000000    0.000000000
    0.458430718    0.000000000    0.000000000    0.000000000
    0.465609349    0.000000000    0.000000000    0.000000000
    0.472787980    0.000000000    0.000000000    0.000000000
    0.479966611    0.000000000    0.000000000    0.000000000
    0.487145242    0.000000000    0.000000000    0.000000000
    0.494323873    0.000000000    0.000000000    0.000000000
    0.501502504    0.000000000    0.000000000    0.000000000
    0.508681135    0.000000000    0.000000000    0.000000000
    0.515859766    0.000000000    0.000000000    0.000000000
    0.523038397    0.000000000    0.000000000    0.000000000
    0.530217028    0.000000000    0.000000000    0.000000000
    0.537395659    0.000000000    0.000000000    0.000000000
    0.544574290    0.000000000    0.000000000    0.000000000
    0.551752922    0.000000000    0.000000000    0.000000000
    0.558931553    0.000000000    0.000000000    0.000000000
    0.566110184    0.000000000    0.000000000    0.000000000
    0.573288815    0.000000000    0.000000000    0.000000000
    0.580467446    0.000000000    0.000000000    0.000000000
    0.587646077    0.000000000    0.000000000    0.000000000
    0.594824708    0.000000000    0.000000000    0.000000000
    0.602003339    0.000000000    0.000000000    0.000000000
    0.609181970    0.000000000    0.000000000    0.000000000
    0.616360601    0.000000000    0.000000000    0.000000000
    0.623539232    0.000000000    0.000000000    0.000000000
    0.630717863    0.000000000    0.000000000    0.000000000
    0.637896494    0.000000000    0.000000000    0.000000000
    0.645075125    0.000000000    0.000000000    0.000000000
    0.652253756    0.000000000    0.000000000    0.000000000
    0.659432387    0.000000000    0.000000000    0.000000000
    0.666611018    0.000000000    0.000000000    0.000000000
    0.673789649    0.000000000    0.000000000    0.000000000
    0.680968280    0.000000000    0.000000000    0.000000000
    0.688146912    0.000000000    0.000000000    0.000000000
    0.695325543    0.000000000    0.000000000    0.000000000
    0.702504174    0.000000000    0.000000000    0.000000000
    0.709682805    0.000000000    0.000000000    0.000000000
    0.716861436    0.000000000    0.000000000    0.000000000
    0.724040067    0.000000000    0.000000000    0.000000000
    0.731218698    0.000000000    0.000000000    0.000000000
    0.738397329    0.000000000    0.000000000    0.000000000
    0.745575960    0.000000000    0.000000000    0.000000000
    0.752754591    0.000000000    0.000000000    0.000000000
    0.759933222    0.000000000    0.000000000    0.000000000
    0.767111853    0.000000000    0.000000000    0.000000000
    0.774290484    0.000000000    0.000000000    0.000000000
    0.781469115    0.000000000    0.000000000    0.000000000
    0.788647746    0.000000000    0.000000000    0.000000000
    0.795826377    0.000000000    0.000000000    0.000000000
    0.803005008    0.000000000    0.000000000    0.000000000
    0.810183639    0.000000000    0.000000000    0.000000000
    0.817362270    0.000000000    0.000000000    0.000000000
    0.824540902    0.000000000    0.000000000    0.000000000
    0.831719533    0.000000000    0.000000000    0.000000000
    0.838898164    0.000000000    0.000000000    0.000000000
    0.846076795    0.000000000    0.000000000    0.000000000
    0.853255426    0.000000000    0.000000000    0.000000000
    0.860434057    0.000000000    0.000000000    0.000000000
    0.867612688    0.000000000    0.000000000    0.000000000
    0.874791319    0.000000000    0.000000000    0.000000000
    0.881969950    0.000000000    0.000000000    0.000000000
    0.889148581    0.000000000    0.000000000    0.000000000
    0.896327212    0.000000000    0.000000000    0.000000000
    0.903505843    0.000000000    0.000000000    0.000000000
    0.910684474    0.000000000    0.000000000    0.000000000
    0.917863105    0.000000000    0.000000000    0.000000000
    0.925041736    0.000000000    0.000000000    0.000000000
    0.932220367    0.000000000    0.000000000    0.000000000
    0.939398998    0.000000000    0.000000000    0.000000000
    0.946577629    0.000000000    0.000000000    0.000000000
    0.953756260    0.000000000    0.000000000    0.000000000
    0.960934891    0.000000000    0.000000000    0.000000000
    0.968113523    0.000000000    0.000000000    0.000000000
    0.975292154    0.000000000    0.000000000    0.000000000
    0.982470785    0.000000000    0.000000000    0.000000000
    0.989649416    0.000000000    0.000000000    0.000000000
    0.996828047    0.000000000    0.000000000    0.000000000
    1.004006678    0.000000000    0.000000000    0.000000000
    1.011185309    0.000000000    0.000000000    0.000000000
    1.018363940    0.000000000    0.000000000    0.000000000
    1.025542571    0.000000000    0.000000000    0.000000000
    1.032721202    0.000000000    0.000000000    0.000000000
    1.039899833    0.000000000    0.000000000    0.000000000
    1.047078464    0.000000000    0.000000000    0.000000000
    1.054257095    0.000000000    0.000000000    0.000000000
    1.061435726    0.000000000    0.000000000    0.000000000
    1.068614357    0.000000000    0.000000000    0.000000000
    1.075792988    0.000000000    0.000000000    0.000000000
    1.082971619    0.000000000    0.000000000    0.000000000
    1.090150250    0.000000000    0.000000000    0.000000000
    1.097328881    0.000000000    0.000000000    0.000000000
    1.104507513    0.000000000    0.000000000    0.000000000
    1.111686144    0.000000000    0.000000000    0.000000000
    1.118864775    0.000000000    0.000000000    0.000000000
    1.126043406    0.000000000    0.000000000    0.000000000
    1.133222037    0.000000000    0.000000000    0.000000000
    1.140400668    0.000000000    0.000000000    0.000000000
    1.147579299    0.000000000    0.000000000    0.000000000
    1.154757930    0.000000000    0.000000000    0.000000000
    1.161936561    0.000000000    0.000000000    0.000000000
    1.169115192    0.000000000    0.000000000    0.000000000
    1.176293823    0.000000000    0.000000000    0.000000000
    1.183472454    0.000000000    0.000000000    0.000000000
    1.190651085    0.000000000    0.000000000    0.000000000
    1.197829716    0.000000000    0.000000000    0.000000000
    1.205008347    0.000000000    0.000000000    0.000000000
    1.212186978    0.000000000    0.000000001    0.000000000
    1.219365609    0.000000000    0.000000004    0.000000001
    1.226544240    0.000000000    0.000000009    0.000000002
    1.233722871    0.000000001    0.000000019    0.000000004
    1.240901503    0.000000001    0.000000035    0.000000007
    1.248080134    0.000000002    0.000000060    0.000000012
    1.255258765    0.000000004    0.000000089    0.000000017
    1.262437396    0.000000005    0.000000119    0.000000023
    1.269616027    0.000000006    0.000000142    0.000000028
    1.276794658    0.000000006    0.000000150    0.000000029
    1.283973289    0.000000006    0.000000142    0.000000028
    1.291151920    0.000000005    0.000000120    0.000000023
    1.298330551    0.000000004    0.000000090    0.000000018
    1.305509182    0.000000002    0.000000061    0.000000012
    1.312687813    0.000000001    0.000000036    0.000000007
    1.319866444    0.000000001    0.000000019    0.000000004
    1.327045075    0.000000000    0.000000009    0.000000002
    1.334223706    0.000000000    0.000000004    0.000000001
    1.341402337    0.000000000    0.000000001    0.000000000
    1.348580968    0.000000000    0.000000001    0.000000000
    1.355759599    0.000000000    0.000000000    0.000000000
    1.362938230    0.000000000    0.000000000    0.000000000
    1.370116861    0.000000001    0.000000000    0.000000000
    1.377295492    0.000000002    0.000000000    0.000000001
    1.384474124    0.000000004    0.000000000    0.000000002
    1.391652755    0.000000007    0.000000000    0.000000004
    1.398831386    0.000000011    0.000000000    0.000000007
    1.406010017    0.000000016    0.000000000    0.000000011
    1.413188648    0.000000021    0.000000000    0.000000014
    1.420367279    0.000000025    0.000000000    0.000000017
    1.427545910    0.000000026    0.000000000    0.000000017
    1.434724541    0.000000024    0.000000000    0.000000016
    1.441903172    0.000000020    0.000000000    0.000000014
    1.449081803    0.000000015    0.000000000    0.000000010
    1.456260434    0.000000010    0.000000000    0.000000007
    1.463439065    0.000000006    0.000000000    0.000000004
    1.470617696    0.000000003    0.000000000    0.000000002
    1.477796327    0.000000001    0.000000000    0.000000001
    1.484974958    0.000000001    0.000000000    0.000000000
    1.492153589    0.000000000    0.000000000    0.000000000
    1.499332220    0.000000000    0.000000000    0.000000000
    1.506510851    0.000000000    0.000000000    0.000000000
    1.513689482    0.000000000    0.000000000    0.000000000
    1.520868114    0.000000000    0.000000000    0.000000000
    1.528046745    0.000000000    0.000000000    0.000000000
    1.535225376    0.000000000    0.000000000    0.000000000
    1.542404007    0.000000000    0.000000000    0.000000000
    1.549582638    0.000000000    0.000000000    0.000000000
    1.556761269    0.000000000    0.000000000    0.000000000
    1.563939900    0.000000000    0.000000000    0.000000000
    1.571118531    0.000000000    0.000000000    0.000000000
    1.578297162    0.000000000    0.000000000    0.000000000
    1.585475793    0.000000000    0.000000000    0.000000000
    1.592654424    0.000000000    0.000000000    0.000000000
    1.599833055    0.000000000    0.000000000    0.000000000
    1.607011686    0.000000000    0.000000000    0.000000000
    1.614190317    0.000000000    0.000000000    0.000000000
    1.621368948    0.000000000    0.000000000    0.000000000
    1.628547579    0.000000000    0.000000000    0.000000000
    1.635726210    0.000000000    0.000000000    0.000000000
    1.642904841    0.000000000    0.000000000    0.000000000
    1.650083472    0.000000000    0.000000000    0.000000000
    1.657262104    0.000000000    0.000000000    0.000000000
    1.664440735    0.000000000    0.000000000    0.000000000
    1.671619366    0.000000000    0.000000000    0.000000000
    1.678797997    0.000000000    0.000000000    0.000000000
    1.685976628    0.000000000    0.000000000    0.000000001
    1.693155259    0.000000001    0.000000000    0.000000001
    1.700333890    0.000000002    0.000000000    0.000000002
    1.707512521    0.000000004    0.000000000    0.000000004
    1.714691152    0.000000006    0.000000001    0.000000007
    1.721869783    0.000000008    0.000000001    0.000000010
    1.729048414    0.000000010    0.000000001    0.000000013
    1.736227045    0.000000012    0.000000001    0.000000014
    1.743405676    0.000000012    0.000000001    0.000000014
    1.750584307    0.000000011    0.000000001    0.000000013
    1.757762938    0.000000010    0.000000001    0.000000011
    1.764941569    0.000000009    0.000000002    0.000000010
    1.772120200    0.000000010    0.000000004    0.000000010
    1.779298831    0.000000016    0.000000007    0.000000014
    1.786477462    0.000000026    0.000000012    0.000000022
    1.793656093    0.000000042    0.000000020    0.000000035
    1.800834725    0.000000061    0.000000030    0.000000052
    1.808013356    0.000000080    0.000000039    0.000000068
    1.815191987    0.000000094    0.000000046    0.000000079
    1.822370618    0.000000099    0.000000048    0.000000083
    1.829549249    0.000000092    0.000000045    0.000000077
    1.836727880    0.000000076    0.000000038    0.000000064
    1.843906511    0.000000057    0.000000028    0.000000048
    1.851085142    0.000000038    0.000000018    0.000000032
    1.858263773    0.000000022    0.000000011    0.000000019
    1.865442404    0.000000012    0.000000006    0.000000010
    1.872621035    0.000000005    0.000000003    0.000000005
    1.879799666    0.000000002    0.000000001    0.000000002
    1.886978297    0.000000001    0.000000000    0.000000001
    1.894156928    0.000000000    0.000000000    0.000000000
    1.901335559    0.000000000    0.000000001    0.000000000
    1.908514190    0.000000000    0.000000001    0.000000000
    1.915692821    0.000000000    0.000000003    0.000000001
    1.922871452    0.000000000    0.000000006    0.000000001
    1.930050083    0.000000000    0.000000012    0.000000002
    1.937228715    0.000000001    0.000000023    0.000000004
    1.944407346    0.000000001    0.000000039    0.000000006
    1.951585977    0.000000003    0.000000061    0.000000010
    1.958764608    0.000000006    0.000000091    0.000000013
    1.965943239    0.000000010    0.000000125    0.000000018
    1.973121870    0.000000017    0.000000162    0.000000022
    1.980300501    0.000000026    0.000000193    0.000000028
    1.987479132    0.000000037    0.000000213    0.000000034
    1.994657763    0.000000050    0.000000214    0.000000041
    2.001836394    0.000000064    0.000000196    0.000000049
    2.009015025    0.000000077    0.000000163    0.000000056
    2.016193656    0.000000087    0.000000123    0.000000060
    2.023372287    0.000000090    0.000000084    0.000000059
    2.030550918    0.000000085    0.000000054    0.000000055
    2.037729549    0.000000074    0.000000034    0.000000047
    2.044908180    0.000000060    0.000000025    0.000000037
    2.052086811    0.000000045    0.000000023    0.000000029
    2.059265442    0.000000033    0.000000026    0.000000025
    2.066444073    0.000000026    0.000000032    0.000000028
    2.073622705    0.000000024    0.000000042    0.000000039
    2.080801336    0.000000025    0.000000055    0.000000060
    2.087979967    0.000000030    0.000000073    0.000000088
    2.095158598    0.000000035    0.000000093    0.000000120
    2.102337229    0.000000040    0.000000110    0.000000147
    2.109515860    0.000000042    0.000000120    0.000000161
    2.116694491    0.000000039    0.000000118    0.000000158
    2.123873122    0.000000033    0.000000104    0.000000139
    2.131051753    0.000000025    0.000000082    0.000000108
    2.138230384    0.000000017    0.000000058    0.000000076
    2.145409015    0.000000011    0.000000037    0.000000047
    2.152587646    0.000000006    0.000000021    0.000000026
    2.159766277    0.000000003    0.000000010    0.000000013
    2.166944908    0.000000001    0.000000005    0.000000006
    2.174123539    0.000000001    0.000000002    0.000000002
    2.181302170    0.000000000    0.000000001    0.000000001
    2.188480801    0.000000000    0.000000002    0.000000001
    2.195659432    0.000000001    0.000000004    0.000000002
    2.202838063    0.000000003    0.000000010    0.000000003
    2.210016694    0.000000006    0.000000022    0.000000007
    2.217195326    0.000000012    0.000000043    0.000000014
    2.224373957    0.000000023    0.000000073    0.000000025
    2.231552588    0.000000041    0.000000113    0.000000041
    2.238731219    0.000000071    0.000000157    0.000000060
    2.245909850    0.000000120    0.000000200    0.000000084
    2.253088481    0.000000195    0.000000236    0.000000113
    2.260267112    0.000000306    0.000000264    0.000000149
    2.267445743    0.000000454    0.000000289    0.000000192
    2.274624374    0.000000628    0.000000317    0.000000241
    2.281803005    0.000000799    0.000000351    0.000000288
    2.288981636    0.000000931    0.000000390    0.000000320
    2.296160267    0.000000994    0.000000428    0.000000327
    2.303338898    0.000000978    0.000000459    0.000000306
    2.310517529    0.000000895    0.000000476    0.000000262
    2.317696160    0.000000771    0.000000472    0.000000207
    2.324874791    0.000000632    0.000000442    0.000000153
    2.332053422    0.000000497    0.000000387    0.000000111
    2.339232053    0.000000379    0.000000314    0.000000085
    2.346410684    0.000000284    0.000000238    0.000000079
    2.353589316    0.000000217    0.000000180    0.000000096
    2.360767947    0.000000179    0.000000164    0.000000140
    2.367946578    0.000000166    0.000000221    0.000000220
    2.375125209    0.000000175    0.000000389    0.000000347
    2.382303840    0.000000208    0.000000708    0.000000527
    2.389482471    0.000000265    0.000001201    0.000000752
    2.396661102    0.000000347    0.000001841    0.000000992
    2.403839733    0.000000443    0.000002532    0.000001201
    2.411018364    0.000000530    0.000003120    0.000001331
    2.418196995    0.000000583    0.000003440    0.000001350
    2.425375626    0.000000579    0.000003392    0.000001256
    2.432554257    0.000000518    0.000002990    0.000001075
    2.439732888    0.000000417    0.000002357    0.000000850
    2.446911519    0.000000302    0.000001663    0.000000622
    2.454090150    0.000000200    0.000001057    0.000000423
    2.461268781    0.000000128    0.000000619    0.000000270
    2.468447412    0.000000092    0.000000363    0.000000171
    2.475626043    0.000000095    0.000000259    0.000000125
    2.482804674    0.000000132    0.000000265    0.000000134
    2.489983306    0.000000202    0.000000335    0.000000199
    2.497161937    0.000000302    0.000000431    0.000000320
    2.504340568    0.000000426    0.000000517    0.000000492
    2.511519199    0.000000571    0.000000569    0.000000697
    2.518697830    0.000000731    0.000000572    0.000000908
    2.525876461    0.000000905    0.000000532    0.000001094
    2.533055092    0.000001087    0.000000463    0.000001231
    2.540233723    0.000001264    0.000000382    0.000001314
    2.547412354    0.000001408    0.000000305    0.000001343
    2.554590985    0.000001487    0.000000243    0.000001322
    2.561769616    0.000001469    0.000000200    0.000001251
    2.568948247    0.000001345    0.000000178    0.000001136
    2.576126878    0.000001139    0.000000175    0.000000993
    2.583305509    0.000000895    0.000000188    0.000000857
    2.590484140    0.000000666    0.000000209    0.000000762
    2.597662771    0.000000488    0.000000231    0.000000725
    2.604841402    0.000000373    0.000000246    0.000000742
    2.612020033    0.000000310    0.000000247    0.000000784
    2.619198664    0.000000279    0.000000233    0.000000818
    2.626377295    0.000000261    0.000000206    0.000000820
    2.633555927    0.000000249    0.000000173    0.000000789
    2.640734558    0.000000245    0.000000142    0.000000745
    2.647913189    0.000000255    0.000000124    0.000000725
    2.655091820    0.000000285    0.000000133    0.000000767
    2.662270451    0.000000336    0.000000179    0.000000907
    2.669449082    0.000000403    0.000000276    0.000001179
    2.676627713    0.000000481    0.000000430    0.000001603
    2.683806344    0.000000568    0.000000638    0.000002164
    2.690984975    0.000000664    0.000000878    0.000002793
    2.698163606    0.000000763    0.000001107    0.000003360
    2.705342237    0.000000857    0.000001280    0.000003723
    2.712520868    0.000000930    0.000001364    0.000003785
    2.719699499    0.000000966    0.000001357    0.000003549
    2.726878130    0.000000962    0.000001289    0.000003120
    2.734056761    0.000000920    0.000001202    0.000002652
    2.741235392    0.000000859    0.000001129    0.000002269
    2.748414023    0.000000799    0.000001074    0.000002029
    2.755592654    0.000000765    0.000001022    0.000001932
    2.762771285    0.000000784    0.000000948    0.000001963
    2.769949917    0.000000882    0.000000844    0.000002132
    2.777128548    0.000001081    0.000000721    0.000002472
    2.784307179    0.000001387    0.000000608    0.000003002
    2.791485810    0.000001774    0.000000540    0.000003688
    2.798664441    0.000002200    0.000000605    0.000004449
    2.805843072    0.000002667    0.000001282    0.000005300
    2.813021703    0.000003593    0.000005599    0.000007140
    2.820200334    0.000007770    0.000031282    0.000015909
    2.827378965    0.000030057    0.000171306    0.000063152
    2.834557596    0.000139577    0.000857539    0.000295532
    2.841736227    0.000619153    0.003856778    0.001313065
    2.848914858    0.002483399    0.015507348    0.005268230
    2.856093489    0.008908982    0.055654507    0.018900250
    2.863272120    0.028521529    0.178185199    0.060508248
    2.870450751    0.081444599    0.508818740    0.172784140
    2.877629382    0.207415596    1.295810502    0.440030540
    2.884808013    0.471079721    2.943025442    0.999391866
    2.891986644    0.954149040    5.960952436    2.024219845
    2.899165275    1.723475154   10.767241019    3.656339833
    2.906343907    2.776260041   17.344411123    5.889815915
    2.913522538    3.988239975   24.916137077    8.461023408
    2.920701169    5.109381473   31.920358623   10.839517850
    2.927879800    5.837423932   36.468731570   12.384055239
    2.935058431    5.947575959   37.156892014   12.617741753
    2.942237062    5.404117239   33.761670794   11.464795038
    2.949415693    4.379017764   27.357373171    9.290037025
    2.956594324    3.164499459   19.769307535    6.713355415
    2.963772955    2.039771405   12.740324399    4.326816288
    2.970951586    1.174265918    7.322905420    2.488752824
    2.978130217    0.609816695    3.756885514    1.283931301
    2.985308848    0.307236912    1.730462009    0.616815082
    2.992487479    0.216098828    0.747792431    0.346948330
    2.999666110    0.336826508    0.392450867    0.397642218
    3.006844741    0.763868644    0.432982860    0.817172325
    3.014023372    1.700770610    0.816363044    1.792109478
    3.021202003    3.421982766    1.603879725    3.598600560
    3.028380634    6.150592965    2.873869434    6.466392401
    3.035559265    9.860909165    4.605689607   10.366874643
    3.042737896   14.099214634    6.584920357   14.822586575
    3.049916528   17.977954200    8.396398340   18.900318086
    3.057095159   20.443330038    9.547816450   21.492179452
    3.064273790   20.731410966    9.682361333   21.795040588
    3.071452421   18.748732911    8.756376269   19.710641275
    3.078631052   15.121011838    7.062092950   15.896799745
    3.085809683   10.875662732    5.079352680   11.433642575
    3.092988314    6.975843655    3.257987016    7.333742694
    3.100166945    3.990288622    1.863617126    4.195013021
    3.107345576    2.035539254    0.950673427    2.139974384
    3.114524207    0.926029377    0.432490255    0.973540267
    3.121702838    0.375704533    0.175469399    0.394980390
    3.128881469    0.135944462    0.063495071    0.142919202
    3.136060100    0.043875792    0.020498113    0.046127170
    3.143238731    0.012637748    0.005910291    0.013287088
    3.150417362    0.003258261    0.001529819    0.003427366
    3.157595993    0.000766489    0.000365124    0.000809100
    3.164774624    0.000185625    0.000092971    0.000200244
    3.171953255    0.000072826    0.000042988    0.000084159
    3.179131886    0.000060204    0.000060940    0.000075223
    3.186310518    0.000064011    0.000201115    0.000092146
    3.193489149    0.000067826    0.000901671    0.000151422
    3.200667780    0.000074361    0.004036226    0.000399618
    3.207846411    0.000106062    0.016508783    0.001391125
    3.215025042    0.000235208    0.060519252    0.004909657
    3.222203673    0.000661068    0.198056953    0.015934273
    3.229382304    0.001863181    0.578161859    0.046442837
    3.236560935    0.004840550    1.505212111    0.120956473
    3.243739566    0.011398003    3.494791471    0.281324981
    3.250918197    0.024477899    7.236397799    0.584941226
    3.258096828    0.049039131   13.363303243    1.090419036
    3.265275459    0.095623241   22.010290378    1.834266906
    3.272454090    0.191962726   32.339063154    2.822812541
    3.279632721    0.411571784   42.400940183    4.081652444
    3.286811352    0.927360425   49.650533229    5.790336568
    3.293989983    2.084169824   52.019788611    8.459497620
    3.301168614    4.450260150   48.964250126   13.002645797
    3.308347245    8.765300092   41.772819423   20.502237307
    3.315525876   15.693867303   32.892241243   31.582180443
    3.322704508   25.376546004   24.709608986   45.602756255
    3.329883139   36.952686985   18.571486073   60.213706455
    3.337061770   48.397276455   14.552703964   71.805963346
    3.344240401   56.972858469   11.916301272   76.902237026
    3.351419032   60.253449099    9.808318363   73.793362588
    3.358597663   57.223115852    7.734288003   63.393925357
    3.365776294   48.779401566    5.644153102   48.751529015
    3.372954925   37.304680548    3.739317647   33.569146636
    3.380133556   25.581682460    2.228103168   20.704931092
    3.387312187   15.721989325    1.188986281   11.444373500
    3.394490818    8.655160578    0.567177481    5.671690752
    3.401669449    4.265961775    0.241684922    2.521473616
    3.408848080    1.881614056    0.091978440    1.006070104
    3.416026711    0.742385550    0.031266282    0.360436584
    3.423205342    0.261907310    0.009497577    0.115995174
    3.430383973    0.082594274    0.002581610    0.033550486
    3.437562604    0.023279974    0.000631320    0.008735572
    3.444741235    0.005868661    0.000142526    0.002063275
    3.451919866    0.001330039    0.000033659    0.000460367
    3.459098497    0.000280229    0.000012190    0.000116000
    3.466277129    0.000066752    0.000008405    0.000048116
    3.473455760    0.000031247    0.000007593    0.000032989
    3.480634391    0.000029391    0.000007047    0.000026364
    3.487813022    0.000032504    0.000006436    0.000021448
    3.494991653    0.000034824    0.000005950    0.000018204
    3.502170284    0.000035236    0.000006342    0.000018694
    3.509348915    0.000034531    0.000011139    0.000032989
    3.516527546    0.000034934    0.000038362    0.000113061
    3.523706177    0.000039399    0.000173446    0.000504676
    3.530884808    0.000050805    0.000776612    0.002242409
    3.538063439    0.000072759    0.003183847    0.009162445
    3.545242070    0.000116944    0.011727935    0.033710008
    3.552420701    0.000232909    0.038620495    0.110982482
    3.559599332    0.000615226    0.113518398    0.326311797
    3.566777963    0.001972244    0.297670851    0.856335217
    3.573956594    0.006706947    0.696219344    2.005854238
    3.581135225    0.022285918    1.452349850    4.195567402
    3.588313856    0.069475007    2.702193505    7.843727950
    3.595492487    0.198885548    4.484457411   13.129071245
    3.602671119    0.516433808    6.639120977   19.734303901
    3.609849750    1.207613471    8.770566967   26.772826507
    3.617028381    2.532306686   10.343270029   33.056260824
    3.624207012    4.750397732   10.898134318   37.615459304
    3.631385643    7.961093083   10.273823730   40.120374334
    3.638564274   11.909915359    8.687329680   40.852888933
    3.645742905   15.898296739    6.617394733   40.251295921
    3.652921536   18.932067950    4.573697362   38.446164390
    3.660100167   20.110027862    2.902142829   35.219087543
    3.667278798   19.056612718    1.723893661   30.398616690
    3.674457429   16.122254651    0.998474105   24.288369227
    3.681636060   12.217465123    0.636178429   17.722058497
    3.688814691    8.407031418    0.594011682   11.716560927
    3.695993322    5.541739638    0.931864389    7.037529257
    3.703171953    4.129325033    1.830496884    4.003672719
    3.710350584    4.440913724    3.568815675    2.611397508
    3.717529215    6.697462947    6.450445175    2.828124523
    3.724707846   11.167993821   10.684088630    4.830668747
    3.731886477   18.088278990   16.251826335    9.017686457
    3.739065109   27.398426718   22.811798245   15.728038644
    3.746243740   38.390458618   29.663597462   24.747044779
    3.753422371   49.472564176   35.789933981   34.876652494
    3.760601002   58.330559913   40.007539134   43.956962512
    3.767779633   62.644153028   41.267931348   49.561682114
    3.774958264   61.149746530   39.061918717   50.142155240
    3.782136895   54.479791563   33.729696834   45.987467760
    3.789315526   45.223906444   26.435766848   39.398455137
    3.796494157   37.113642823   18.753804146   33.960054511
    3.803672788   33.743682545   12.091900514   33.310236104
    3.810851419   37.388357444    7.306791930   39.940678279
    3.818030050   48.271916269    4.700461234   54.379568010
    3.825208681   64.442742153    4.317313683   74.936797542
    3.832387312   82.327351907    6.281845919   98.136182535
    3.839565943   97.890977329   10.913980085  119.789183223
    3.846744574  107.983259883   18.490283363  136.297495620
    3.853923205  111.203358031   28.736990069  145.565691532
    3.861101836  107.872009933   40.385430441  147.213255780
    3.868280467   99.332166649   51.227963231  142.337146955
    3.875459098   87.212450213   58.879566018  133.226467936
    3.882637730   73.091112747   61.910023057  122.997893277
    3.889816361   58.478137248   60.582220207  114.758588958
    3.896994992   44.772235563   56.597009493  110.269963059
    3.904173623   33.044455281   51.992157572  108.895132426
    3.911352254   23.824339139   48.037796910  107.863835107
    3.918530885   17.132160464   44.943699204  104.051190295
    3.925709516   12.782883822   42.446108459   96.191590926
    3.932888147   10.746201917   40.574371726   85.941632461
    3.940066778   11.295672166   39.815716817   76.984861957
    3.947245409   14.811891105   40.536459225   72.774596388
    3.954424040   21.304665719   42.253835921   74.400706339
    3.961602671   29.908373186   43.512040005   79.866820242
    3.968781302   38.715669963   42.582863728   85.093204978
    3.975959933   45.223609906   38.491064055   85.955242218
    3.983138564   47.306881952   31.598579011   80.192329659
    3.990317195   44.199617494   23.367862917   68.234629389
    3.997495826   36.850899359   15.573156669   52.693526199
    4.004674457   27.408081873    9.573332675   37.016550900
    4.011853088   18.184504288    6.086660058   24.173147679
    4.019031720   10.766890598    5.463770875   16.025608083
    4.026210351    5.699759200    8.113307557   13.452506244
    4.033388982    2.718876130   14.664877750   16.763889204
    4.040567613    1.205442385   25.621594214   25.828178669
    4.047746244    0.551941069   40.585199712   39.680745214
    4.054924875    0.324874873   57.527814725   55.959649867
    4.062103506    0.271773025   72.786930873   70.877792528
    4.069282137    0.266489417   82.165802941   80.212013447
    4.076460768    0.255492859   82.747199539   81.010556044
    4.083639399    0.223816861   74.341839636   72.995470255
    4.090818030    0.175898867   59.584062662   58.677808907
    4.097996661    0.123460050   42.603347868   42.079294302
    4.105175292    0.077305758   27.175294689   26.920143971
    4.112353923    0.043172953   15.463997892   15.363832935
    4.119532554    0.021503801    7.850301469    7.822295995
    4.126711185    0.009553473    3.555233333    3.552883358
    4.133889816    0.003786913    1.436375526    1.439595232
    4.141068447    0.001340710    0.517713731    0.520376246
    4.148247078    0.000425512    0.166474630    0.167815954
    4.155425710    0.000122820    0.047764620    0.048292383
    4.162604341    0.000034180    0.012236479    0.012412943
    4.169782972    0.000011216    0.002808572    0.002863821
    4.176961603    0.000006038    0.000588691    0.000608813
    4.184140234    0.000005177    0.000125479    0.000136264
    4.191318865    0.000005367    0.000041074    0.000048364
    4.198497496    0.000006034    0.000029419    0.000033608
    4.205676127    0.000007274    0.000030673    0.000030970
    4.212854758    0.000009315    0.000034550    0.000030019
    4.220033389    0.000012269    0.000039434    0.000029203
    4.227212020    0.000015934    0.000044802    0.000028234
    4.234390651    0.000019710    0.000049862    0.000026917
    4.241569282    0.000022717    0.000053417    0.000025074
    4.248747913    0.000024140    0.000054183    0.000022602
    4.255926544    0.000023628    0.000051409    0.000019549
    4.263105175    0.000021519    0.000045377    0.000016168
    4.270283806    0.000018747    0.000037431    0.000013000
    4.277462437    0.000016659    0.000029507    0.000011396
    4.284641068    0.000017807    0.000023785    0.000016570
    4.291819699    0.000031213    0.000024195    0.000051538
    4.298998331    0.000093313    0.000044116    0.000210280
    4.306176962    0.000336043    0.000131863    0.000830852
    4.313355593    0.001174553    0.000440552    0.002974106
    4.320534224    0.003739044    0.001388744    0.009526396
    4.327712855    0.010672238    0.003960085    0.027235985
    4.334891486    0.027208556    0.010128034    0.069464229
    4.342070117    0.061912267    0.023250195    0.158039260
    4.349248748    0.125780719    0.048234805    0.320813586
    4.356427379    0.228480020    0.091918241    0.581426617
    4.363606010    0.372503502    0.166304480    0.942180706
    4.370784641    0.550212320    0.301432857    1.369806658
    4.377963272    0.752555414    0.578482642    1.800692373
    4.385141903    0.996973072    1.190571995    2.176456318
    4.392320534    1.371615282    2.518426066    2.498882426
    4.399499165    2.074399529    5.166708115    2.867521310
    4.406677796    3.406808582    9.865229582    3.457075377
    4.413856427    5.680388370   17.153248571    4.420555809
    4.421035058    9.029370415   26.890882499    5.758543693
    4.428213689   13.200157607   37.850284582    7.239050668
    4.435392321   17.465657928   47.762483090    8.444417536
    4.442570952   20.805117763   54.031216807    8.948043173
    4.449749583   22.346122156   54.877578895    8.527088319
    4.456928214   21.856070135   50.273234170    7.277036542
    4.464106845   19.969136890   42.049211910    5.555333174
    4.471285476   17.957345156   33.075051205    3.799816837
    4.478464107   17.128301951   25.988737882    2.343958131
    4.485642738   18.160378168   22.168986902    1.328562585
    4.492821369   20.728400671   21.399860811    0.724929657
    4.500000000   23.628172524   22.258799971    0.416695947
