# energy grid [eV]     epsi_x  epsi_y  epsi_z
#
    0.200000000    0.000000000    0.000000000    0.000000000
    0.207178631    0.000000000    0.000000000    0.000000000
    0.214357262    0.000000000    0.000000000    0.000000000
    0.221535893    0.000000000    0.000000000    0.000000000
    0.228714524    0.000000000    0.000000000    0.000000000
    0.235893155    0.000000000    0.000000000    0.000000000
    0.243071786    0.000000000    0.000000000    0.000000000
    0.250250417    0.000000000    0.000000000    0.000000000
    0.257429048    0.000000000    0.000000000    0.000000000
    0.264607679    0.000000000    0.000000000    0.000000000
    0.271786311    0.000000000    0.000000000    0.000000000
    0.278964942    0.000000000    0.000000000    0.000000000
    0.286143573    0.000000000    0.000000000    0.000000000
    0.293322204    0.000000000    0.000000000    0.000000000
    0.300500835    0.000000000    0.000000000    0.000000000
    0.307679466    0.000000000    0.000000000    0.000000000
    0.314858097    0.000000000    0.000000000    0.000000000
    0.322036728    0.000000000    0.000000000    0.000000000
    0.329215359    0.000000000    0.000000000    0.000000000
    0.336393990    0.000000000    0.000000000    0.000000000
    0.343572621    0.000000000    0.000000000    0.000000000
    0.350751252    0.000000000    0.000000000    0.000000000
    0.357929883    0.000000000    0.000000000    0.000000000
    0.365108514    0.000000000    0.000000000    0.000000000
    0.372287145    0.000000000    0.000000000    0.000000000
    0.379465776    0.000000000    0.000000000    0.000000000
    0.386644407    0.000000000    0.000000000    0.000000000
    0.393823038    0.000000000    0.000000000    0.000000000
    0.401001669    0.000000000    0.000000000    0.000000000
    0.408180301    0.000000000    0.000000000    0.000000000
    0.415358932    0.000000000    0.000000000    0.000000000
    0.422537563    0.000000000    0.000000000    0.000000000
    0.429716194    0.000000000    0.000000000    0.000000000
    0.436894825    0.000000000    0.000000000    0.000000000
    0.444073456    0.000000000    0.000000000    0.000000000
    0.451252087    0.000000000    0.000000000    0.000000000
    0.458430718    0.000000000    0.000000000    0.000000000
    0.465609349    0.000000000    0.000000000    0.000000000
    0.472787980    0.000000000    0.000000000    0.000000000
    0.479966611    0.000000000    0.000000000    0.000000000
    0.487145242    0.000000000    0.000000000    0.000000000
    0.494323873    0.000000000    0.000000000    0.000000000
    0.501502504    0.000000000    0.000000000    0.000000000
    0.508681135    0.000000000    0.000000000    0.000000000
    0.515859766    0.000000000    0.000000000    0.000000000
    0.523038397    0.000000000    0.000000000    0.000000000
    0.530217028    0.000000000    0.000000000    0.000000000
    0.537395659    0.000000000    0.000000000    0.000000000
    0.544574290    0.000000000    0.000000000    0.000000000
    0.551752922    0.000000000    0.000000000    0.000000000
    0.558931553    0.000000000    0.000000000    0.000000000
    0.566110184    0.000000000    0.000000000    0.000000000
    0.573288815    0.000000002    0.000000003    0.000000002
    0.580467446    0.000000011    0.000000023    0.000000016
    0.587646077    0.000000075    0.000000151    0.000000105
    0.594824708    0.000000444    0.000000898    0.000000624
    0.602003339    0.000002354    0.000004760    0.000003307
    0.609181970    0.000011121    0.000022492    0.000015625
    0.616360601    0.000046858    0.000094773    0.000065837
    0.623539232    0.000176078    0.000356127    0.000247395
    0.630717863    0.000590056    0.001193416    0.000829047
    0.637896494    0.001763382    0.003566524    0.002477606
    0.645075125    0.004699649    0.009505263    0.006603150
    0.652253756    0.011169924    0.022591701    0.015694084
    0.659432387    0.023675591    0.047885005    0.033264928
    0.666611018    0.044752494    0.090514041    0.062878623
    0.673789649    0.075439617    0.152580205    0.105994978
    0.680968280    0.113408999    0.229375102    0.159343182
    0.688146912    0.152041236    0.307510746    0.213622984
    0.695325543    0.181777933    0.367655155    0.255405480
    0.702504174    0.193814867    0.392002607    0.272324034
    0.709682805    0.184289340    0.372744748    0.258963368
    0.716861436    0.156273272    0.316106721    0.219674339
    0.724040067    0.118183587    0.239142400    0.166370213
    0.731218698    0.079723038    0.161540921    0.112870704
    0.738397329    0.047998618    0.097792836    0.069496832
    0.745575960    0.025854773    0.053818968    0.040729050
    0.752754591    0.012578678    0.028353927    0.026074345
    0.759933222    0.005726545    0.016539520    0.022342785
    0.767111853    0.002726374    0.013037800    0.025528533
    0.774290484    0.001666595    0.013553600    0.031708760
    0.781469115    0.001399442    0.015121193    0.037412617
    0.788647746    0.001341211    0.015942493    0.040039081
    0.795826377    0.001247738    0.015223377    0.038379057
    0.803005008    0.001059620    0.013014973    0.032843033
    0.810183639    0.000807321    0.009932811    0.025071291
    0.817362270    0.000549371    0.006761997    0.017068907
    0.824540902    0.000333515    0.004105544    0.010363536
    0.831719533    0.000180581    0.002222998    0.005611487
    0.838898164    0.000087198    0.001073433    0.002709656
    0.846076795    0.000037550    0.000462250    0.001166853
    0.853255426    0.000014420    0.000177519    0.000448110
    0.860434057    0.000004939    0.000060797    0.000153468
    0.867612688    0.000001508    0.000018569    0.000046872
    0.874791319    0.000000411    0.000005058    0.000012767
    0.881969950    0.000000100    0.000001228    0.000003101
    0.889148581    0.000000022    0.000000266    0.000000672
    0.896327212    0.000000004    0.000000051    0.000000130
    0.903505843    0.000000001    0.000000009    0.000000023
    0.910684474    0.000000002    0.000000002    0.000000005
    0.917863105    0.000000015    0.000000003    0.000000011
    0.925041736    0.000000108    0.000000018    0.000000075
    0.932220367    0.000000677    0.000000110    0.000000471
    0.939398998    0.000003775    0.000000611    0.000002627
    0.946577629    0.000018763    0.000003035    0.000013055
    0.953756260    0.000083161    0.000013450    0.000057861
    0.960934891    0.000328705    0.000053163    0.000228704
    0.968113523    0.001158675    0.000187398    0.000806173
    0.975292154    0.003642357    0.000589096    0.002534246
    0.982470785    0.010211017    0.001651477    0.007104529
    0.989649416    0.025528268    0.004128811    0.017761827
    0.996828047    0.056916672    0.009205410    0.039600966
    1.004006678    0.113167952    0.018303202    0.078738971
    1.011185309    0.200665738    0.032454645    0.139617386
    1.018363940    0.317313700    0.051320692    0.220777639
    1.025542571    0.447476577    0.072372604    0.311341126
    1.032721202    0.562753200    0.091017070    0.391546912
    1.039899833    0.631150871    0.102080472    0.439134301
    1.047078464    0.631280421    0.102106477    0.439216627
    1.054257095    0.563138350    0.091105858    0.391773933
    1.061435726    0.448177627    0.072585247    0.311675472
    1.068614357    0.318693263    0.051872452    0.221229548
    1.075792988    0.203874974    0.033943677    0.140351192
    1.082971619    0.120977446    0.022119614    0.080227379
    1.090150250    0.074850846    0.018101128    0.042820686
    1.097328881    0.062857639    0.022724696    0.024363184
    1.104507513    0.079801642    0.036388997    0.019398385
    1.111686144    0.119474007    0.058561519    0.023123673
    1.118864775    0.173182462    0.086751343    0.031882243
    1.126043406    0.228298959    0.116145049    0.042961728
    1.133222037    0.269836172    0.141016417    0.054886872
    1.140400668    0.285448493    0.157765310    0.068503867
    1.147579299    0.270980550    0.167745232    0.088012073
    1.154757930    0.232541788    0.177401941    0.120451551
    1.161936561    0.183333402    0.194674571    0.172616905
    1.169115192    0.137290062    0.223430276    0.246029460
    1.176293823    0.103687819    0.259783215    0.332650754
    1.183472454    0.085606109    0.293544624    0.414845527
    1.190651085    0.081992073    0.314709750    0.471305903
    1.197829716    0.090809181    0.321011108    0.486683489
    1.205008347    0.110790020    0.321143016    0.459376927
    1.212186978    0.140994838    0.330679069    0.402417687
    1.219365609    0.179101174    0.362486229    0.336840011
    1.226544240    0.220044036    0.417361256    0.281823583
    1.233722871    0.256271554    0.481061966    0.247391819
    1.240901503    0.279998121    0.530385323    0.232922984
    1.248080134    0.286797174    0.545281408    0.230802344
    1.255258765    0.278881010    0.519717968    0.232060163
    1.262437396    0.265949126    0.464507064    0.230741531
    1.269616027    0.262251417    0.400814210    0.225345115
    1.276794658    0.280591514    0.349487830    0.217687677
    1.283973289    0.326240362    0.323421541    0.210776690
    1.291151920    0.394324785    0.326501730    0.207101584
    1.298330551    0.472235103    0.357011587    0.207746799
    1.305509182    0.545126029    0.410645005    0.212090333
    1.312687813    0.600563437    0.480270010    0.218025665
    1.319866444    0.629863816    0.553823623    0.222889309
    1.327045075    0.627311715    0.614179599    0.224889965
    1.334223706    0.590298857    0.643346739    0.224253189
    1.341402337    0.521433734    0.629396221    0.223392135
    1.348580968    0.430304427    0.571786844    0.226109090
    1.355759599    0.331946986    0.481664582    0.236196593
    1.362938230    0.241913865    0.377180288    0.255579404
    1.370116861    0.170941006    0.276824522    0.282231635
    1.377295492    0.122517685    0.194290284    0.309055383
    1.384474124    0.094358738    0.136805954    0.325514906
    1.391652755    0.082197286    0.106641953    0.322423299
    1.398831386    0.083219084    0.103766283    0.297402881
    1.406010017    0.097061005    0.127200384    0.257080990
    1.413188648    0.123974580    0.173900550    0.214111793
    1.420367279    0.161673005    0.236401720    0.181140498
    1.427545910    0.203498125    0.302233343    0.166101875
    1.434724541    0.239880498    0.357318940    0.171653967
    1.441903172    0.262629777    0.392144074    0.197650325
    1.449081803    0.269064674    0.406192115    0.242957768
    1.456260434    0.262752562    0.406576079    0.304025764
    1.463439065    0.250370017    0.401444306    0.371524099
    1.470617696    0.237625500    0.393598078    0.429456470
    1.477796327    0.227918274    0.379876009    0.460042626
    1.484974958    0.224506510    0.356671009    0.452642714
    1.492153589    0.233167884    0.326279214    0.410512171
    1.499332220    0.261439615    0.298022693    0.349808383
    1.506510851    0.313617230    0.282790291    0.290941115
    1.513689482    0.385133454    0.285317120    0.248131359
    1.520868114    0.461665505    0.300289299    0.224017751
    1.528046745    0.525291013    0.315184289    0.211988943
    1.535225376    0.564207794    0.317630342    0.203462306
    1.542404007    0.578854902    0.302042359    0.194658178
    1.549582638    0.579497725    0.271384882    0.188789335
    1.556761269    0.577149789    0.233888194    0.193315044
    1.563939900    0.575204723    0.198072040    0.215192176
    1.571118531    0.568361555    0.169847053    0.257858568
    1.578297162    0.549207046    0.152920123    0.321719570
    1.585475793    0.516776087    0.150761111    0.406640547
    1.592654424    0.480276480    0.167406978    0.512877441
    1.599833055    0.455034183    0.205748075    0.638064045
    1.607011686    0.453220373    0.264236923    0.771953725
    1.614190317    0.475476901    0.334482150    0.894132693
    1.621368948    0.509210726    0.402027150    0.978965517
    1.628547579    0.535211557    0.450868649    1.006515047
    1.635726210    0.538739339    0.469928617    0.972805734
    1.642904841    0.518075539    0.458190883    0.892584686
    1.650083472    0.485170465    0.425601085    0.792808493
    1.657262104    0.458250247    0.389000275    0.700910840
    1.664440735    0.451169841    0.365074874    0.634246575
    1.671619366    0.465747245    0.363953300    0.595464934
    1.678797997    0.491053640    0.386620938    0.574995590
    1.685976628    0.509576535    0.426927961    0.558333382
    1.693155259    0.506575865    0.476126371    0.533735843
    1.700333890    0.477533838    0.526626238    0.496382737
    1.707512521    0.430069991    0.572955346    0.447924415
    1.714691152    0.380099051    0.610534697    0.393566330
    1.721869783    0.345023093    0.634466947    0.339765479
    1.729048414    0.337542240    0.639901636    0.293823299
    1.736227045    0.362418183    0.623783093    0.264324121
    1.743405676    0.416658536    0.586720866    0.260663942
    1.750584307    0.492048858    0.533839986    0.290839140
    1.757762938    0.578011364    0.474008323    0.357869719
    1.764941569    0.662966529    0.417379319    0.456103375
    1.772120200    0.734186231    0.372058061    0.569494175
    1.779298831    0.778374839    0.341697912    0.674396719
    1.786477462    0.785341808    0.325722023    0.747985890
    1.793656093    0.754139397    0.321971301    0.779585927
    1.800834725    0.697449553    0.329362120    0.778361768
    1.808013356    0.639654907    0.347994190    0.770937821
    1.815191987    0.607907530    0.376584821    0.788070376
    1.822370618    0.620492848    0.409828810    0.847170328
    1.829549249    0.678722483    0.438557638    0.941270650
    1.836727880    0.766225960    0.453119998    1.041456648
    1.843906511    0.855238518    0.447637381    1.111147154
    1.851085142    0.916580772    0.422263551    1.123412433
    1.858263773    0.929629341    0.382487503    1.071906035
    1.865442404    0.889435940    0.336739126    0.971431358
    1.872621035    0.808891758    0.294037937    0.850426177
    1.879799666    0.714666512    0.262263445    0.740218900
    1.886978297    0.637566281    0.246594188    0.664910060
    1.894156928    0.600757208    0.247985617    0.634265491
    1.901335559    0.611139812    0.262602994    0.641686662
    1.908514190    0.658136957    0.283331611    0.668709103
    1.915692821    0.720311934    0.303199125    0.694832332
    1.922871452    0.775894300    0.318763475    0.707824358
    1.930050083    0.811417711    0.330986292    0.708288231
    1.937228715    0.824464031    0.342690912    0.705442380
    1.944407346    0.820446216    0.354412244    0.707161875
    1.951585977    0.806630742    0.362019626    0.711726004
    1.958764608    0.787367548    0.358316848    0.707560634
    1.965943239    0.762876570    0.337639104    0.681099207
    1.973121870    0.731322037    0.299992824    0.626645074
    1.980300501    0.691930154    0.251709283    0.550938761
    1.987479132    0.646717489    0.202406096    0.469693888
    1.994657763    0.599965872    0.160665877    0.399400191
    2.001836394    0.556554696    0.131203462    0.350280722
    2.009015025    0.520995612    0.114666798    0.324288943
    2.016193656    0.497969101    0.109342774    0.318097380
    2.023372287    0.493276325    0.113194458    0.328158890
    2.030550918    0.513036197    0.124900215    0.354150544
    2.037729549    0.559954921    0.143418359    0.398281159
    2.044908180    0.628429133    0.166665543    0.460802738
    2.052086811    0.702887100    0.190693301    0.535449075
    2.059265442    0.762968706    0.210599176    0.609677355
    2.066444073    0.794076179    0.223091429    0.671362800
    2.073622705    0.796222179    0.229016462    0.717698438
    2.080801336    0.783657668    0.233732162    0.758678257
    2.087979967    0.774236480    0.244631310    0.810601304
    2.095158598    0.775882542    0.267407188    0.882859824
    2.102337229    0.780356793    0.303862184    0.967557565
    2.109515860    0.768999007    0.352885386    1.040612480
    2.116694491    0.725939316    0.413299891    1.074879235
    2.123873122    0.649115847    0.485121910    1.056552121
    2.131051753    0.552013710    0.566897250    0.993328462
    2.138230384    0.456361686    0.650921816    0.909113181
    2.145409015    0.381824709    0.721487928    0.830088439
    2.152587646    0.339191600    0.759801480    0.772225416
    2.159766277    0.329826330    0.753462731    0.737254726
    2.166944908    0.350029078    0.703851846    0.716954637
    2.174123539    0.396972022    0.626046792    0.700853840
    2.181302170    0.472928175    0.541674123    0.682420002
    2.188480801    0.585562231    0.469821639    0.661497885
    2.195659432    0.743837616    0.421320202    0.643692733
    2.202838063    0.951578294    0.398557179    0.639274753
    2.210016694    1.202676401    0.399551462    0.663775169
    2.217195326    1.481308580    0.422894973    0.739096603
    2.224373957    1.766784077    0.469743642    0.890145907
    2.231552588    2.038486445    0.540831103    1.132837190
    2.238731219    2.276185757    0.630294046    1.456982047
    2.245909850    2.456345593    0.721556752    1.816486460
    2.253088481    2.551317341    0.790240082    2.139378985
    2.260267112    2.538015386    0.814251506    2.357556334
    2.267445743    2.414041765    0.785436894    2.439760266
    2.274624374    2.210057223    0.715389381    2.406473300
    2.281803005    1.987158594    0.631692416    2.317944870
    2.288981636    1.817916508    0.566748254    2.245437809
    2.296160267    1.760863711    0.545027218    2.244330096
    2.303338898    1.841775991    0.574477829    2.340778869
    2.310517529    2.049459773    0.645178896    2.530928565
    2.317696160    2.344063207    0.734830556    2.785232133
    2.324874791    2.669655946    0.817745844    3.053519532
    2.332053422    2.964878069    0.873011259    3.273432181
    2.339232053    3.173099547    0.889091436    3.387797183
    2.346410684    3.256905361    0.864964151    3.370634146
    2.353589316    3.214563862    0.809347515    3.249653411
    2.360767947    3.086088659    0.738804350    3.106546241
    2.367946578    2.938462039    0.674150250    3.045539497
    2.375125209    2.836390134    0.634742594    3.142448718
    2.382303840    2.820525228    0.632018968    3.403853951
    2.389482471    2.911294666    0.665329085    3.763546349
    2.396661102    3.133749304    0.722820505    4.121009244
    2.403839733    3.536603318    0.787537629    4.399212384
    2.411018364    4.177639319    0.845576430    4.585257986
    2.418196995    5.072934095    0.891692744    4.728351904
    2.425375626    6.142639613    0.929547020    4.899219339
    2.432554257    7.201743290    0.967368490    5.141412666
    2.439732888    8.019708933    1.012274395    5.446754819
    2.446911519    8.420748996    1.066201918    5.764710305
    2.454090150    8.360079797    1.124454788    6.030691628
    2.461268781    7.926288976    1.176353741    6.191798417
    2.468447412    7.275410472    1.207425057    6.220394765
    2.475626043    6.550211416    1.203247528    6.120469780
    2.482804674    5.839508453    1.155001505    5.934642227
    2.489983306    5.191480782    1.065234815    5.749294053
    2.497161937    4.650291561    0.950598405    5.682972421
    2.504340568    4.272900960    0.838592849    5.845291590
    2.511519199    4.108167153    0.758479680    6.275958739
    2.518697830    4.157522827    0.730343561    6.899711701
    2.525876461    4.353582301    0.757768832    7.535034570
    2.533055092    4.579030391    0.827660432    7.963005141
    2.540233723    4.718685209    0.916906962    8.020885566
    2.547412354    4.716061822    1.002180404    7.667949121
    2.554590985    4.603280342    1.067890450    6.990952167
    2.561769616    4.486451196    1.108786657    6.154703729
    2.568948247    4.489439123    1.127061750    5.330484964
    2.576126878    4.679972243    1.126821742    4.637604377
    2.583305509    5.015921823    1.109562075    4.117832295
    2.590484140    5.346661891    1.072960254    3.744152737
    2.597662771    5.478592337    1.013312248    3.453318632
    2.604841402    5.273975659    0.930140120    3.185558874
    2.612020033    4.725115495    0.830072972    2.912832137
    2.619198664    3.957572524    0.726945732    2.642674580
    2.626377295    3.163018148    0.637247286    2.399599962
    2.633555927    2.508225328    0.573593189    2.201252231
    2.640734558    2.075661318    0.540668911    2.048563400
    2.647913189    1.861218207    0.536069351    1.935421905
    2.655091820    1.814968239    0.554354877    1.866265623
    2.662270451    1.891042495    0.590337120    1.864556145
    2.669449082    2.080116049    0.639154165    1.965160183
    2.676627713    2.419070806    0.694314505    2.200193812
    2.683806344    2.987592628    0.746912622    2.596253109
    2.690984975    3.899304473    0.787796217    3.191125021
    2.698163606    5.280293136    0.811290965    4.054060708
    2.705342237    7.218761644    0.817475235    5.275907043
    2.712520868    9.683209026    0.811349593    6.907485881
    2.719699499   12.441659644    0.799800697    8.869057982
    2.726878130   15.044797130    0.788424029   10.898357084
    2.734056761   16.925037386    0.779568912   12.602293787
    2.741235392   17.598551389    0.771963510   13.611681507
    2.748414023   16.875293156    0.762013581   13.753629136
    2.755592654   14.953181530    0.746633670   13.128507943
    2.762771285   12.334893533    0.726398307   12.041297190
    2.769949917    9.617517980    0.706702610   10.840251155
    2.777128548    7.277590739    0.695259179    9.770424802
    2.784307179    5.555936911    0.696945435    8.917257700
    2.791485810    4.467979726    0.709636384    8.240382071
    2.798664441    3.894671390    0.724527115    7.650525099
    2.805843072    3.688840636    0.731182959    7.086949263
    2.813021703    3.754846652    0.723841175    6.579306834
    2.820200334    4.094658627    0.704654936    6.291099926
    2.827378965    4.832913660    0.682268030    6.537524627
    2.834557596    6.224577912    0.667633442    7.761052678
    2.841736227    8.619421812    0.670111642   10.440273544
    2.848914858   12.338869468    0.695169955   14.909562802
    2.856093489   17.453878787    0.743005531   21.104597858
    2.863272120   23.547174356    0.807575359   28.335803480
    2.870450751   29.636959581    0.877278437   35.274106379
    2.877629382   34.418728406    0.938972266   40.295945521
    2.884808013   36.792488598    0.984459884   42.122311851
    2.891986644   36.396061937    1.015195995   40.424973677
    2.899165275   33.787399052    1.040810624   36.006076822
    2.906343907   30.130622858    1.071499204   30.404381463
    2.913522538   26.593509923    1.109823356   25.170486610
    2.920701169   23.857405028    1.148680911   21.259643442
    2.927879800   22.018725897    1.177436577   18.855758103
    2.935058431   20.858939668    1.191359693   17.614519605
    2.942237062   20.238250537    1.196650102   17.076743278
    2.949415693   20.354864843    1.207101735   16.991654196
    2.956594324   21.735409307    1.235540952   17.426701929
    2.963772955   24.960883730    1.287227058   18.679175461
    2.970951586   30.248776173    1.360106976   21.078246364
    2.978130217   37.114636351    1.451181572   24.789315631
    2.985308848   44.367261160    1.564990079   29.719171193
    2.992487479   50.543590466    1.720883077   35.554540646
    2.999666110   54.579758844    1.956187762   41.864575993
    3.006844741   56.277595534    2.319771337   48.147480764
    3.014023372   56.224108666    2.850109287   53.780617336
    3.021202003   55.236090461    3.541910654   57.985206587
    3.028380634   53.782086839    4.322487160   59.967545666
    3.035559265   51.825799458    5.064569776   59.251485658
    3.042737896   49.146216589    5.640323971   55.999146110
    3.049916528   45.786207827    5.984088219   51.066942385
    3.057095159   42.223599051    6.115888613   45.738045050
    3.064273790   39.161076382    6.106962273   41.319669010
    3.071452421   37.174439399    6.018692189   38.844655000
    3.078631052   36.524415302    5.867227383   38.945955944
    3.085809683   37.216742719    5.636700367   41.798530314
    3.092988314   39.156892182    5.317339707   47.041987992
    3.100166945   42.216390918    4.928858985   53.750342963
    3.107345576   46.167972822    4.513538555   60.576008830
    3.114524207   50.568880259    4.115001050   66.069588152
    3.121702838   54.694667753    3.767480383   69.027185025
    3.128881469   57.608998771    3.507769038   68.735222481
    3.136060100   58.421454866    3.406180972   65.118808183
    3.143238731   56.675661499    3.601991723   58.835272271
    3.150417362   52.651389380    4.319924395   51.233659674
    3.157595993   47.333538624    5.839048723   44.032221822
    3.164774624   42.003934532    8.394638814   38.727609533
    3.171953255   37.693608955   12.025302095   36.015041435
    3.179131886   34.829883263   16.425700547   35.573920380
    3.186310518   33.249273376   20.902919922   36.351712199
    3.193489149   32.491434434   24.520524186   37.154103309
    3.200667780   32.144313344   26.422367099   37.188634819
    3.207846411   32.040726625   26.195177634   36.298139530
    3.215025042   32.243484320   24.059964941   34.841948004
    3.222203673   32.893339391   20.764705228   33.371814996
    3.229382304   34.055862270   17.243997896   32.319358829
    3.236560935   35.668871421   14.256961097   31.858621726
    3.243739566   37.594080439   12.190380843   31.968563369
    3.250918197   39.690328037   11.062889069   32.573479560
    3.258096828   41.830886780   10.640912821   33.597788380
    3.265275459   43.888155977   10.571245621   34.894756202
    3.272454090   45.786940706   10.500335655   36.194271506
    3.279632721   47.648336127   10.185247902   37.250703533
    3.286811352   49.859399215    9.576926993   38.164692651
    3.293989983   52.854813049    8.830008611   39.581999753
    3.301168614   56.641007237    8.217897287   42.446280022
    3.308347245   60.434054857    7.991005251   47.311328986
    3.315525876   62.824888509    8.254371956   53.656896538
    3.322704508   62.492559056    8.927839384   59.791014194
    3.329883139   58.995212701    9.801252725   63.563333439
    3.337061770   53.061390297   10.642565727   63.497176772
    3.344240401   46.193428598   11.289761003   59.587016312
    3.351419032   39.909869975   11.676005843   53.233591077
    3.358597663   35.143294566   11.791305142   46.415906706
    3.365776294   32.081374156   11.631736804   40.695958102
    3.372954925   30.376101791   11.187364474   36.653033142
    3.380133556   29.465487764   10.472983485   33.950959203
    3.387312187   28.817241317    9.559626304   31.828141253
    3.394490818   28.056696886    8.566203394   29.635342956
    3.401669449   27.022501487    7.616275572   27.140032002
    3.408848080   25.782071473    6.804468662   24.526871796
    3.416026711   24.603530593    6.207487890   22.202651441
    3.423205342   23.870794976    5.925396411   20.573806109
    3.430383973   23.942650878    6.099633301   19.904954354
    3.437562604   24.984523488    6.864422469   20.264259144
    3.444741235   26.839106467    8.242467465   21.508991475
    3.451919866   29.025714637   10.053981928   23.294092231
    3.459098497   30.925390501   11.925600024   25.145394867
    3.466277129   32.107325266   13.438318965   26.643382140
    3.473455760   32.636826424   14.356177180   27.678339595
    3.480634391   33.164585063   14.791715738   28.624212201
    3.487813022   34.681597140   15.168941355   30.255744679
    3.494991653   38.004143054   15.965297498   33.370297192
    3.502170284   43.235257138   17.378641658   38.299364481
    3.509348915   49.521919848   19.144962065   44.624520452
    3.516527546   55.314193116   20.649150381   51.311545357
    3.523706177   59.052091079   21.271606931   57.189837023
    3.530884808   59.912455102   20.744647730   61.448404751
    3.538063439   58.169488458   19.287964616   63.815427252
    3.545242070   54.969115923   17.457360516   64.360578505
    3.552420701   51.723378572   15.841377888   63.182827230
    3.559599332   49.557222953   14.817696174   60.324292793
    3.566777963   49.099039946   14.492368334   55.999807601
    3.573956594   50.562382056   14.788368839   50.889426619
    3.581135225   53.858668134   15.559475831   46.143016322
    3.588313856   58.572036603   16.633836060   42.986799948
    3.595492487   63.875612645   17.788487558   42.169023262
    3.602671119   68.611754774   18.731186928   43.627102999
    3.609849750   71.659868151   19.159972062   46.601518795
    3.617028381   72.448771899   18.892745171   50.106975983
    3.624207012   71.260827620   17.978274420   53.428546139
    3.631385643   69.039698570   16.693418637   56.302829162
    3.638564274   66.764451010   15.412406136   58.689687293
    3.645742905   64.818825668   14.432308296   60.376421832
    3.652921536   62.820429402   13.866149846   60.810019805
    3.660100167   60.012960945   13.652468460   59.362393547
    3.667278798   55.883731540   13.641915353   55.844699368
    3.674457429   50.545950651   13.685159625   50.855047442
    3.681636060   44.690968843   13.678636490   45.677150286
    3.688814691   39.265710049   13.577286255   41.791726284
    3.695993322   35.142556358   13.401933710   40.294564631
    3.703171953   32.914146606   13.246944163   41.497760321
    3.710350584   32.799944479   13.268586185   44.850031386
    3.717529215   34.644380944   13.638303654   49.196597291
    3.724707846   38.027461834   14.471749776   53.297417230
    3.731886477   42.455065213   15.765686785   56.379151907
    3.739065109   47.487625017   17.375369134   58.401556863
    3.746243740   52.681117277   19.050098191   59.845677183
    3.753422371   57.408352039   20.521944081   61.170759283
    3.760601002   60.808341901   21.615740175   62.361769818
    3.767779633   62.039922789   22.329671269   62.916421566
    3.774958264   60.715938097   22.844301369   62.239439978
    3.782136895   57.167135145   23.453369175   60.076660951
    3.789315526   52.286453680   24.444139181   56.639820594
    3.796494157   47.052599869   25.967175657   52.393219737
    3.803672788   42.089685481   27.937389851   47.762204362
    3.810851419   37.553346509   30.016888108   43.022184380
    3.818030050   33.337239615   31.724342807   38.392068513
    3.825208681   29.358324341   32.658101148   34.153153656
    3.832387312   25.690313236   32.727330026   30.627904658
    3.839565943   22.505030269   32.240594759   28.027522554
    3.846744574   19.947005302   31.770785862   26.318063517
    3.853923205   18.075639681   31.861095937   25.235665843
    3.861101836   16.896895295   32.741572430   24.443364588
    3.868280467   16.405424498   34.212229756   23.703628780
    3.875459098   16.563586181   35.749253098   22.942024022
    3.882637730   17.234526403   36.787381412   22.183329789
    3.889816361   18.157057740   37.058682549   21.449341880
    3.896994992   19.020475993   36.818378426   20.721889687
    3.904173623   19.597191082   36.794005211   19.992697829
    3.911352254   19.828832108   37.820704975   19.332622218
    3.918530885   19.805253037   40.346110705   18.901922221
    3.925709516   19.675854378   44.126231952   18.884820754
    3.932888147   19.580437250   48.322125268   19.391299025
    3.940066778   19.640895369   51.909169002   20.380129394
    3.947245409   19.980271299   54.096960018   21.639020173
    3.954424040   20.715484300   54.518532736   22.839642291
    3.961602671   21.911134931   53.183712288   23.658816241
    3.968781302   23.526345043   50.349554942   23.912721139
    3.975959933   25.392950075   46.428677069   23.625148460
    3.983138564   27.240575249   41.941870897   22.988453957
    3.990317195   28.758635004   37.468035608   22.256260920
    3.997495826   29.671943199   33.570864900   21.653793453
    4.004674457   29.811589068   30.720277871   21.361746576
    4.011853088   29.179096659   29.232536559   21.556229841
    4.019031720   28.000416063   29.233870502   22.432957706
    4.026210351   26.729310187   30.636171322   24.146221050
    4.033388982   25.930382300   33.121570476   26.659091296
    4.040567613   26.023775931   36.161072551   29.600921197
    4.047746244   27.004348511   39.102136438   32.279397264
    4.054924875   28.340349275   41.317218329   33.915214884
    4.062103506   29.186311910   42.341684641   33.990059259
    4.069282137   28.828740975   41.927769876   32.483551719
    4.076460768   27.090971407   40.025640998   29.847267292
    4.083639399   24.428254101   36.778103488   26.758366312
    4.090818030   21.656437682   32.574218510   23.826854521
    4.097996661   19.508957877   28.084019706   21.406487787
    4.105175292   18.308839948   24.146306687   19.554035145
    4.112353923   17.920466345   21.485106323   18.105193287
    4.119532554   17.934000044   20.391406492   16.810951372
    4.126711185   17.909586741   20.569449264   15.472627374
    4.133889816   17.539238045   21.260156872   14.019620716
    4.141068447   16.696719717   21.589538854   12.506224393
    4.148247078   15.420332052   20.955736475   11.050716078
    4.155425710   13.868744607   19.246384093    9.765144627
    4.162604341   12.257846222   16.787821051    8.712348017
    4.169782972   10.784237292   14.098675260    7.897706579
    4.176961603    9.562822472   11.625722295    7.283650926
    4.184140234    8.609890893    9.607243829    6.812830466
    4.191318865    7.875464906    8.089074975    6.432055376
    4.198497496    7.296968913    7.021789902    6.112633119
    4.205676127    6.838597000    6.351104487    5.860517642
    4.212854758    6.497179251    6.052642274    5.707873292
    4.220033389    6.278518007    6.109640343    5.684642089
    4.227212020    6.164690997    6.466333942    5.784234332
    4.234390651    6.097388544    7.004092469    5.948177469
    4.241569282    5.992422952    7.571286538    6.085463349
    4.248747913    5.778851702    8.052382315    6.115912242
    4.255926544    5.436548732    8.420476588    6.006376430
    4.263105175    5.005870374    8.723966119    5.775288043
    4.270283806    4.564324956    9.014491902    5.468868368
    4.277462437    4.189018198    9.277582636    5.133049604
    4.284641068    3.929312977    9.425130899    4.800522733
    4.291819699    3.800390022    9.352749301    4.492975813
    4.298998331    3.791684810    9.011279976    4.227278477
    4.306176962    3.878715076    8.438665348    4.018283927
    4.313355593    4.032271214    7.740053758    3.878711344
    4.320534224    4.225914528    7.044944141    3.817945668
    4.327712855    4.444006764    6.475992137    3.839270606
    4.334891486    4.688195845    6.140265535    3.936025887
    4.342070117    4.976179956    6.129791808    4.090538561
    4.349248748    5.328746358    6.514346862    4.278939285
    4.356427379    5.749763381    7.321929355    4.479130435
    4.363606010    6.211763508    8.515905483    4.675170950
    4.370784641    6.658766159    9.983282320    4.854938470
    4.377963272    7.027503096   11.546681598    5.006040606
    4.385141903    7.276212011   13.005076700    5.118783950
    4.392320534    7.405404226   14.193991401    5.198989681
    4.399499165    7.459902876   15.038724743    5.280912618
    4.406677796    7.511869780   15.569227561    5.422824393
    4.413856427    7.633767919   15.884624899    5.676241983
    4.421035058    7.873105901   16.088376272    6.043016722
    4.428213689    8.237497459   16.233823539    6.453573664
    4.435392321    8.694294009   16.310244858    6.792314334
    4.442570952    9.187107092   16.275124129    6.961887377
    4.449749583    9.667093717   16.116992188    6.944130634
    4.456928214   10.124370626   15.915709489    6.813285566
    4.464106845   10.593089564   15.854618163    6.690702113
    4.471285476   11.113170703   16.153358544    6.672598262
    4.478464107   11.667632981   16.945077120    6.780525178
    4.485642738   12.147275988   18.179093992    6.965823963
    4.492821369   12.384203453   19.623692138    7.159317662
    4.500000000   12.241246115   20.964299237    7.325166276
