# energy grid [eV]     epsi_x  epsi_y  epsi_z
#
    0.200000000    0.000000000    0.000000000    0.000000000
    0.207178631    0.000000000    0.000000000    0.000000000
    0.214357262    0.000000000    0.000000000    0.000000000
    0.221535893    0.000000000    0.000000000    0.000000000
    0.228714524    0.000000000    0.000000000    0.000000000
    0.235893155    0.000000000    0.000000000    0.000000000
    0.243071786    0.000000000    0.000000000    0.000000000
    0.250250417    0.000000000    0.000000000    0.000000000
    0.257429048    0.000000000    0.000000000    0.000000000
    0.264607679    0.000000000    0.000000000    0.000000000
    0.271786311    0.000000000    0.000000000    0.000000000
    0.278964942    0.000000000    0.000000000    0.000000000
    0.286143573    0.000000000    0.000000000    0.000000000
    0.293322204    0.000000000    0.000000000    0.000000000
    0.300500835    0.000000000    0.000000000    0.000000000
    0.307679466    0.000000000    0.000000000    0.000000000
    0.314858097    0.000000000    0.000000000    0.000000000
    0.322036728    0.000000000    0.000000000    0.000000000
    0.329215359    0.000000000    0.000000000    0.000000000
    0.336393990    0.000000000    0.000000000    0.000000000
    0.343572621    0.000000000    0.000000000    0.000000000
    0.350751252    0.000000000    0.000000000    0.000000000
    0.357929883    0.000000000    0.000000000    0.000000000
    0.365108514    0.000000000    0.000000000    0.000000000
    0.372287145    0.000000000    0.000000000    0.000000000
    0.379465776    0.000000000    0.000000000    0.000000000
    0.386644407    0.000000000    0.000000000    0.000000000
    0.393823038    0.000000000    0.000000000    0.000000000
    0.401001669    0.000000000    0.000000000    0.000000000
    0.408180301    0.000000000    0.000000000    0.000000000
    0.415358932    0.000000000    0.000000000    0.000000000
    0.422537563    0.000000000    0.000000000    0.000000000
    0.429716194    0.000000000    0.000000000    0.000000000
    0.436894825    0.000000000    0.000000000    0.000000000
    0.444073456    0.000000000    0.000000000    0.000000000
    0.451252087    0.000000000    0.000000000    0.000000000
    0.458430718    0.000000000    0.000000000    0.000000000
    0.465609349    0.000000000    0.000000000    0.000000000
    0.472787980    0.000000000    0.000000000    0.000000000
    0.479966611    0.000000000    0.000000000    0.000000000
    0.487145242    0.000000000    0.000000000    0.000000000
    0.494323873    0.000000000    0.000000000    0.000000000
    0.501502504    0.000000000    0.000000000    0.000000000
    0.508681135    0.000000000    0.000000000    0.000000000
    0.515859766    0.000000000    0.000000000    0.000000000
    0.523038397    0.000000000    0.000000000    0.000000000
    0.530217028    0.000000000    0.000000000    0.000000000
    0.537395659    0.000000000    0.000000000    0.000000000
    0.544574290    0.000000000    0.000000000    0.000000000
    0.551752922    0.000000000    0.000000000    0.000000000
    0.558931553    0.000000000    0.000000000    0.000000000
    0.566110184    0.000000000    0.000000000    0.000000000
    0.573288815    0.000000000    0.000000000    0.000000000
    0.580467446    0.000000000    0.000000000    0.000000000
    0.587646077    0.000000000    0.000000000    0.000000000
    0.594824708    0.000000000    0.000000000    0.000000000
    0.602003339    0.000000000    0.000000000    0.000000000
    0.609181970    0.000000000    0.000000000    0.000000000
    0.616360601    0.000000000    0.000000000    0.000000000
    0.623539232    0.000000000    0.000000000    0.000000000
    0.630717863    0.000000000    0.000000000    0.000000000
    0.637896494    0.000000000    0.000000000    0.000000000
    0.645075125    0.000000000    0.000000000    0.000000000
    0.652253756    0.000000000    0.000000000    0.000000000
    0.659432387    0.000000000    0.000000000    0.000000000
    0.666611018    0.000000000    0.000000000    0.000000000
    0.673789649    0.000000000    0.000000000    0.000000000
    0.680968280    0.000000000    0.000000000    0.000000000
    0.688146912    0.000000000    0.000000000    0.000000000
    0.695325543    0.000000000    0.000000000    0.000000000
    0.702504174    0.000000000    0.000000000    0.000000000
    0.709682805    0.000000000    0.000000000    0.000000000
    0.716861436    0.000000000    0.000000000    0.000000000
    0.724040067    0.000000000    0.000000000    0.000000000
    0.731218698    0.000000000    0.000000000    0.000000000
    0.738397329    0.000000000    0.000000000    0.000000000
    0.745575960    0.000000000    0.000000000    0.000000000
    0.752754591    0.000000000    0.000000000    0.000000000
    0.759933222    0.000000000    0.000000000    0.000000000
    0.767111853    0.000000000    0.000000000    0.000000000
    0.774290484    0.000000000    0.000000000    0.000000000
    0.781469115    0.000000000    0.000000000    0.000000000
    0.788647746    0.000000000    0.000000000    0.000000000
    0.795826377    0.000000000    0.000000000    0.000000000
    0.803005008    0.000000000    0.000000000    0.000000000
    0.810183639    0.000000000    0.000000000    0.000000000
    0.817362270    0.000000000    0.000000000    0.000000000
    0.824540902    0.000000000    0.000000000    0.000000000
    0.831719533    0.000000000    0.000000000    0.000000000
    0.838898164    0.000000000    0.000000000    0.000000000
    0.846076795    0.000000000    0.000000000    0.000000000
    0.853255426    0.000000000    0.000000000    0.000000000
    0.860434057    0.000000000    0.000000000    0.000000000
    0.867612688    0.000000000    0.000000000    0.000000000
    0.874791319    0.000000001    0.000000000    0.000000001
    0.881969950    0.000000002    0.000000000    0.000000002
    0.889148581    0.000000005    0.000000000    0.000000006
    0.896327212    0.000000011    0.000000000    0.000000012
    0.903505843    0.000000022    0.000000000    0.000000024
    0.910684474    0.000000039    0.000000000    0.000000043
    0.917863105    0.000000061    0.000000000    0.000000067
    0.925041736    0.000000086    0.000000000    0.000000095
    0.932220367    0.000000107    0.000000000    0.000000118
    0.939398998    0.000000120    0.000000000    0.000000132
    0.946577629    0.000000119    0.000000000    0.000000132
    0.953756260    0.000000106    0.000000000    0.000000117
    0.960934891    0.000000084    0.000000000    0.000000092
    0.968113523    0.000000059    0.000000000    0.000000065
    0.975292154    0.000000037    0.000000000    0.000000041
    0.982470785    0.000000021    0.000000000    0.000000023
    0.989649416    0.000000010    0.000000000    0.000000012
    0.996828047    0.000000005    0.000000000    0.000000005
    1.004006678    0.000000002    0.000000000    0.000000002
    1.011185309    0.000000001    0.000000000    0.000000001
    1.018363940    0.000000000    0.000000000    0.000000000
    1.025542571    0.000000000    0.000000000    0.000000000
    1.032721202    0.000000000    0.000000000    0.000000000
    1.039899833    0.000000000    0.000000000    0.000000000
    1.047078464    0.000000000    0.000000000    0.000000000
    1.054257095    0.000000000    0.000000000    0.000000000
    1.061435726    0.000000000    0.000000000    0.000000000
    1.068614357    0.000000000    0.000000000    0.000000000
    1.075792988    0.000000000    0.000000000    0.000000000
    1.082971619    0.000000000    0.000000000    0.000000000
    1.090150250    0.000000000    0.000000000    0.000000001
    1.097328881    0.000000000    0.000000000    0.000000001
    1.104507513    0.000000000    0.000000000    0.000000001
    1.111686144    0.000000000    0.000000000    0.000000001
    1.118864775    0.000000000    0.000000000    0.000000001
    1.126043406    0.000000000    0.000000000    0.000000001
    1.133222037    0.000000000    0.000000000    0.000000000
    1.140400668    0.000000000    0.000000000    0.000000000
    1.147579299    0.000000000    0.000000000    0.000000000
    1.154757930    0.000000000    0.000000000    0.000000000
    1.161936561    0.000000000    0.000000000    0.000000000
    1.169115192    0.000000000    0.000000000    0.000000000
    1.176293823    0.000000000    0.000000000    0.000000000
    1.183472454    0.000000000    0.000000000    0.000000000
    1.190651085    0.000000000    0.000000000    0.000000000
    1.197829716    0.000000000    0.000000000    0.000000000
    1.205008347    0.000000000    0.000000000    0.000000000
    1.212186978    0.000000000    0.000000000    0.000000000
    1.219365609    0.000000000    0.000000000    0.000000000
    1.226544240    0.000000000    0.000000000    0.000000000
    1.233722871    0.000000000    0.000000000    0.000000000
    1.240901503    0.000000000    0.000000000    0.000000000
    1.248080134    0.000000000    0.000000000    0.000000000
    1.255258765    0.000000000    0.000000000    0.000000000
    1.262437396    0.000000000    0.000000000    0.000000000
    1.269616027    0.000000000    0.000000000    0.000000000
    1.276794658    0.000000000    0.000000000    0.000000000
    1.283973289    0.000000000    0.000000000    0.000000000
    1.291151920    0.000000000    0.000000000    0.000000000
    1.298330551    0.000000000    0.000000000    0.000000000
    1.305509182    0.000000000    0.000000000    0.000000000
    1.312687813    0.000000000    0.000000000    0.000000000
    1.319866444    0.000000000    0.000000000    0.000000000
    1.327045075    0.000000000    0.000000000    0.000000000
    1.334223706    0.000000000    0.000000000    0.000000000
    1.341402337    0.000000000    0.000000000    0.000000000
    1.348580968    0.000000000    0.000000000    0.000000000
    1.355759599    0.000000000    0.000000000    0.000000000
    1.362938230    0.000000000    0.000000000    0.000000000
    1.370116861    0.000000000    0.000000000    0.000000000
    1.377295492    0.000000000    0.000000000    0.000000000
    1.384474124    0.000000000    0.000000000    0.000000000
    1.391652755    0.000000000    0.000000000    0.000000000
    1.398831386    0.000000000    0.000000000    0.000000000
    1.406010017    0.000000000    0.000000000    0.000000000
    1.413188648    0.000000000    0.000000000    0.000000000
    1.420367279    0.000000000    0.000000000    0.000000000
    1.427545910    0.000000000    0.000000000    0.000000000
    1.434724541    0.000000000    0.000000000    0.000000000
    1.441903172    0.000000000    0.000000000    0.000000000
    1.449081803    0.000000000    0.000000000    0.000000000
    1.456260434    0.000000000    0.000000000    0.000000000
    1.463439065    0.000000000    0.000000000    0.000000000
    1.470617696    0.000000000    0.000000000    0.000000000
    1.477796327    0.000000000    0.000000000    0.000000000
    1.484974958    0.000000000    0.000000000    0.000000000
    1.492153589    0.000000000    0.000000001    0.000000000
    1.499332220    0.000000000    0.000000002    0.000000001
    1.506510851    0.000000001    0.000000005    0.000000001
    1.513689482    0.000000002    0.000000009    0.000000003
    1.520868114    0.000000005    0.000000015    0.000000006
    1.528046745    0.000000010    0.000000023    0.000000012
    1.535225376    0.000000018    0.000000032    0.000000022
    1.542404007    0.000000031    0.000000041    0.000000037
    1.549582638    0.000000048    0.000000049    0.000000055
    1.556761269    0.000000067    0.000000055    0.000000076
    1.563939900    0.000000083    0.000000058    0.000000094
    1.571118531    0.000000092    0.000000057    0.000000105
    1.578297162    0.000000092    0.000000051    0.000000105
    1.585475793    0.000000082    0.000000042    0.000000094
    1.592654424    0.000000065    0.000000031    0.000000075
    1.599833055    0.000000047    0.000000021    0.000000054
    1.607011686    0.000000030    0.000000013    0.000000035
    1.614190317    0.000000017    0.000000007    0.000000020
    1.621368948    0.000000009    0.000000004    0.000000010
    1.628547579    0.000000004    0.000000002    0.000000005
    1.635726210    0.000000002    0.000000001    0.000000002
    1.642904841    0.000000002    0.000000001    0.000000002
    1.650083472    0.000000003    0.000000000    0.000000003
    1.657262104    0.000000006    0.000000000    0.000000006
    1.664440735    0.000000013    0.000000000    0.000000013
    1.671619366    0.000000026    0.000000000    0.000000027
    1.678797997    0.000000046    0.000000000    0.000000047
    1.685976628    0.000000073    0.000000000    0.000000074
    1.693155259    0.000000103    0.000000001    0.000000105
    1.700333890    0.000000133    0.000000002    0.000000135
    1.707512521    0.000000155    0.000000003    0.000000157
    1.714691152    0.000000166    0.000000004    0.000000168
    1.721869783    0.000000165    0.000000006    0.000000165
    1.729048414    0.000000155    0.000000008    0.000000153
    1.736227045    0.000000137    0.000000008    0.000000135
    1.743405676    0.000000117    0.000000009    0.000000113
    1.750584307    0.000000094    0.000000008    0.000000090
    1.757762938    0.000000073    0.000000007    0.000000069
    1.764941569    0.000000056    0.000000006    0.000000052
    1.772120200    0.000000046    0.000000006    0.000000043
    1.779298831    0.000000046    0.000000006    0.000000043
    1.786477462    0.000000058    0.000000007    0.000000054
    1.793656093    0.000000081    0.000000009    0.000000075
    1.800834725    0.000000110    0.000000011    0.000000102
    1.808013356    0.000000138    0.000000012    0.000000127
    1.815191987    0.000000159    0.000000013    0.000000145
    1.822370618    0.000000171    0.000000012    0.000000152
    1.829549249    0.000000178    0.000000011    0.000000153
    1.836727880    0.000000189    0.000000009    0.000000155
    1.843906511    0.000000213    0.000000007    0.000000169
    1.851085142    0.000000254    0.000000005    0.000000201
    1.858263773    0.000000304    0.000000005    0.000000252
    1.865442404    0.000000350    0.000000005    0.000000309
    1.872621035    0.000000377    0.000000005    0.000000359
    1.879799666    0.000000378    0.000000007    0.000000387
    1.886978297    0.000000358    0.000000009    0.000000391
    1.894156928    0.000000334    0.000000015    0.000000379
    1.901335559    0.000000331    0.000000025    0.000000372
    1.908514190    0.000000366    0.000000041    0.000000392
    1.915692821    0.000000443    0.000000062    0.000000451
    1.922871452    0.000000548    0.000000084    0.000000542
    1.930050083    0.000000650    0.000000103    0.000000641
    1.937228715    0.000000715    0.000000114    0.000000716
    1.944407346    0.000000723    0.000000112    0.000000741
    1.951585977    0.000000671    0.000000100    0.000000711
    1.958764608    0.000000578    0.000000081    0.000000636
    1.965943239    0.000000467    0.000000060    0.000000534
    1.973121870    0.000000358    0.000000043    0.000000425
    1.980300501    0.000000265    0.000000029    0.000000324
    1.987479132    0.000000195    0.000000021    0.000000242
    1.994657763    0.000000156    0.000000017    0.000000195
    2.001836394    0.000000165    0.000000018    0.000000200
    2.009015025    0.000000246    0.000000027    0.000000287
    2.016193656    0.000000429    0.000000045    0.000000484
    2.023372287    0.000000740    0.000000076    0.000000813
    2.030550918    0.000001176    0.000000118    0.000001260
    2.037729549    0.000001691    0.000000165    0.000001767
    2.044908180    0.000002190    0.000000208    0.000002229
    2.052086811    0.000002558    0.000000235    0.000002534
    2.059265442    0.000002706    0.000000238    0.000002607
    2.066444073    0.000002612    0.000000216    0.000002448
    2.073622705    0.000002329    0.000000180    0.000002126
    2.080801336    0.000001955    0.000000141    0.000001745
    2.087979967    0.000001590    0.000000113    0.000001402
    2.095158598    0.000001304    0.000000106    0.000001154
    2.102337229    0.000001123    0.000000123    0.000001016
    2.109515860    0.000001037    0.000000163    0.000000968
    2.116694491    0.000001007    0.000000222    0.000000967
    2.123873122    0.000000986    0.000000299    0.000000965
    2.131051753    0.000000936    0.000000390    0.000000928
    2.138230384    0.000000846    0.000000492    0.000000847
    2.145409015    0.000000728    0.000000590    0.000000736
    2.152587646    0.000000608    0.000000666    0.000000620
    2.159766277    0.000000515    0.000000696    0.000000524
    2.166944908    0.000000467    0.000000668    0.000000468
    2.174123539    0.000000483    0.000000588    0.000000471
    2.181302170    0.000000577    0.000000478    0.000000552
    2.188480801    0.000000758    0.000000370    0.000000724
    2.195659432    0.000001011    0.000000287    0.000000974
    2.202838063    0.000001288    0.000000236    0.000001255
    2.210016694    0.000001512    0.000000209    0.000001491
    2.217195326    0.000001609    0.000000193    0.000001605
    2.224373957    0.000001538    0.000000175    0.000001554
    2.231552588    0.000001317    0.000000148    0.000001351
    2.238731219    0.000001009    0.000000116    0.000001055
    2.245909850    0.000000694    0.000000082    0.000000743
    2.253088481    0.000000430    0.000000053    0.000000474
    2.260267112    0.000000243    0.000000031    0.000000277
    2.267445743    0.000000129    0.000000017    0.000000152
    2.274624374    0.000000067    0.000000008    0.000000080
    2.281803005    0.000000035    0.000000004    0.000000042
    2.288981636    0.000000020    0.000000001    0.000000023
    2.296160267    0.000000012    0.000000001    0.000000013
    2.303338898    0.000000007    0.000000000    0.000000007
    2.310517529    0.000000004    0.000000000    0.000000004
    2.317696160    0.000000004    0.000000000    0.000000004
    2.324874791    0.000000005    0.000000000    0.000000006
    2.332053422    0.000000011    0.000000001    0.000000011
    2.339232053    0.000000023    0.000000001    0.000000024
    2.346410684    0.000000046    0.000000002    0.000000048
    2.353589316    0.000000088    0.000000004    0.000000093
    2.360767947    0.000000163    0.000000005    0.000000169
    2.367946578    0.000000282    0.000000008    0.000000290
    2.375125209    0.000000452    0.000000010    0.000000460
    2.382303840    0.000000665    0.000000013    0.000000671
    2.389482471    0.000000896    0.000000014    0.000000895
    2.396661102    0.000001108    0.000000015    0.000001100
    2.403839733    0.000001282    0.000000015    0.000001268
    2.411018364    0.000001436    0.000000016    0.000001418
    2.418196995    0.000001630    0.000000018    0.000001615
    2.425375626    0.000001941    0.000000027    0.000001934
    2.432554257    0.000002403    0.000000046    0.000002409
    2.439732888    0.000002971    0.000000081    0.000002991
    2.446911519    0.000003512    0.000000132    0.000003546
    2.454090150    0.000003870    0.000000196    0.000003911
    2.461268781    0.000003934    0.000000260    0.000003978
    2.468447412    0.000003702    0.000000311    0.000003740
    2.475626043    0.000003266    0.000000338    0.000003293
    2.482804674    0.000002768    0.000000344    0.000002785
    2.489983306    0.000002351    0.000000346    0.000002370
    2.497161937    0.000002146    0.000000377    0.000002202
    2.504340568    0.000002304    0.000000467    0.000002464
    2.511519199    0.000003006    0.000000636    0.000003386
    2.518697830    0.000004433    0.000000884    0.000005189
    2.525876461    0.000006644    0.000001193    0.000007945
    2.533055092    0.000009442    0.000001537    0.000011410
    2.540233723    0.000012318    0.000001891    0.000014950
    2.547412354    0.000014560    0.000002230    0.000017689
    2.554590985    0.000015551    0.000002517    0.000018863
    2.561769616    0.000015077    0.000002705    0.000018213
    2.568948247    0.000013489    0.000002744    0.000016176
    2.576126878    0.000011613    0.000002614    0.000013787
    2.583305509    0.000010562    0.000002337    0.000012456
    2.590484140    0.000011947    0.000001975    0.000014252
    2.597662771    0.000020496    0.000001614    0.000025310
    2.604841402    0.000058844    0.000001400    0.000074983
    2.612020033    0.000236992    0.000001816    0.000305791
    2.619198664    0.001034207    0.000004838    0.001338501
    2.626377295    0.004285220    0.000017988    0.005549349
    2.633555927    0.016128617    0.000066431    0.020888595
    2.640734558    0.054425947    0.000223393    0.070489350
    2.647913189    0.164044786    0.000672827    0.212461449
    2.655091820    0.441154208    0.001809033    0.571357783
    2.662270451    1.058154849    0.004338870    1.370462514
    2.669449082    2.263581244    0.009281365    2.931664665
    2.676627713    4.318345869    0.017706298    5.592884739
    2.683806344    7.346974928    0.030124246    9.515403023
    2.690984975   11.147247873    0.045706071   14.437314546
    2.698163606   15.083213513    0.061844261   19.534969047
    2.705342237   18.200644267    0.074626309   23.572501231
    2.712520868   19.586012555    0.080306581   25.366758154
    2.719699499   18.796262494    0.077068460   24.343916970
    2.726878130   16.086555600    0.065958150   20.834449179
    2.734056761   12.277802828    0.050341541   15.901555031
    2.741235392    8.356882401    0.034265028   10.823386647
    2.748414023    5.072642283    0.020799041    6.569811624
    2.755592654    2.745945312    0.011259180    3.556393097
    2.762771285    1.325641374    0.005435675    1.716879199
    2.769949917    0.570843794    0.002340593    0.739262279
    2.777128548    0.219744625    0.000899246    0.284345818
    2.784307179    0.077799208    0.000308673    0.099656011
    2.791485810    0.034402840    0.000095174    0.039988245
    2.798664441    0.049503787    0.000026972    0.046919608
    2.805843072    0.147603703    0.000007815    0.133103613
    2.813021703    0.441004007    0.000003497    0.396005461
    2.820200334    1.186162803    0.000003891    1.064801234
    2.827378965    2.847603901    0.000007109    2.556214341
    2.834557596    6.097799200    0.000013908    5.473930126
    2.841736227   11.648235536    0.000025764   10.457015407
    2.848914858   19.855893652    0.000044008   17.827329800
    2.856093489   30.228125761    0.000069710   27.146902969
    2.863272120   41.173946637    0.000105275   36.998655882
    2.870450751   50.386208114    0.000158756   45.336238886
    2.877629382   55.897295233    0.000250107   50.439648083
    2.884808013   57.273395978    0.000414956   51.989990109
    2.891986644   56.085075309    0.000698396   51.478128254
    2.899165275   55.123820682    0.001133149   51.462240892
    2.906343907   56.693105684    0.001706627   53.976636964
    2.913522538   61.045418498    0.002335925   59.086350432
    2.920701169   66.046553000    0.002875750   64.602422446
    2.927879800   68.356920006    0.003169218   67.236100958
    2.935058431   65.378906165    0.003119903   64.478929353
    2.942237062   56.702673678    0.002741023   55.990249032
    2.949415693   44.187944705    0.002148272   43.656418447
    2.956594324   30.811971719    0.001501738   30.448617587
    2.963772955   19.188468316    0.000936260   18.964175817
    2.970951586   10.663781675    0.000520585   10.539619309
    2.978130217    5.286668296    0.000258177    5.225220023
    2.985308848    2.337762456    0.000114257    2.310611135
    2.992487479    0.922095882    0.000045245    0.911390058
    2.999666110    0.324485578    0.000016281    0.320718110
    3.006844741    0.101931431    0.000005788    0.100746536
    3.014023372    0.028629488    0.000002770    0.028294325
    3.021202003    0.007226324    0.000002451    0.007138833
    3.028380634    0.001673554    0.000002976    0.001651135
    3.035559265    0.000402364    0.000003628    0.000399172
    3.042737896    0.000202844    0.000004085    0.000219581
    3.049916528    0.000445205    0.000004212    0.000532413
    3.057095159    0.001696653    0.000004014    0.002085150
    3.064273790    0.006816769    0.000003624    0.008435796
    3.071452421    0.025720974    0.000003283    0.031894827
    3.078631052    0.088047053    0.000003388    0.109253830
    3.085809683    0.270348382    0.000004691    0.335540497
    3.092988314    0.741752594    0.000008714    0.920693162
    3.100166945    1.816183002    0.000018262    2.254380358
    3.107345576    3.966742738    0.000037641    4.923845190
    3.114524207    7.727152515    0.000072094    9.591510184
    3.121702838   13.424685742    0.000126559   16.663261369
    3.128881469   20.802367799    0.000206331   25.818738903
    3.136060100   28.756458783    0.000326969   35.683198910
    3.143238731   35.483827166    0.000547118   44.004585026
    3.150417362   39.148928464    0.001041466   48.468978717
    3.157595993   38.797397296    0.002221112   47.813728643
    3.164774624   34.970764530    0.004869938   42.565966027
    3.171953255   29.601706824    0.010195217   34.902360828
    3.179131886   25.228884756    0.019632610   27.707941683
    3.186310518   23.985968597    0.034299612   23.418494003
    3.193489149   26.882910706    0.054227236   23.267148670
    3.200667780   33.640830306    0.077801810   27.182437885
    3.207846411   43.007798833    0.101900352   34.161629107
    3.215025042   53.265408349    0.122792501   42.747434198
    3.222203673   62.619357273    0.137282433   51.320405758
    3.229382304   69.363990194    0.143396402   58.186913717
    3.236560935   71.991351980    0.140428319   61.695819174
    3.243739566   69.497105573    0.128774481   60.615266343
    3.250918197   61.865861180    0.109979754   54.687042320
    3.258096828   50.357196455    0.086856553   44.945193866
    3.265275459   37.210643261    0.063285397   33.433872401
    3.272454090   24.822949010    0.043966712   22.404175574
    3.279632721   14.890792830    0.035751004   13.481177190
    3.286811352    8.016420158    0.053744903    7.276838329
    3.293989983    3.885291385    0.136728958    3.547962350
    3.301168614    1.748990821    0.375750172    1.645769023
    3.308347245    0.869757064    0.952322780    0.934085118
    3.315525876    0.747991212    2.163619605    1.005863167
    3.322704508    1.141094132    4.387160154    1.698064384
    3.329883139    1.962839224    7.934211705    2.979428912
    3.337061770    3.148483428   12.796712766    4.790418894
    3.344240401    4.552230821   18.406101838    6.914567462
    3.351419032    5.935578294   23.610067846    8.966188987
    3.358597663    7.081207324   27.009784225   10.547805934
    3.365776294    8.003960501   27.561160962   11.535653831
    3.372954925    9.150738959   25.100004486   12.338621253
    3.380133556   11.440953868   20.445872890   13.934095734
    3.387312187   16.040373918   15.023045391   17.566311346
    3.394490818   23.883541341   10.271920301   24.173729369
    3.401669449   35.120376515    7.215045069   33.807814492
    3.408848080   48.772658962    6.338978354   45.396566711
    3.416026711   62.835419065    7.679966684   57.070258299
    3.423205342   74.821663193   10.905549447   66.903409321
    3.430383973   82.484518711   15.309367615   73.586081211
    3.437562604   84.390729315   19.823358889   76.578863563
    3.444741235   80.198402567   23.206962519   75.779457540
    3.451919866   70.683119807   24.437032150   71.185464473
    3.459098497   57.565758095   23.115857979   62.971221539
    3.466277129   43.118162681   19.635384042   51.867973757
    3.473455760   29.574871629   14.974194392   39.347892353
    3.480634391   18.553767876   10.250032949   27.291631717
    3.487813022   10.757600216    6.296293215   17.330702403
    3.494991653    6.066127978    3.470436474   10.334768385
    3.502170284    3.878897387    1.717491564    6.329810073
    3.509348915    3.457674667    0.765827668    4.760272911
    3.516527546    4.108218535    0.312077726    4.823266086
    3.523706177    5.213000544    0.122257947    5.694008839
    3.530884808    6.228574473    0.053064168    6.644051267
    3.538063439    6.737396439    0.031900986    7.132380550
    3.545242070    6.547861129    0.029995413    6.897237377
    3.552420701    5.768896514    0.045754841    6.001487236
    3.559599332    4.807277606    0.103465293    4.787268972
    3.566777963    4.314157325    0.268247833    3.770398633
    3.573956594    5.145506561    0.675596521    3.561851265
    3.581135225    8.335228913    1.565583412    4.869882953
    3.588313856   14.957850830    3.296395801    8.527993245
    3.595492487   25.725323486    6.298272470   15.401384211
    3.602671119   40.341899227   10.935240271   26.046265324
    3.609849750   56.972148793   17.282900833   40.170780101
    3.617028381   72.369628168   24.898697156   56.198971242
    3.624207012   82.956881100   32.719946053   71.374860789
    3.631385643   86.479225537   39.222346899   82.653295397
    3.638564274   83.277869460   42.873002320   88.101025792
    3.645742905   76.300821148   42.739475317   88.008338492
    3.652921536   69.729890520   38.967768777   84.879396253
    3.660100167   66.984433729   32.843863233   82.119721888
    3.667278798   69.221108677   26.348749057   82.160105774
    3.674457429   75.082758869   21.393042169   85.197583145
    3.681636060   81.666057267   19.086094941   89.294799883
    3.688814691   86.011433785   19.361256357   91.629368004
    3.695993322   86.287558431   21.101267428   90.022692484
    3.703171953   82.257086385   22.693626873   83.943354285
    3.710350584   75.135926384   22.762962092   74.692158721
    3.717529215   67.122264131   20.735536220   64.875448304
    3.724707846   60.683130672   16.968008617   57.379445965
    3.731886477   57.597229052   12.420627248   54.124738137
    3.739065109   58.030062641    8.120023710   55.080908485
    3.746243740   60.237871468    4.738154617   58.128635402
    3.753422371   61.326811359    2.467178271   60.033690612
    3.760601002   58.790559183    1.146296754   58.107336477
    3.767779633   51.909123749    0.475239702   51.602892077
    3.774958264   42.141616505    0.175950491   42.039434327
    3.782136895   32.364585251    0.058846223   32.372656690
    3.789315526   25.542131540    0.020727991   25.628288056
    3.796494157   23.575981394    0.018874615   23.738923001
    3.803672788   26.723463501    0.051961763   26.953121400
    3.810851419   33.594194889    0.161483839   33.815312943
    3.818030050   41.650124484    0.457269140   41.643580637
    3.825208681   48.150987917    1.160716585   47.468738659
    3.832387312   51.299562593    2.639268806   49.230088938
    3.839565943   51.027840794    5.377691701   46.710726633
    3.846744574   48.858054029    9.822972056   41.633989746
    3.853923205   46.802733153   16.091539774   36.755338212
    3.861101836   45.987647720   23.649243748   34.407020690
    3.868280467   45.947285862   31.191522929   35.301371876
    3.875459098   45.063982275   36.928481653   38.236699008
    3.882637730   41.771405948   39.252173007   40.824403559
    3.889816361   35.621442060   37.460833675   40.791897382
    3.896994992   27.516697990   32.099428638   37.115375503
    3.904173623   19.101071281   24.693292294   30.376504967
    3.911352254   11.868584907   17.050696756   22.248751398
    3.918530885    6.589070453   10.565147802   14.553191481
    3.925709516    3.265895477    5.872810907    8.494603192
    3.932888147    1.445538610    2.927603348    4.423688815
    3.940066778    0.574301711    1.308439861    2.057794300
    3.947245409    0.215508815    0.524253771    0.864869902
    3.954424040    0.110774089    0.188426226    0.360538951
    3.961602671    0.157476593    0.060921892    0.239309194
    3.968781302    0.371776892    0.017914508    0.386951093
    3.975959933    0.863200271    0.005062252    0.844270834
    3.983138564    1.805802815    0.002019152    1.752452793
    3.990317195    3.373285457    0.003144250    3.269174788
    3.997495826    5.623697100    0.010816254    5.443900860
    4.004674457    8.374137659    0.038892732    8.085958746
    4.011853088   11.163896212    0.128830584   10.713197367
    4.019031720   13.401157792    0.385166671   12.667053170
    4.026210351   14.684455882    1.034274509   13.387562116
    4.033388982   15.136379981    2.492242483   12.715244070
    4.040567613   15.508349948    5.392405681   11.042322127
    4.047746244   16.902234416   10.490935236    9.228457659
    4.054924875   20.176629517   18.386209269    8.342196567
    4.062103506   25.334445067   29.091079795    9.351111801
    4.069282137   31.282658292   41.651500094   12.834430460
    4.076460768   36.222386355   54.088417135   18.749042407
    4.083639399   38.580839609   63.835590020   26.341445566
    4.090818030   38.012932040   68.574437886   34.375800229
    4.097996661   35.858448998   67.103361282   41.734085436
    4.105175292   34.691353380   59.813719636   48.097268677
    4.112353923   37.095322026   48.530265667   54.138237229
    4.119532554   44.233163106   35.799491802   60.856761673
    4.126711185   54.937197859   23.985231914   68.380977709
    4.133889816   65.883122841   14.597732090   75.180566151
    4.141068447   72.931298901    8.107530931   78.503613315
    4.148247078   73.055202785    4.207343084   75.919307201
    4.155425710   65.819159507    2.282710914   66.902140756
    4.162604341   53.563758773    1.840546151   53.319453372
    4.169782972   40.279243091    2.761626085   38.562903391
    4.176961603   29.946697224    5.350720230   26.068755238
    4.184140234   25.246691015   10.187640551   18.225238662
    4.191318865   27.004743786   17.783605142   16.090677979
    4.198497496   34.196269743   28.109076496   19.613780017
    4.205676127   44.261488836   40.191065468   27.820873520
    4.212854758   53.734044048   52.066657526   38.789126440
    4.220033389   59.261319228   61.282280767   49.707366618
    4.227212020   58.785226332   65.829634004   57.429389667
    4.234390651   52.303955044   65.082474286   59.523844592
    4.241569282   41.724062171   60.188760831   55.284147216
    4.248747913   29.868735746   53.604695765   46.017592526
    4.255926544   19.255409792   47.933319785   34.376868289
    4.263105175   11.322204984   44.676493340   23.159686994
    4.270283806    6.372294345   43.623785512   14.308317157
    4.277462437    4.020822976   43.249155441    8.577398038
    4.284641068    3.724942912   41.844155762    5.811588669
    4.291819699    5.085313566   38.625764344    5.439532062
    4.298998331    7.840344123   34.107111889    6.827150285
    4.306176962   11.663796209   29.587094367    9.384930755
    4.313355593   15.962618302   26.238649590   12.535073160
    4.320534224   19.851950182   24.462225995   15.685222573
    4.327712855   22.369103928   23.844291966   18.268846549
    4.334891486   22.827684771   23.581697013   19.822014526
    4.342070117   21.105989725   23.000186433   20.051632870
    4.349248748   17.693325367   21.885239379   18.885407981
    4.356427379   13.468188632   20.542055826   16.504751416
    4.363606010    9.341879011   19.612317631   13.331911391
    4.370784641    5.958043815   19.709317996    9.931894415
    4.377963272    3.571099323   21.000411385    6.841407433
    4.385141903    2.104852283   22.962494044    4.406226875
    4.392320534    1.306340463   24.519290137    2.715875712
    4.399499165    0.897666058   24.552016372    1.657189975
    4.406677796    0.668804297   22.490942684    1.031401787
    4.413856427    0.503427905   18.603317007    0.657229631
    4.421035058    0.359793263   13.804759574    0.417404904
    4.428213689    0.235759187    9.161674386    0.254253433
    4.435392321    0.139380230    5.429857021    0.143938410
    4.442570952    0.073842179    2.871899714    0.074255356
    4.449749583    0.034962291    1.355141106    0.034536711
    4.456928214    0.014780656    0.570424390    0.014406752
    4.464106845    0.005580397    0.214226425    0.005379378
    4.471285476    0.001884670    0.071826770    0.001799639
    4.478464107    0.000572528    0.021545752    0.000542971
    4.485642738    0.000159287    0.005823263    0.000151297
    4.492821369    0.000043188    0.001451921    0.000042139
    4.500000000    0.000013923    0.000359404    0.000014439
