# energy grid [eV]     epsi_x  epsi_y  epsi_z
#
    0.200000000    0.000000000    0.000000000    0.000000000
    0.207178631    0.000000000    0.000000000    0.000000000
    0.214357262    0.000000000    0.000000000    0.000000000
    0.221535893    0.000000000    0.000000000    0.000000000
    0.228714524    0.000000000    0.000000000    0.000000000
    0.235893155    0.000000000    0.000000000    0.000000000
    0.243071786    0.000000000    0.000000000    0.000000000
    0.250250417    0.000000000    0.000000000    0.000000000
    0.257429048    0.000000000    0.000000000    0.000000000
    0.264607679    0.000000000    0.000000000    0.000000000
    0.271786311    0.000000000    0.000000000    0.000000000
    0.278964942    0.000000000    0.000000000    0.000000000
    0.286143573    0.000000000    0.000000000    0.000000000
    0.293322204    0.000000000    0.000000000    0.000000000
    0.300500835    0.000000000    0.000000000    0.000000000
    0.307679466    0.000000000    0.000000000    0.000000000
    0.314858097    0.000000000    0.000000000    0.000000000
    0.322036728    0.000000000    0.000000000    0.000000000
    0.329215359    0.000000000    0.000000000    0.000000000
    0.336393990    0.000000000    0.000000000    0.000000000
    0.343572621    0.000000000    0.000000000    0.000000000
    0.350751252    0.000000000    0.000000000    0.000000000
    0.357929883    0.000000000    0.000000000    0.000000000
    0.365108514    0.000000000    0.000000000    0.000000000
    0.372287145    0.000000000    0.000000000    0.000000000
    0.379465776    0.000000000    0.000000000    0.000000000
    0.386644407    0.000000000    0.000000000    0.000000000
    0.393823038    0.000000000    0.000000000    0.000000000
    0.401001669    0.000000000    0.000000000    0.000000000
    0.408180301    0.000000000    0.000000000    0.000000000
    0.415358932    0.000000000    0.000000000    0.000000000
    0.422537563    0.000000000    0.000000000    0.000000000
    0.429716194    0.000000000    0.000000000    0.000000000
    0.436894825    0.000000000    0.000000000    0.000000000
    0.444073456    0.000000000    0.000000000    0.000000000
    0.451252087    0.000000000    0.000000000    0.000000000
    0.458430718    0.000000000    0.000000000    0.000000000
    0.465609349    0.000000000    0.000000000    0.000000000
    0.472787980    0.000000000    0.000000000    0.000000000
    0.479966611    0.000000000    0.000000000    0.000000000
    0.487145242    0.000000000    0.000000000    0.000000000
    0.494323873    0.000000000    0.000000000    0.000000000
    0.501502504    0.000000000    0.000000000    0.000000000
    0.508681135    0.000000000    0.000000000    0.000000000
    0.515859766    0.000000000    0.000000000    0.000000000
    0.523038397    0.000000000    0.000000000    0.000000000
    0.530217028    0.000000000    0.000000000    0.000000000
    0.537395659    0.000000000    0.000000000    0.000000000
    0.544574290    0.000000000    0.000000000    0.000000000
    0.551752922    0.000000000    0.000000000    0.000000000
    0.558931553    0.000000000    0.000000000    0.000000000
    0.566110184    0.000000000    0.000000000    0.000000000
    0.573288815    0.000000000    0.000000000    0.000000000
    0.580467446    0.000000000    0.000000000    0.000000000
    0.587646077    0.000000000    0.000000000    0.000000000
    0.594824708    0.000000000    0.000000000    0.000000000
    0.602003339    0.000000000    0.000000000    0.000000000
    0.609181970    0.000000000    0.000000000    0.000000000
    0.616360601    0.000000000    0.000000000    0.000000000
    0.623539232    0.000000000    0.000000000    0.000000000
    0.630717863    0.000000000    0.000000000    0.000000000
    0.637896494    0.000000000    0.000000000    0.000000000
    0.645075125    0.000000000    0.000000000    0.000000000
    0.652253756    0.000000000    0.000000000    0.000000000
    0.659432387    0.000000000    0.000000000    0.000000000
    0.666611018    0.000000000    0.000000000    0.000000000
    0.673789649    0.000000000    0.000000000    0.000000000
    0.680968280    0.000000000    0.000000000    0.000000000
    0.688146912    0.000000000    0.000000000    0.000000000
    0.695325543    0.000000000    0.000000000    0.000000000
    0.702504174    0.000000000    0.000000000    0.000000000
    0.709682805    0.000000000    0.000000000    0.000000000
    0.716861436    0.000000000    0.000000000    0.000000000
    0.724040067    0.000000000    0.000000000    0.000000000
    0.731218698    0.000000000    0.000000000    0.000000000
    0.738397329    0.000000000    0.000000000    0.000000000
    0.745575960    0.000000000    0.000000000    0.000000000
    0.752754591    0.000000000    0.000000000    0.000000000
    0.759933222    0.000000000    0.000000000    0.000000000
    0.767111853    0.000000000    0.000000000    0.000000000
    0.774290484    0.000000000    0.000000000    0.000000000
    0.781469115    0.000000000    0.000000000    0.000000000
    0.788647746    0.000000000    0.000000000    0.000000000
    0.795826377    0.000000000    0.000000000    0.000000000
    0.803005008    0.000000000    0.000000000    0.000000000
    0.810183639    0.000000000    0.000000000    0.000000000
    0.817362270    0.000000000    0.000000000    0.000000000
    0.824540902    0.000000000    0.000000000    0.000000000
    0.831719533    0.000000000    0.000000000    0.000000000
    0.838898164    0.000000000    0.000000000    0.000000000
    0.846076795    0.000000000    0.000000000    0.000000000
    0.853255426    0.000000000    0.000000000    0.000000000
    0.860434057    0.000000000    0.000000000    0.000000000
    0.867612688    0.000000000    0.000000000    0.000000000
    0.874791319    0.000000000    0.000000000    0.000000000
    0.881969950    0.000000000    0.000000000    0.000000000
    0.889148581    0.000000000    0.000000000    0.000000000
    0.896327212    0.000000000    0.000000000    0.000000000
    0.903505843    0.000000000    0.000000000    0.000000000
    0.910684474    0.000000000    0.000000000    0.000000000
    0.917863105    0.000000000    0.000000000    0.000000000
    0.925041736    0.000000000    0.000000000    0.000000000
    0.932220367    0.000000001    0.000000001    0.000000001
    0.939398998    0.000000007    0.000000008    0.000000011
    0.946577629    0.000000048    0.000000054    0.000000077
    0.953756260    0.000000291    0.000000325    0.000000466
    0.960934891    0.000001574    0.000001759    0.000002522
    0.968113523    0.000007595    0.000008486    0.000012169
    0.975292154    0.000032682    0.000036515    0.000052361
    0.982470785    0.000125410    0.000140118    0.000200924
    0.989649416    0.000429165    0.000479496    0.000687582
    0.996828047    0.001309733    0.001463333    0.002098373
    1.004006678    0.003564567    0.003982606    0.005710930
    1.011185309    0.008651606    0.009666233    0.013861070
    1.018363940    0.018726323    0.020922472    0.030002160
    1.025542571    0.036147168    0.040386361    0.057912760
    1.032721202    0.062224663    0.069522089    0.099692486
    1.039899833    0.095525505    0.106728130    0.153044870
    1.047078464    0.130783284    0.146119813    0.209531824
    1.054257095    0.159694573    0.178417233    0.255847710
    1.061435726    0.173957538    0.194334966    0.278682908
    1.068614357    0.169211719    0.188968771    0.271022372
    1.075792988    0.147515262    0.164526800    0.236081806
    1.082971619    0.116828726    0.129681186    0.186416529
    1.090150250    0.088099298    0.096204238    0.139155099
    1.097328881    0.071989430    0.075221042    0.110675495
    1.104507513    0.076745198    0.074871517    0.113229018
    1.111686144    0.106929181    0.099233367    0.153213149
    1.118864775    0.161825118    0.147219857    0.229224071
    1.126043406    0.233430596    0.211102416    0.329525306
    1.133222037    0.305994547    0.276277504    0.431560425
    1.140400668    0.359522963    0.324468100    0.506929757
    1.147579299    0.377210414    0.340392497    0.531834775
    1.154757930    0.353068134    0.318597189    0.497787746
    1.161936561    0.294740007    0.265961714    0.415549564
    1.169115192    0.219429968    0.198004512    0.309370696
    1.176293823    0.145687184    0.131462008    0.205401897
    1.183472454    0.086260762    0.077838085    0.121617579
    1.190651085    0.045548201    0.041100780    0.064217631
    1.197829716    0.021448406    0.019354139    0.030239742
    1.205008347    0.009007093    0.008127621    0.012698946
    1.212186978    0.003373184    0.003043820    0.004755795
    1.219365609    0.001126578    0.001016577    0.001588343
    1.226544240    0.000335543    0.000302780    0.000473077
    1.233722871    0.000089125    0.000080423    0.000125656
    1.240901503    0.000021112    0.000019050    0.000029765
    1.248080134    0.000004460    0.000004024    0.000006288
    1.255258765    0.000000840    0.000000758    0.000001185
    1.262437396    0.000000141    0.000000127    0.000000199
    1.269616027    0.000000021    0.000000019    0.000000030
    1.276794658    0.000000003    0.000000003    0.000000004
    1.283973289    0.000000000    0.000000000    0.000000000
    1.291151920    0.000000000    0.000000000    0.000000000
    1.298330551    0.000000000    0.000000000    0.000000000
    1.305509182    0.000000000    0.000000000    0.000000000
    1.312687813    0.000000000    0.000000000    0.000000000
    1.319866444    0.000000000    0.000000000    0.000000000
    1.327045075    0.000000000    0.000000000    0.000000000
    1.334223706    0.000000000    0.000000000    0.000000000
    1.341402337    0.000000000    0.000000000    0.000000000
    1.348580968    0.000000000    0.000000000    0.000000000
    1.355759599    0.000000000    0.000000000    0.000000000
    1.362938230    0.000000000    0.000000000    0.000000000
    1.370116861    0.000000000    0.000000000    0.000000000
    1.377295492    0.000000000    0.000000000    0.000000000
    1.384474124    0.000000000    0.000000000    0.000000000
    1.391652755    0.000000000    0.000000000    0.000000000
    1.398831386    0.000000002    0.000000002    0.000000001
    1.406010017    0.000000012    0.000000014    0.000000004
    1.413188648    0.000000080    0.000000091    0.000000026
    1.420367279    0.000000469    0.000000537    0.000000152
    1.427545910    0.000002452    0.000002812    0.000000801
    1.434724541    0.000011431    0.000013135    0.000003761
    1.441903172    0.000047535    0.000054731    0.000015750
    1.449081803    0.000176299    0.000203420    0.000058844
    1.456260434    0.000583189    0.000674424    0.000196168
    1.463439065    0.001720661    0.001994586    0.000583506
    1.470617696    0.004528053    0.005262112    0.001548701
    1.477796327    0.010628261    0.012384020    0.003667793
    1.484974958    0.022251173    0.025999479    0.007751159
    1.492153589    0.041552061    0.048694243    0.014617170
    1.499332220    0.069214879    0.081360242    0.024598360
    1.506510851    0.102853376    0.121279877    0.036941123
    1.513689482    0.136386749    0.161306370    0.049511050
    1.520868114    0.161513492    0.191475672    0.059231413
    1.528046745    0.171214323    0.202994825    0.063282816
    1.535225376    0.163573649    0.192592939    0.060493808
    1.542404007    0.143594857    0.164461196    0.052099513
    1.549582638    0.121864295    0.128436575    0.041475522
    1.556761269    0.110944691    0.095635287    0.033250483
    1.563939900    0.121488545    0.074257194    0.032627934
    1.571118531    0.159528731    0.067711787    0.045378227
    1.578297162    0.225124078    0.075433078    0.078090402
    1.585475793    0.311848662    0.095244368    0.137628810
    1.592654424    0.406964659    0.125547454    0.228882878
    1.599833055    0.492901546    0.165817373    0.350894143
    1.607011686    0.550860036    0.214829724    0.492884291
    1.614190317    0.566321842    0.267701732    0.632843463
    1.621368948    0.534433576    0.314333238    0.741205322
    1.628547579    0.462263720    0.341595727    0.789993354
    1.635726210    0.366208455    0.339019974    0.764166206
    1.642904841    0.265756454    0.304571834    0.669126905
    1.650083472    0.177036369    0.246386317    0.529428251
    1.657262104    0.109279716    0.179110228    0.378886238
    1.664440735    0.065088847    0.117428045    0.247845340
    1.671619366    0.043191278    0.070950202    0.154563654
    1.678797997    0.041518764    0.042878249    0.103805774
    1.685976628    0.058873183    0.031794672    0.090564474
    1.693155259    0.094431047    0.034230445    0.104692176
    1.700333890    0.145483279    0.046159188    0.133885207
    1.707512521    0.204930485    0.063163822    0.165316732
    1.714691152    0.260670711    0.080235401    0.187431370
    1.721869783    0.298345152    0.092257483    0.192429300
    1.729048414    0.306783558    0.095387290    0.178347262
    1.736227045    0.283199266    0.088548406    0.149207911
    1.743405676    0.234780760    0.073948457    0.112854583
    1.750584307    0.175591217    0.056203039    0.077681267
    1.757762938    0.120914262    0.040687833    0.050110703
    1.764941569    0.082600886    0.032193748    0.033961694
    1.772120200    0.067478820    0.034425138    0.031471942
    1.779298831    0.078068718    0.049904808    0.044675487
    1.786477462    0.113293780    0.079399032    0.075627387
    1.793656093    0.167772253    0.120565173    0.124710651
    1.800834725    0.230625347    0.166732674    0.187723932
    1.808013356    0.286259126    0.207428773    0.253931153
    1.815191987    0.318637412    0.231508632    0.307521631
    1.822370618    0.317637349    0.231803085    0.333082452
    1.829549249    0.283707685    0.208640692    0.322554996
    1.836727880    0.227639195    0.170003285    0.279318775
    1.843906511    0.165563555    0.128292590    0.216559283
    1.851085142    0.112441246    0.095800115    0.150993088
    1.858263773    0.077638074    0.081200759    0.096007001
    1.865442404    0.063904724    0.087902277    0.057935990
    1.872621035    0.068633524    0.113662822    0.036392316
    1.879799666    0.085687430    0.150902822    0.027013671
    1.886978297    0.107157572    0.188108509    0.024439707
    1.894156928    0.125387169    0.213011156    0.024286714
    1.901335559    0.135313788    0.217004601    0.023968938
    1.908514190    0.136139652    0.198635075    0.022669261
    1.915692821    0.131045456    0.163893441    0.020784082
    1.922871452    0.124862897    0.123008922    0.019167677
    1.930050083    0.121342636    0.085852937    0.018548923
    1.937228715    0.122115560    0.058752719    0.019396785
    1.944407346    0.127937500    0.044019745    0.022187740
    1.951585977    0.140572487    0.041340764    0.027671911
    1.958764608    0.162830307    0.049186912    0.036662859
    1.965943239    0.195847122    0.065090857    0.049241998
    1.973121870    0.235520909    0.085131244    0.063869117
    1.980300501    0.271564383    0.103919614    0.077231637
    1.987479132    0.291187266    0.116048031    0.085329777
    1.994657763    0.285794844    0.118618286    0.085393456
    2.001836394    0.256300984    0.113259345    0.077463289
    2.009015025    0.213265790    0.106014256    0.064563336
    2.016193656    0.171671659    0.104723374    0.051339152
    2.023372287    0.143713454    0.115113458    0.042038529
    2.030550918    0.133824909    0.137658536    0.038981453
    2.037729549    0.138252662    0.166980645    0.042151971
    2.044908180    0.148721874    0.194300622    0.049827675
    2.052086811    0.157810512    0.211776997    0.059749629
    2.059265442    0.163111830    0.216348443    0.070264090
    2.066444073    0.168023152    0.210832012    0.080934961
    2.073622705    0.178760298    0.201677297    0.092283004
    2.080801336    0.199301127    0.194888318    0.104691805
    2.087979967    0.227339320    0.192700819    0.117117528
    2.095158598    0.254002891    0.192932514    0.126627612
    2.102337229    0.267913046    0.191061992    0.129425095
    2.109515860    0.261290085    0.183357920    0.122916381
    2.116694491    0.234315309    0.168962055    0.107429651
    2.123873122    0.195195617    0.149946939    0.086357242
    2.131051753    0.156469647    0.130003443    0.064723978
    2.138230384    0.130434201    0.113148038    0.047335876
    2.145409015    0.126324955    0.103241410    0.037715985
    2.152587646    0.149719599    0.104070760    0.038112806
    2.159766277    0.202735736    0.119312918    0.049946737
    2.166944908    0.283451994    0.151928069    0.073883989
    2.174123539    0.384365796    0.202854728    0.109260682
    2.181302170    0.491338976    0.269152992    0.153334100
    2.188480801    0.585072200    0.342383898    0.201344268
    2.195659432    0.646052987    0.408875523    0.248258123
    2.202838063    0.661589579    0.453379868    0.292054448
    2.210016694    0.631467469    0.465489796    0.336684957
    2.217195326    0.568632138    0.445257051    0.391643551
    2.224373957    0.493717733    0.403744031    0.466228834
    2.231552588    0.426005746    0.357403271    0.560588010
    2.238731219    0.375989879    0.319954723    0.659836153
    2.245909850    0.343969901    0.297379872    0.737451769
    2.253088481    0.325058945    0.288769976    0.768007314
    2.260267112    0.316419128    0.290770971    0.741412941
    2.267445743    0.320984339    0.300930342    0.668577123
    2.274624374    0.344745155    0.317297030    0.574560769
    2.281803005    0.389738415    0.335737587    0.484652688
    2.288981636    0.448329012    0.348617255    0.413128999
    2.296160267    0.503664941    0.347037832    0.360885588
    2.303338898    0.536886523    0.325459099    0.320984967
    2.310517529    0.536803019    0.285368384    0.286542426
    2.317696160    0.505749690    0.235338267    0.255615791
    2.324874791    0.457796722    0.187428157    0.231066066
    2.332053422    0.410792568    0.152225185    0.216823624
    2.339232053    0.377876600    0.135316647    0.213795093
    2.346410684    0.363773090    0.136689152    0.218279903
    2.353589316    0.366814633    0.152639860    0.223750915
    2.360767947    0.383212070    0.178509281    0.224520204
    2.367946578    0.409378025    0.210501140    0.218702450
    2.375125209    0.441148805    0.245826245    0.208675892
    2.382303840    0.472105524    0.281616174    0.199124005
    2.389482471    0.493716742    0.313742506    0.194187105
    2.396661102    0.497852976    0.336627630    0.195413609
    2.403839733    0.480013631    0.344565403    0.201430705
    2.411018364    0.441325588    0.334199284    0.209309760
    2.418196995    0.388544252    0.306864909    0.216804416
    2.425375626    0.332300138    0.269114913    0.224073563
    2.432554257    0.284080985    0.230575048    0.233559979
    2.439732888    0.252579436    0.200039392    0.247786374
    2.446911519    0.240559229    0.182007125    0.266527241
    2.454090150    0.243754789    0.175545666    0.285796933
    2.461268781    0.252698381    0.175764628    0.300285633
    2.468447412    0.256840037    0.176685525    0.308595686
    2.475626043    0.248951730    0.173888070    0.318422349
    2.482804674    0.227649112    0.165885750    0.348087243
    2.489983306    0.197040311    0.154022770    0.421876843
    2.497161937    0.164173412    0.141320424    0.559158733
    2.504340568    0.136033607    0.131076944    0.760995339
    2.511519199    0.117785753    0.126107224    1.001754308
    2.518697830    0.112919392    0.129085372    1.233607080
    2.525876461    0.124563535    0.143507132    1.405528001
    2.533055092    0.156337339    0.173928268    1.487835068
    2.540233723    0.211400405    0.224301124    1.487477435
    2.547412354    0.289891395    0.294728717    1.445201546
    2.554590985    0.386648056    0.378779598    1.418722253
    2.561769616    0.491378655    0.463908642    1.463094596
    2.568948247    0.591661785    0.535647100    1.614743204
    2.576126878    0.676780045    0.583339330    1.878273444
    2.583305509    0.740034257    0.603974380    2.217554261
    2.590484140    0.779512198    0.602456256    2.561929686
    2.597662771    0.799470651    0.589656932    2.837733845
    2.604841402    0.813073930    0.580437456    3.015195222
    2.612020033    0.842998153    0.591611733    3.136962046
    2.619198664    0.914760184    0.637685811    3.295578108
    2.626377295    1.042535466    0.723733903    3.562969099
    2.633555927    1.215451845    0.839224785    3.919223164
    2.640734558    1.395557638    0.958887307    4.239148622
    2.647913189    1.532073383    1.052925218    4.356548808
    2.655091820    1.584706732    1.101452122    4.166114351
    2.662270451    1.541892248    1.103870163    3.692101048
    2.669449082    1.423720530    1.077336603    3.078165688
    2.676627713    1.270070890    1.046325971    2.510828661
    2.683806344    1.122761608    1.030502626    2.130749943
    2.690984975    1.011124961    1.037131463    1.983539526
    2.698163606    0.945725840    1.059854572    2.028769805
    2.705342237    0.920206532    1.082494920    2.193146513
    2.712520868    0.918647436    1.085902767    2.437860743
    2.719699499    0.924557890    1.055798755    2.808887031
    2.726878130    0.927350243    0.988832910    3.446808241
    2.734056761    0.923871429    0.893962629    4.546720694
    2.741235392    0.915889667    0.788311620    6.274146396
    2.748414023    0.906699258    0.689930259    8.655912702
    2.755592654    0.899235532    0.611535205   11.480883647
    2.762771285    0.895652643    0.557993317   14.267966625
    2.769949917    0.897154662    0.527547252   16.365636749
    2.777128548    0.903715107    0.514963477   17.198362361
    2.784307179    0.914269073    0.514707251   16.571780722
    2.791485810    0.927640789    0.523021050   14.867609894
    2.798664441    0.943736563    0.538475549   12.989039640
    2.805843072    0.964507179    0.561092351   12.049403180
    2.813021703    0.994337574    0.590695599   12.927398520
    2.820200334    1.039063768    0.625522074   15.862709020
    2.827378965    1.102753664    0.661958741   20.254526601
    2.834557596    1.183233863    0.695716885   24.786699932
    2.841736227    1.269954958    0.724219999   27.902225870
    2.848914858    1.347608926    0.749468486   28.458267604
    2.856093489    1.404550202    0.779857838   26.222074576
    2.863272120    1.440266265    0.828903875   21.910085631
    2.870450751    1.466231373    0.909981124   16.760619591
    2.877629382    1.499952176    1.029294540   11.939516003
    2.884808013    1.557312608    1.181858124    8.140393499
    2.891986644    1.647937607    1.353734607    5.531536240
    2.899165275    1.773259328    1.528227254    3.941379135
    2.906343907    1.923949943    1.689511153    3.078180219
    2.913522538    2.076746021    1.820092360    2.660613842
    2.920701169    2.196380410    1.896780767    2.460220673
    2.927879800    2.247738628    1.894098132    2.310798041
    2.935058431    2.214241711    1.797510932    2.117924926
    2.942237062    2.109848309    1.617280805    1.863091826
    2.949415693    1.974773276    1.390192805    1.586846837
    2.956594324    1.857868002    1.166021769    1.352705666
    2.963772955    1.798460555    0.988674605    1.210848155
    2.970951586    1.817572577    0.885230646    1.179358579
    2.978130217    1.917897587    0.867478961    1.245773686
    2.985308848    2.086304831    0.939665343    1.379230981
    2.992487479    2.296119013    1.102593719    1.542544513
    2.999666110    2.511510754    1.349152307    1.699979416
    3.006844741    2.695725976    1.654800554    1.821804183
    3.014023372    2.820759473    1.972852772    1.887550578
    3.021202003    2.874689518    2.243928674    1.888562943
    3.028380634    2.864792885    2.419848017    1.829270783
    3.035559265    2.815637482    2.489392874    1.726115133
    3.042737896    2.761325400    2.487951533    1.603753477
    3.049916528    2.734226851    2.482790589    1.490725916
    3.057095159    2.758730157    2.544535585    1.419126192
    3.064273790    2.859129368    2.726606380    1.430684889
    3.071452421    3.078590967    3.065776039    1.583928771
    3.078631052    3.488026309    3.594048322    1.949548657
    3.085809683    4.159166856    4.335415577    2.583262686
    3.092988314    5.099532992    5.270725943    3.481968265
    3.100166945    6.187861995    6.288971328    4.551695495
    3.107345576    7.171272049    7.174694626    5.624289911
    3.114524207    7.757571823    7.671909677    6.537014887
    3.121702838    7.766589151    7.609346535    7.245033331
    3.128881469    7.248338437    7.013080962    7.907049737
    3.136060100    6.486588810    6.126535883    8.894672368
    3.143238731    5.879049150    5.315035350   10.708139833
    3.150417362    5.760387783    4.905784942   13.799823416
    3.157595993    6.259613458    5.049392391   18.321630473
    3.164774624    7.257752626    5.671337493   23.871986283
    3.171953255    8.463056670    6.532915637   29.412675328
    3.179131886    9.567219932    7.366878669   33.532204940
    3.186310518   10.399747356    8.013143132   35.039226881
    3.193489149   10.988222352    8.477014382   33.573586189
    3.200667780   11.486699243    8.879916827   29.809404260
    3.207846411   12.028368184    9.347166220   25.071471982
    3.215025042   12.616412023    9.921578780   20.618785714
    3.222203673   13.132709317   10.564131473   17.084047284
    3.229382304   13.445061849   11.223599109   14.395343225
    3.236560935   13.518282951   11.895903804   12.119409543
    3.243739566   13.446321261   12.608002672    9.897687545
    3.250918197   13.402224597   13.340805273    7.676080439
    3.258096828   13.571391184   13.977461150    5.657638871
    3.265275459   14.128392874   14.352858288    4.109949759
    3.272454090   15.248974850   14.385736650    3.199933423
    3.279632721   17.091139484   14.182428672    2.938005509
    3.286811352   19.701717435   14.008204450    3.207787396
    3.293989983   22.898789291   14.134222481    3.819730140
    3.301168614   26.253711754   14.682343504    4.554834904
    3.308347245   29.253904720   15.593723777    5.203836286
    3.315525876   31.572682964   16.731257336    5.613982743
    3.322704508   33.235361391   17.998498108    5.731554042
    3.329883139   34.508264279   19.344209375    5.609209880
    3.337061770   35.565906437   20.644420293    5.362280472
    3.344240401   36.221018112   21.598226868    5.097688286
    3.351419032   35.988781091   21.787604798    4.863734391
    3.358597663   34.468710232   20.902911569    4.651155500
    3.365776294   31.723626478   18.963940869    4.431704846
    3.372954925   28.319591346   16.348001475    4.193399720
    3.380133556   24.989134933   13.595576078    3.945672703
    3.387312187   22.204898820   11.144862069    3.703310561
    3.394490818   20.001210436    9.182588946    3.476123606
    3.401669449   18.139297133    7.679242379    3.276579242
    3.408848080   16.425419145    6.530969178    3.131766453
    3.416026711   14.905513571    5.678703162    3.079075943
    3.423205342   13.805843721    5.129818591    3.142623042
    3.430383973   13.306881079    4.898359039    3.309434323
    3.437562604   13.350579740    4.934737387    3.528614380
    3.444741235   13.630998629    5.109539733    3.739342923
    3.451919866   13.772189959    5.267215712    3.909555981
    3.459098497   13.569154782    5.312093566    4.056628341
    3.466277129   13.134479882    5.265595498    4.233886737
    3.473455760   12.858963621    5.252797781    4.492948366
    3.480634391   13.206309051    5.423762533    4.849646621
    3.487813022   14.453611985    5.857810221    5.275344971
    3.494991653   16.517407303    6.509402058    5.712467298
    3.502170284   18.961190389    7.228403168    6.095759926
    3.509348915   21.188236988    7.844685448    6.364532344
    3.516527546   22.728945447    8.273237952    6.468140997
    3.523706177   23.483288732    8.585916667    6.376043584
    3.530884808   23.800413310    9.009939708    6.095051660
    3.538063439   24.353899387    9.844365774    5.682661723
    3.545242070   25.861202147   11.323695329    5.245147980
    3.552420701   28.759512483   13.486830873    4.922690400
    3.559599332   32.968635051   16.114546370    4.872110960
    3.566777963   37.845333977   18.775658278    5.247331031
    3.573956594   42.370024070   20.979526017    6.161223160
    3.581135225   45.512725531   22.380652413    7.618241622
    3.588313856   46.625929725   22.936266204    9.443768832
    3.595492487   45.669124471   22.915428960   11.271749835
    3.602671119   43.146736386   22.733216290   12.639005634
    3.609849750   39.822318878   22.713146052   13.163825567
    3.617028381   36.431799250   22.966179459   12.713516890
    3.624207012   33.611929445   23.514488531   11.462028746
    3.631385643   32.059383655   24.589123853    9.813639879
    3.638564274   32.685362185   26.833968902    8.254115559
    3.645742905   36.453256211   31.134780977    7.214137614
    3.652921536   43.804716834   38.031721370    6.986814917
    3.660100167   53.975540704   47.034069439    7.687215558
    3.667278798   64.757664104   56.356852638    9.227385156
    3.674457429   73.094529578   63.419309191   11.307270301
    3.681636060   76.344280279   65.946286178   13.453650944
    3.688814691   73.519847981   63.060907543   15.135908839
    3.695993322   65.771741746   55.730894080   15.940004873
    3.703171953   55.873721057   46.361130756   15.724635414
    3.710350584   47.081044778   37.841399149   14.669864307
    3.717529215   41.975149124   32.557945540   13.181700927
    3.724707846   41.715825521   31.713656805   11.701833699
    3.731886477   45.816137747   35.056773483   10.527013166
    3.739065109   52.418368237   41.027102639    9.729557070
    3.746243740   59.020422784   47.324155105    9.202549874
    3.753422371   63.463715717   51.777837780    8.779323627
    3.760601002   64.758543883   53.162217210    8.344925724
    3.767779633   63.284974252   51.509584982    7.882842741
    3.774958264   60.258286089   47.761699743    7.455728238
    3.782136895   56.856573239   43.057545967    7.157669906
    3.789315526   53.613714698   38.177577552    7.073608359
    3.796494157   50.400999853   33.444231470    7.255936545
    3.803672788   46.846550965   28.965357897    7.712433324
    3.810851419   42.796873714   24.898314604    8.405016898
    3.818030050   38.530992048   21.526671134    9.267211199
    3.825208681   34.682827882   19.168222972   10.239402593
    3.832387312   31.977515289   18.038546104   11.299822754
    3.839565943   30.910620821   18.156407238   12.461712486
    3.846744574   31.492959303   19.314569561   13.729863447
    3.853923205   33.184981042   21.119948714   15.047116231
    3.861101836   35.090501848   23.098812170   16.278592639
    3.868280467   36.336541739   24.830952647   17.260917839
    3.875459098   36.429460117   26.049718255   17.902197323
    3.882637730   35.386796048   26.665003001   18.285081420
    3.889816361   33.610312675   26.719889894   18.713311971
    3.896994992   31.637662830   26.323075035   19.652303014
    3.904173623   29.937723957   25.585970547   21.551449430
    3.911352254   28.810254295   24.571543005   24.601769314
    3.918530885   28.352700911   23.267900111   28.549944498
    3.925709516   28.457508786   21.614159014   32.703282718
    3.932888147   28.856965511   19.584198593   36.180236481
    3.940066778   29.240446454   17.279198537   38.314348926
    3.947245409   29.407570843   14.953059763   38.998306623
    3.954424040   29.362891532   12.937097749   38.754449587
    3.961602671   29.279220722   11.506843939   38.458367301
    3.968781302   29.350013541   10.772911295   38.844634954
    3.975959933   29.634958373   10.651556546   40.065009582
    3.983138564   30.004275108   10.914262496   41.560161496
    3.990317195   30.208957096   11.279006895   42.339736632
    3.997495826   30.016940575   11.504010070   41.527420030
    4.004674457   29.328837047   11.458477283   38.862148022
    4.011853088   28.225821465   11.153195327   34.870313437
    4.019031720   26.949266663   10.717411714   30.625465725
    4.026210351   25.821077543   10.322451920   27.247418115
    4.033388982   25.108780742   10.081395511   25.408707765
    4.040567613   24.872692251    9.978256892   25.076212835
    4.047746244   24.892537228    9.872849289   25.588076006
    4.054924875   24.771547492    9.584253996   26.022504682
    4.062103506   24.204584142    9.003231081   25.687655184
    4.069282137   23.246926798    8.160659509   24.489208737
    4.076460768   22.375488903    7.206221850   22.974257874
    4.083639399   22.256373266    6.313706806   22.017080753
    4.090818030   23.335275882    5.581151668   22.314170189
    4.097996661   25.500767679    4.994068130   23.964399900
    4.105175292   28.047514621    4.468188697   26.365066455
    4.112353923   30.002781296    3.928903587   28.490407706
    4.119532554   30.662069206    3.365939510   29.418432838
    4.126711185   30.027821230    2.832076752   28.826841784
    4.133889816   28.864173706    2.400368966   27.173732388
    4.141068447   28.289158328    2.117412789   25.442709779
    4.148247078   29.111889339    1.981122690   24.586518068
    4.155425710   31.301854881    1.947867808   24.989788938
    4.162604341   33.920584198    1.956705732   26.262410375
    4.169782972   35.572508851    1.954935872   27.471455317
    4.176961603   35.110969809    1.914321574   27.653787170
    4.184140234   32.184639859    1.834260385   26.297918244
    4.191318865   27.336914148    1.733766507   23.537795352
    4.198497496   21.673955434    1.637727320   20.007351309
    4.205676127   16.360883651    1.563999103   16.502506932
    4.212854758   12.229353344    1.516249897   13.658278300
    4.220033389    9.625118735    1.484167125   11.773570356
    4.227212020    8.456650184    1.449706227   10.801742830
    4.234390651    8.341735546    1.396454485   10.455368636
    4.241569282    8.777741923    1.318474235   10.360978252
    4.248747913    9.304994967    1.224878282   10.210985909
    4.255926544    9.640321381    1.137710593    9.869656591
    4.263105175    9.740526625    1.083958159    9.399181406
    4.270283806    9.758376295    1.086068153    8.994756462
    4.277462437    9.901811515    1.156233300    8.857446445
    4.284641068   10.273551346    1.296602141    9.070776045
    4.291819699   10.791833350    1.502608148    9.549893539
    4.298998331   11.239575803    1.764142212   10.089157423
    4.306176962   11.395911752    2.062164246   10.473159002
    4.313355593   11.151470073    2.364564699   10.583540425
    4.320534224   10.540338924    2.628527520   10.448757521
    4.327712855    9.698625184    2.812777564   10.223279198
    4.334891486    8.805730738    2.894477244   10.113350444
    4.342070117    8.047598995    2.880178545   10.280028944
    4.349248748    7.596528268    2.803433169   10.757444530
    4.356427379    7.581815464    2.710481695   11.425248241
    4.363606010    8.043981422    2.642321160   12.055306060
    4.370784641    8.897435262    2.622143185   12.414259937
    4.377963272    9.939533470    2.653325434   12.372146445
    4.385141903   10.923047310    2.727998120   11.967808810
    4.392320534   11.664688632    2.840676958   11.408670350
    4.399499165   12.127049712    2.997004188   11.009833285
    4.406677796   12.418087116    3.209090333   11.092139212
    4.413856427   12.703059646    3.479364920   11.867841125
    4.421035058   13.082008524    3.787330366   13.351874413
    4.428213689   13.508611924    4.094383613   15.337401518
    4.435392321   13.801245494    4.366070427   17.454772000
    4.442570952   13.743912198    4.592610844   19.296466077
    4.449749583   13.221872830    4.787663638   20.555382071
    4.456928214   12.309822184    4.965854461   21.111950329
    4.464106845   11.250592232    5.121878259   21.029999099
    4.471285476   10.330736033    5.234449577   20.474287334
    4.478464107    9.736091745    5.295024311   19.611942847
    4.485642738    9.491898962    5.336513561   18.567822881
    4.492821369    9.529355045    5.434827081   17.459502757
    4.500000000    9.818292651    5.677066038   16.471771660
