# energy grid [eV]  eels components [arbitrary units]
#
    0.200000000    0.000000000    0.000000000    0.000000000
    0.207178631    0.000000000    0.000000000    0.000000000
    0.214357262    0.000000000    0.000000000    0.000000000
    0.221535893    0.000000000    0.000000000    0.000000000
    0.228714524    0.000000000    0.000000000    0.000000000
    0.235893155    0.000000000    0.000000000    0.000000000
    0.243071786    0.000000000    0.000000000    0.000000000
    0.250250417    0.000000000    0.000000000    0.000000000
    0.257429048    0.000000000    0.000000000    0.000000000
    0.264607679    0.000000000    0.000000000    0.000000000
    0.271786311    0.000000000    0.000000000    0.000000000
    0.278964942    0.000000000    0.000000000    0.000000000
    0.286143573    0.000000000    0.000000000    0.000000000
    0.293322204    0.000000000    0.000000000    0.000000000
    0.300500835    0.000000000    0.000000000    0.000000000
    0.307679466    0.000000000    0.000000000    0.000000000
    0.314858097    0.000000000    0.000000000    0.000000000
    0.322036728    0.000000000    0.000000000    0.000000000
    0.329215359    0.000000000    0.000000000    0.000000000
    0.336393990    0.000000000    0.000000000    0.000000000
    0.343572621    0.000000000    0.000000000    0.000000000
    0.350751252    0.000000000    0.000000000    0.000000000
    0.357929883    0.000000000    0.000000000    0.000000000
    0.365108514    0.000000000    0.000000000    0.000000000
    0.372287145    0.000000000    0.000000000    0.000000000
    0.379465776    0.000000000    0.000000000    0.000000000
    0.386644407    0.000000000    0.000000000    0.000000000
    0.393823038    0.000000000    0.000000000    0.000000000
    0.401001669    0.000000000    0.000000000    0.000000000
    0.408180301    0.000000000    0.000000000    0.000000000
    0.415358932    0.000000000    0.000000000    0.000000000
    0.422537563    0.000000000    0.000000000    0.000000000
    0.429716194    0.000000000    0.000000000    0.000000000
    0.436894825    0.000000000    0.000000000    0.000000000
    0.444073456    0.000000000    0.000000000    0.000000000
    0.451252087    0.000000000    0.000000000    0.000000000
    0.458430718    0.000000000    0.000000000    0.000000000
    0.465609349    0.000000000    0.000000000    0.000000000
    0.472787980    0.000000000    0.000000000    0.000000000
    0.479966611    0.000000000    0.000000000    0.000000000
    0.487145242    0.000000000    0.000000000    0.000000000
    0.494323873    0.000000000    0.000000000    0.000000000
    0.501502504    0.000000000    0.000000000    0.000000000
    0.508681135    0.000000000    0.000000000    0.000000000
    0.515859766    0.000000000    0.000000000    0.000000000
    0.523038397    0.000000000    0.000000000    0.000000000
    0.530217028    0.000000000    0.000000000    0.000000000
    0.537395659    0.000000000    0.000000000    0.000000000
    0.544574290    0.000000000    0.000000000    0.000000000
    0.551752922    0.000000000    0.000000000    0.000000000
    0.558931553    0.000000000    0.000000000    0.000000000
    0.566110184    0.000000000    0.000000000    0.000000000
    0.573288815    0.000000000    0.000000000    0.000000000
    0.580467446    0.000000000    0.000000000    0.000000000
    0.587646077    0.000000000    0.000000000    0.000000000
    0.594824708    0.000000000    0.000000000    0.000000000
    0.602003339    0.000000000    0.000000000    0.000000000
    0.609181970    0.000000000    0.000000000    0.000000000
    0.616360601    0.000000000    0.000000000    0.000000000
    0.623539232    0.000000000    0.000000000    0.000000000
    0.630717863    0.000000000    0.000000000    0.000000000
    0.637896494    0.000000000    0.000000000    0.000000000
    0.645075125    0.000000000    0.000000000    0.000000000
    0.652253756    0.000000000    0.000000000    0.000000000
    0.659432387    0.000000000    0.000000000    0.000000000
    0.666611018    0.000000000    0.000000000    0.000000000
    0.673789649    0.000000000    0.000000000    0.000000000
    0.680968280    0.000000000    0.000000000    0.000000000
    0.688146912    0.000000000    0.000000000    0.000000000
    0.695325543    0.000000000    0.000000000    0.000000000
    0.702504174    0.000000000    0.000000000    0.000000000
    0.709682805    0.000000000    0.000000000    0.000000000
    0.716861436    0.000000000    0.000000000    0.000000000
    0.724040067    0.000000000    0.000000000    0.000000000
    0.731218698    0.000000000    0.000000000    0.000000000
    0.738397329    0.000000000    0.000000000    0.000000000
    0.745575960    0.000000000    0.000000000    0.000000000
    0.752754591    0.000000000    0.000000000    0.000000000
    0.759933222    0.000000000    0.000000000    0.000000000
    0.767111853    0.000000000    0.000000000    0.000000000
    0.774290484    0.000000000    0.000000000    0.000000000
    0.781469115    0.000000000    0.000000000    0.000000000
    0.788647746    0.000000000    0.000000000    0.000000000
    0.795826377    0.000000000    0.000000000    0.000000000
    0.803005008    0.000000000    0.000000000    0.000000000
    0.810183639    0.000000000    0.000000000    0.000000000
    0.817362270    0.000000000    0.000000000    0.000000000
    0.824540902    0.000000000    0.000000000    0.000000000
    0.831719533    0.000000000    0.000000000    0.000000000
    0.838898164    0.000000000    0.000000000    0.000000000
    0.846076795    0.000000000    0.000000000    0.000000000
    0.853255426    0.000000000    0.000000000    0.000000000
    0.860434057    0.000000000    0.000000000    0.000000000
    0.867612688    0.000000000    0.000000000    0.000000000
    0.874791319    0.000000000    0.000000000    0.000000000
    0.881969950    0.000000000    0.000000000    0.000000000
    0.889148581    0.000000000    0.000000000    0.000000000
    0.896327212    0.000000000    0.000000000    0.000000000
    0.903505843    0.000000000    0.000000000    0.000000000
    0.910684474    0.000000000    0.000000000    0.000000000
    0.917863105    0.000000000    0.000000000    0.000000000
    0.925041736    0.000000000    0.000000000    0.000000000
    0.932220367    0.000000000    0.000000000    0.000000000
    0.939398998    0.000000000    0.000000000    0.000000000
    0.946577629    0.000000000    0.000000000    0.000000000
    0.953756260    0.000000000    0.000000000    0.000000000
    0.960934891    0.000000000    0.000000000    0.000000000
    0.968113523    0.000000000    0.000000000    0.000000000
    0.975292154    0.000000000    0.000000000    0.000000000
    0.982470785    0.000000000    0.000000000    0.000000000
    0.989649416    0.000000000    0.000000000    0.000000000
    0.996828047    0.000000000    0.000000000    0.000000000
    1.004006678    0.000000000    0.000000000    0.000000000
    1.011185309    0.000000000    0.000000000    0.000000000
    1.018363940    0.000000000    0.000000000    0.000000000
    1.025542571    0.000000000    0.000000000    0.000000000
    1.032721202    0.000000000    0.000000000    0.000000000
    1.039899833    0.000000000    0.000000000    0.000000000
    1.047078464    0.000000000    0.000000000    0.000000000
    1.054257095    0.000000000    0.000000000    0.000000000
    1.061435726    0.000000000    0.000000000    0.000000000
    1.068614357    0.000000000    0.000000000    0.000000000
    1.075792988    0.000000000    0.000000000    0.000000000
    1.082971619    0.000000000    0.000000000    0.000000000
    1.090150250    0.000000000    0.000000000    0.000000000
    1.097328881    0.000000000    0.000000000    0.000000000
    1.104507513    0.000000000    0.000000000    0.000000000
    1.111686144    0.000000000    0.000000000    0.000000000
    1.118864775    0.000000000    0.000000000    0.000000000
    1.126043406    0.000000000    0.000000000    0.000000000
    1.133222037    0.000000000    0.000000000    0.000000000
    1.140400668    0.000000000    0.000000000    0.000000000
    1.147579299    0.000000000    0.000000000    0.000000000
    1.154757930    0.000000000    0.000000000    0.000000000
    1.161936561    0.000000000    0.000000000    0.000000000
    1.169115192    0.000000000    0.000000000    0.000000000
    1.176293823    0.000000000    0.000000000    0.000000000
    1.183472454    0.000000000    0.000000000    0.000000000
    1.190651085    0.000000000    0.000000000    0.000000000
    1.197829716    0.000000000    0.000000000    0.000000000
    1.205008347    0.000000000    0.000000000    0.000000000
    1.212186978    0.000000000    0.000000000    0.000000000
    1.219365609    0.000000000    0.000000000    0.000000000
    1.226544240    0.000000000    0.000000000    0.000000000
    1.233722871    0.000000000    0.000000000    0.000000000
    1.240901503    0.000000000    0.000000000    0.000000000
    1.248080134    0.000000000    0.000000000    0.000000000
    1.255258765    0.000000000    0.000000000    0.000000000
    1.262437396    0.000000000    0.000000000    0.000000000
    1.269616027    0.000000000    0.000000000    0.000000000
    1.276794658    0.000000000    0.000000000    0.000000000
    1.283973289    0.000000000    0.000000000    0.000000000
    1.291151920    0.000000000    0.000000000    0.000000000
    1.298330551    0.000000000    0.000000000    0.000000000
    1.305509182    0.000000000    0.000000000    0.000000000
    1.312687813    0.000000000    0.000000000    0.000000000
    1.319866444    0.000000000    0.000000000    0.000000000
    1.327045075    0.000000000    0.000000000    0.000000000
    1.334223706    0.000000000    0.000000000    0.000000000
    1.341402337    0.000000000    0.000000000    0.000000000
    1.348580968    0.000000000    0.000000000    0.000000000
    1.355759599    0.000000000    0.000000000    0.000000000
    1.362938230    0.000000000    0.000000000    0.000000000
    1.370116861    0.000000000    0.000000000    0.000000000
    1.377295492    0.000000000    0.000000000    0.000000000
    1.384474124    0.000000000    0.000000000    0.000000000
    1.391652755    0.000000000    0.000000000    0.000000000
    1.398831386    0.000000000    0.000000000    0.000000000
    1.406010017    0.000000000    0.000000000    0.000000000
    1.413188648    0.000000000    0.000000000    0.000000000
    1.420367279    0.000000000    0.000000000    0.000000000
    1.427545910    0.000000000    0.000000000    0.000000000
    1.434724541    0.000000000    0.000000000    0.000000000
    1.441903172    0.000000000    0.000000000    0.000000000
    1.449081803    0.000000000    0.000000000    0.000000000
    1.456260434    0.000000000    0.000000000    0.000000000
    1.463439065    0.000000000    0.000000000    0.000000000
    1.470617696    0.000000000    0.000000000    0.000000000
    1.477796327    0.000000000    0.000000000    0.000000000
    1.484974958    0.000000000    0.000000000    0.000000000
    1.492153589    0.000000000    0.000000000    0.000000000
    1.499332220    0.000000000    0.000000000    0.000000000
    1.506510851    0.000000000    0.000000000    0.000000000
    1.513689482    0.000000000    0.000000000    0.000000000
    1.520868114    0.000000000    0.000000000    0.000000000
    1.528046745    0.000000000    0.000000000    0.000000000
    1.535225376    0.000000000    0.000000000    0.000000000
    1.542404007    0.000000000    0.000000000    0.000000000
    1.549582638    0.000000000    0.000000000    0.000000000
    1.556761269    0.000000000    0.000000000    0.000000000
    1.563939900    0.000000000    0.000000000    0.000000000
    1.571118531    0.000000000    0.000000000    0.000000000
    1.578297162    0.000000000    0.000000000    0.000000000
    1.585475793    0.000000000    0.000000000    0.000000000
    1.592654424    0.000000000    0.000000000    0.000000000
    1.599833055    0.000000000    0.000000000    0.000000000
    1.607011686    0.000000000    0.000000000    0.000000000
    1.614190317    0.000000000    0.000000000    0.000000000
    1.621368948    0.000000000    0.000000000    0.000000000
    1.628547579    0.000000000    0.000000000    0.000000000
    1.635726210    0.000000000    0.000000000    0.000000000
    1.642904841    0.000000000    0.000000000    0.000000000
    1.650083472    0.000000000    0.000000000    0.000000000
    1.657262104    0.000000000    0.000000000    0.000000000
    1.664440735    0.000000000    0.000000000    0.000000000
    1.671619366    0.000000000    0.000000000    0.000000000
    1.678797997    0.000000000    0.000000000    0.000000000
    1.685976628    0.000000000    0.000000000    0.000000000
    1.693155259    0.000000000    0.000000000    0.000000000
    1.700333890    0.000000000    0.000000000    0.000000000
    1.707512521    0.000000000    0.000000000    0.000000000
    1.714691152    0.000000000    0.000000000    0.000000000
    1.721869783    0.000000000    0.000000000    0.000000000
    1.729048414    0.000000000    0.000000000    0.000000001
    1.736227045    0.000000000    0.000000000    0.000000001
    1.743405676    0.000000000    0.000000000    0.000000001
    1.750584307    0.000000001    0.000000000    0.000000001
    1.757762938    0.000000000    0.000000000    0.000000001
    1.764941569    0.000000000    0.000000000    0.000000001
    1.772120200    0.000000000    0.000000000    0.000000000
    1.779298831    0.000000000    0.000000000    0.000000000
    1.786477462    0.000000000    0.000000000    0.000000000
    1.793656093    0.000000000    0.000000000    0.000000000
    1.800834725    0.000000000    0.000000000    0.000000000
    1.808013356    0.000000000    0.000000001    0.000000000
    1.815191987    0.000000000    0.000000001    0.000000000
    1.822370618    0.000000000    0.000000001    0.000000000
    1.829549249    0.000000000    0.000000001    0.000000000
    1.836727880    0.000000000    0.000000001    0.000000000
    1.843906511    0.000000000    0.000000001    0.000000000
    1.851085142    0.000000000    0.000000000    0.000000000
    1.858263773    0.000000000    0.000000000    0.000000000
    1.865442404    0.000000000    0.000000000    0.000000000
    1.872621035    0.000000000    0.000000000    0.000000000
    1.879799666    0.000000000    0.000000000    0.000000000
    1.886978297    0.000000000    0.000000000    0.000000000
    1.894156928    0.000000000    0.000000000    0.000000000
    1.901335559    0.000000000    0.000000000    0.000000000
    1.908514190    0.000000000    0.000000000    0.000000000
    1.915692821    0.000000000    0.000000000    0.000000000
    1.922871452    0.000000000    0.000000000    0.000000000
    1.930050083    0.000000000    0.000000000    0.000000001
    1.937228715    0.000000000    0.000000000    0.000000001
    1.944407346    0.000000000    0.000000000    0.000000001
    1.951585977    0.000000000    0.000000000    0.000000001
    1.958764608    0.000000000    0.000000000    0.000000001
    1.965943239    0.000000000    0.000000000    0.000000000
    1.973121870    0.000000000    0.000000000    0.000000000
    1.980300501    0.000000000    0.000000000    0.000000000
    1.987479132    0.000000000    0.000000001    0.000000000
    1.994657763    0.000000000    0.000000001    0.000000000
    2.001836394    0.000000000    0.000000001    0.000000000
    2.009015025    0.000000000    0.000000001    0.000000000
    2.016193656    0.000000000    0.000000001    0.000000000
    2.023372287    0.000000000    0.000000001    0.000000000
    2.030550918    0.000000000    0.000000001    0.000000000
    2.037729549    0.000000000    0.000000001    0.000000000
    2.044908180    0.000000000    0.000000001    0.000000000
    2.052086811    0.000000000    0.000000001    0.000000000
    2.059265442    0.000000000    0.000000001    0.000000000
    2.066444073    0.000000000    0.000000001    0.000000000
    2.073622705    0.000000000    0.000000001    0.000000000
    2.080801336    0.000000000    0.000000001    0.000000000
    2.087979967    0.000000000    0.000000001    0.000000000
    2.095158598    0.000000000    0.000000001    0.000000000
    2.102337229    0.000000000    0.000000000    0.000000000
    2.109515860    0.000000000    0.000000000    0.000000000
    2.116694491    0.000000000    0.000000000    0.000000001
    2.123873122    0.000000000    0.000000000    0.000000001
    2.131051753    0.000000000    0.000000000    0.000000001
    2.138230384    0.000000000    0.000000000    0.000000001
    2.145409015    0.000000000    0.000000001    0.000000001
    2.152587646    0.000000001    0.000000001    0.000000000
    2.159766277    0.000000001    0.000000001    0.000000000
    2.166944908    0.000000001    0.000000001    0.000000000
    2.174123539    0.000000001    0.000000001    0.000000000
    2.181302170    0.000000001    0.000000001    0.000000000
    2.188480801    0.000000000    0.000000000    0.000000000
    2.195659432    0.000000000    0.000000000    0.000000000
    2.202838063    0.000000000    0.000000000    0.000000000
    2.210016694    0.000000000    0.000000000    0.000000000
    2.217195326    0.000000000    0.000000000    0.000000000
    2.224373957    0.000000000    0.000000000    0.000000000
    2.231552588    0.000000000    0.000000001    0.000000001
    2.238731219    0.000000001    0.000000001    0.000000001
    2.245909850    0.000000001    0.000000001    0.000000001
    2.253088481    0.000000001    0.000000001    0.000000001
    2.260267112    0.000000001    0.000000002    0.000000001
    2.267445743    0.000000001    0.000000002    0.000000002
    2.274624374    0.000000001    0.000000002    0.000000002
    2.281803005    0.000000001    0.000000002    0.000000001
    2.288981636    0.000000001    0.000000002    0.000000001
    2.296160267    0.000000002    0.000000002    0.000000001
    2.303338898    0.000000002    0.000000002    0.000000001
    2.310517529    0.000000003    0.000000002    0.000000001
    2.317696160    0.000000004    0.000000002    0.000000001
    2.324874791    0.000000005    0.000000002    0.000000001
    2.332053422    0.000000005    0.000000002    0.000000001
    2.339232053    0.000000006    0.000000001    0.000000001
    2.346410684    0.000000005    0.000000001    0.000000000
    2.353589316    0.000000004    0.000000001    0.000000000
    2.360767947    0.000000003    0.000000001    0.000000000
    2.367946578    0.000000003    0.000000001    0.000000001
    2.375125209    0.000000003    0.000000001    0.000000001
    2.382303840    0.000000004    0.000000002    0.000000001
    2.389482471    0.000000005    0.000000002    0.000000002
    2.396661102    0.000000006    0.000000003    0.000000002
    2.403839733    0.000000007    0.000000003    0.000000002
    2.411018364    0.000000007    0.000000003    0.000000002
    2.418196995    0.000000007    0.000000003    0.000000002
    2.425375626    0.000000006    0.000000002    0.000000002
    2.432554257    0.000000005    0.000000002    0.000000002
    2.439732888    0.000000004    0.000000002    0.000000002
    2.446911519    0.000000003    0.000000001    0.000000002
    2.454090150    0.000000003    0.000000002    0.000000002
    2.461268781    0.000000002    0.000000002    0.000000002
    2.468447412    0.000000002    0.000000002    0.000000003
    2.475626043    0.000000001    0.000000003    0.000000003
    2.482804674    0.000000001    0.000000004    0.000000004
    2.489983306    0.000000001    0.000000005    0.000000004
    2.497161937    0.000000001    0.000000005    0.000000004
    2.504340568    0.000000001    0.000000006    0.000000005
    2.511519199    0.000000002    0.000000006    0.000000004
    2.518697830    0.000000002    0.000000005    0.000000004
    2.525876461    0.000000002    0.000000005    0.000000003
    2.533055092    0.000000003    0.000000004    0.000000003
    2.540233723    0.000000003    0.000000003    0.000000002
    2.547412354    0.000000004    0.000000002    0.000000002
    2.554590985    0.000000005    0.000000002    0.000000001
    2.561769616    0.000000005    0.000000001    0.000000001
    2.568948247    0.000000007    0.000000001    0.000000001
    2.576126878    0.000000009    0.000000001    0.000000001
    2.583305509    0.000000012    0.000000001    0.000000001
    2.590484140    0.000000015    0.000000001    0.000000001
    2.597662771    0.000000019    0.000000002    0.000000001
    2.604841402    0.000000021    0.000000001    0.000000000
    2.612020033    0.000000022    0.000000001    0.000000000
    2.619198664    0.000000021    0.000000001    0.000000000
    2.626377295    0.000000019    0.000000001    0.000000000
    2.633555927    0.000000015    0.000000000    0.000000000
    2.640734558    0.000000012    0.000000000    0.000000000
    2.647913189    0.000000010    0.000000000    0.000000001
    2.655091820    0.000000009    0.000000000    0.000000001
    2.662270451    0.000000010    0.000000000    0.000000001
    2.669449082    0.000000012    0.000000000    0.000000001
    2.676627713    0.000000015    0.000000000    0.000000001
    2.683806344    0.000000018    0.000000000    0.000000001
    2.690984975    0.000000020    0.000000000    0.000000001
    2.698163606    0.000000021    0.000000000    0.000000001
    2.705342237    0.000000021    0.000000000    0.000000000
    2.712520868    0.000000019    0.000000000    0.000000000
    2.719699499    0.000000016    0.000000000    0.000000000
    2.726878130    0.000000013    0.000000002    0.000000000
    2.734056761    0.000000011    0.000000015    0.000000001
    2.741235392    0.000000010    0.000000080    0.000000003
    2.748414023    0.000000017    0.000000385    0.000000012
    2.755592654    0.000000048    0.000001645    0.000000054
    2.762771285    0.000000178    0.000006225    0.000000214
    2.769949917    0.000000635    0.000020847    0.000000748
    2.777128548    0.000002065    0.000061695    0.000002331
    2.784307179    0.000006012    0.000161079    0.000006454
    2.791485810    0.000015624    0.000370106    0.000015884
    2.798664441    0.000036220    0.000745155    0.000034734
    2.805843072    0.000074880    0.001304384    0.000067445
    2.813021703    0.000138051    0.001964161    0.000116241
    2.820200334    0.000226973    0.002536515    0.000177794
    2.827378965    0.000332831    0.002888889    0.000241667
    2.834557596    0.000435514    0.003187844    0.000293894
    2.841736227    0.000509334    0.004288698    0.000326955
    2.848914858    0.000534381    0.008584179    0.000347804
    2.856093489    0.000507340    0.012038985    0.000376740
    2.863272120    0.000448747    0.013828533    0.000467945
    2.870450751    0.000399343    0.017370773    0.000698822
    2.877629382    0.000406615    0.018323060    0.001118938
    2.884808013    0.000508953    0.013940256    0.001691991
    2.891986644    0.000719692    0.009835574    0.002265644
    2.899165275    0.001014760    0.007631110    0.002667493
    2.906343907    0.001331726    0.007058163    0.002923146
    2.913522538    0.001588700    0.009169244    0.003521714
    2.920701169    0.001718065    0.009835061    0.006174474
    2.927879800    0.001690924    0.006671629    0.010605896
    2.935058431    0.001540467    0.006275809    0.011750345
    2.942237062    0.001356300    0.006860438    0.012422029
    2.949415693    0.001226292    0.007398504    0.011495432
    2.956594324    0.001189780    0.007222218    0.009444534
    2.963772955    0.001223533    0.006170695    0.008248239
    2.970951586    0.001262816    0.004694981    0.009605778
    2.978130217    0.001240315    0.003376829    0.010349553
    2.985308848    0.001117292    0.002578361    0.006881118
    2.992487479    0.000906611    0.002244112    0.006289507
    2.999666110    0.000658944    0.002148313    0.006822726
    3.006844741    0.000428048    0.002131235    0.007364366
    3.014023372    0.000248254    0.002137001    0.007197448
    3.021202003    0.000128495    0.002225105    0.006072469
    3.028380634    0.000059363    0.002695118    0.004407667
    3.035559265    0.000024509    0.005847816    0.002812868
    3.042737896    0.000009088    0.065644457    0.001616912
    3.049916528    0.000003088    0.000448081    0.000854843
    3.057095159    0.000001038    0.000042436    0.000425446
    3.064273790    0.000000431    0.000006169    0.000206678
    3.071452421    0.000000285    0.000001191    0.000105466
    3.078631052    0.000000270    0.000000387    0.000069484
    3.085809683    0.000000288    0.000000259    0.000158807
    3.092988314    0.000000310    0.000000255    0.000096739
    3.100166945    0.000000327    0.000000271    0.000010054
    3.107345576    0.000000334    0.000000278    0.000003907
    3.114524207    0.000000329    0.000000271    0.000001998
    3.121702838    0.000000315    0.000000250    0.000001093
    3.128881469    0.000000296    0.000000225    0.000000601
    3.136060100    0.000000273    0.000000206    0.000000328
    3.143238731    0.000000249    0.000000202    0.000000187
    3.150417362    0.000000224    0.000000214    0.000000124
    3.157595993    0.000000197    0.000000234    0.000000107
    3.164774624    0.000000170    0.000000252    0.000000113
    3.171953255    0.000000144    0.000000255    0.000000128
    3.179131886    0.000000119    0.000000238    0.000000143
    3.186310518    0.000000096    0.000000203    0.000000154
    3.193489149    0.000000075    0.000000159    0.000000160
    3.200667780    0.000000057    0.000000115    0.000000161
    3.207846411    0.000000042    0.000000078    0.000000161
    3.215025042    0.000000031    0.000000053    0.000000161
    3.222203673    0.000000025    0.000000038    0.000000162
    3.229382304    0.000000023    0.000000032    0.000000161
    3.236560935    0.000000025    0.000000032    0.000000157
    3.243739566    0.000000030    0.000000035    0.000000147
    3.250918197    0.000000037    0.000000040    0.000000131
    3.258096828    0.000000045    0.000000045    0.000000110
    3.265275459    0.000000054    0.000000047    0.000000087
    3.272454090    0.000000063    0.000000046    0.000000064
    3.279632721    0.000000074    0.000000041    0.000000045
    3.286811352    0.000000085    0.000000035    0.000000030
    3.293989983    0.000000094    0.000000027    0.000000022
    3.301168614    0.000000098    0.000000020    0.000000018
    3.308347245    0.000000096    0.000000015    0.000000018
    3.315525876    0.000000086    0.000000012    0.000000021
    3.322704508    0.000000072    0.000000012    0.000000024
    3.329883139    0.000000056    0.000000015    0.000000026
    3.337061770    0.000000041    0.000000020    0.000000027
    3.344240401    0.000000030    0.000000026    0.000000028
    3.351419032    0.000000024    0.000000033    0.000000028
    3.358597663    0.000000022    0.000000037    0.000000028
    3.365776294    0.000000021    0.000000038    0.000000026
    3.372954925    0.000000023    0.000000036    0.000000025
    3.380133556    0.000000024    0.000000030    0.000000023
    3.387312187    0.000000024    0.000000023    0.000000021
    3.394490818    0.000000023    0.000000017    0.000000020
    3.401669449    0.000000022    0.000000013    0.000000020
    3.408848080    0.000000020    0.000000012    0.000000023
    3.416026711    0.000000018    0.000000020    0.000000033
    3.423205342    0.000000019    0.000000067    0.000000078
    3.430383973    0.000000032    0.000000277    0.000000278
    3.437562604    0.000000100    0.000001110    0.000001076
    3.444741235    0.000000401    0.000004032    0.000003872
    3.451919866    0.000001622    0.000013062    0.000012508
    3.459098497    0.000006181    0.000037590    0.000035944
    3.466277129    0.000021864    0.000095970    0.000091705
    3.473455760    0.000071376    0.000217201    0.000207564
    3.480634391    0.000213774    0.000435337    0.000416475
    3.487813022    0.000583919    0.000771350    0.000739850
    3.494991653    0.001446311    0.001205447    0.001161647
    3.502170284    0.003231977    0.001664017    0.001614719
    3.509348915    0.006487676    0.002067247    0.002021947
    3.516527546    0.011658036    0.002468524    0.002425307
    3.523706177    0.018717874    0.003268123    0.003180818
    3.530884808    0.026887686    0.004809490    0.004551348
    3.538063439    0.035030513    0.005713851    0.005316379
    3.545242070    0.043729654    0.006345334    0.005925776
    3.552420701    0.056279758    0.008764075    0.008285762
    3.559599332    0.066397837    0.011551059    0.010800389
    3.566777963    0.062840666    0.013687096    0.012396374
    3.573956594    0.049414217    0.017489109    0.015278222
    3.581135225    0.033509023    0.025979517    0.022688557
    3.588313856    0.020239075    0.033919191    0.035715198
    3.595492487    0.011074040    0.019442534    0.028935392
    3.602671119    0.005592207    0.007004665    0.010494915
    3.609849750    0.002766315    0.003246131    0.004412457
    3.617028381    0.001595923    0.002384179    0.002980078
    3.624207012    0.001344950    0.002308281    0.002738750
    3.631385643    0.001552680    0.002393875    0.002753062
    3.638564274    0.001964904    0.002551257    0.002881139
    3.645742905    0.002474295    0.003038272    0.003416840
    3.652921536    0.003071470    0.003987950    0.004500605
    3.660100167    0.003784677    0.004327942    0.004837558
    3.667278798    0.004669576    0.003969650    0.004362559
    3.674457429    0.005795360    0.003649607    0.003954801
    3.681636060    0.007298363    0.003802515    0.004078744
    3.688814691    0.009497578    0.004757583    0.005062408
    3.695993322    0.012829773    0.005923456    0.006280727
    3.703171953    0.017902145    0.007684148    0.008180610
    3.710350584    0.025062939    0.009602360    0.010305659
    3.717529215    0.033506282    0.010169941    0.011034313
    3.724707846    0.041953356    0.009835477    0.010785825
    3.731886477    0.050696218    0.009281633    0.010118843
    3.739065109    0.065363444    0.011178259    0.011989418
    3.746243740    0.087984903    0.014976973    0.016697474
    3.753422371    0.091894506    0.017753979    0.020273133
    3.760601002    0.072642465    0.021387606    0.020673541
    3.767779633    0.048788408    0.016057538    0.012562759
    3.774958264    0.029414944    0.008510105    0.006738402
    3.782136895    0.016559372    0.005335712    0.004564972
    3.789315526    0.009381762    0.004120166    0.003726964
    3.796494157    0.006109984    0.003560474    0.003321075
    3.803672788    0.005060570    0.003471917    0.003285894
    3.810851419    0.005060049    0.003986034    0.003793822
    3.818030050    0.005448405    0.004655103    0.004463165
    3.825208681    0.006012439    0.005462649    0.005317150
    3.832387312    0.006867402    0.005633179    0.005545287
    3.839565943    0.008283761    0.005637198    0.005555688
    3.846744574    0.010621066    0.005828959    0.005764598
    3.853923205    0.014062662    0.005805190    0.005773787
    3.861101836    0.018299479    0.005939417    0.005906336
    3.868280467    0.022851708    0.005801201    0.005737838
    3.875459098    0.027551172    0.005391766    0.005325162
    3.882637730    0.032179161    0.004736224    0.004701501
    3.889816361    0.035110638    0.003414925    0.003374995
    3.896994992    0.034749562    0.002268764    0.002226423
    3.904173623    0.030420121    0.001705874    0.001681707
    3.911352254    0.023077871    0.001492279    0.001473425
    3.918530885    0.015529839    0.001325829    0.001302092
    3.925709516    0.009447073    0.001077821    0.001046014
    3.932888147    0.005228037    0.000771562    0.000735320
    3.940066778    0.002640961    0.000488460    0.000451517
    3.947245409    0.001224101    0.000282694    0.000245251
    3.954424040    0.000526056    0.000154326    0.000119434
    3.961602671    0.000213208    0.000081495    0.000052902
    3.968781302    0.000083311    0.000042323    0.000021730
    3.975959933    0.000032023    0.000021572    0.000008482
    3.983138564    0.000012203    0.000010582    0.000003222
    3.990317195    0.000004569    0.000004871    0.000001205
    3.997495826    0.000001652    0.000002059    0.000000440
    4.004674457    0.000000573    0.000000788    0.000000154
    4.011853088    0.000000198    0.000000271    0.000000051
    4.019031720    0.000000079    0.000000084    0.000000016
    4.026210351    0.000000044    0.000000023    0.000000005
    4.033388982    0.000000035    0.000000006    0.000000002
    4.040567613    0.000000030    0.000000002    0.000000002
    4.047746244    0.000000026    0.000000001    0.000000002
    4.054924875    0.000000023    0.000000001    0.000000002
    4.062103506    0.000000022    0.000000001    0.000000002
    4.069282137    0.000000024    0.000000001    0.000000002
    4.076460768    0.000000029    0.000000001    0.000000002
    4.083639399    0.000000036    0.000000002    0.000000003
    4.090818030    0.000000043    0.000000002    0.000000003
    4.097996661    0.000000047    0.000000003    0.000000003
    4.105175292    0.000000048    0.000000003    0.000000003
    4.112353923    0.000000045    0.000000003    0.000000003
    4.119532554    0.000000039    0.000000003    0.000000002
    4.126711185    0.000000034    0.000000003    0.000000002
    4.133889816    0.000000029    0.000000002    0.000000002
    4.141068447    0.000000027    0.000000002    0.000000001
    4.148247078    0.000000026    0.000000002    0.000000001
    4.155425710    0.000000027    0.000000003    0.000000001
    4.162604341    0.000000028    0.000000003    0.000000001
    4.169782972    0.000000029    0.000000003    0.000000001
    4.176961603    0.000000029    0.000000003    0.000000001
    4.184140234    0.000000029    0.000000003    0.000000001
    4.191318865    0.000000029    0.000000003    0.000000001
    4.198497496    0.000000029    0.000000002    0.000000002
    4.205676127    0.000000029    0.000000002    0.000000002
    4.212854758    0.000000028    0.000000002    0.000000002
    4.220033389    0.000000028    0.000000002    0.000000002
    4.227212020    0.000000026    0.000000002    0.000000002
    4.234390651    0.000000025    0.000000002    0.000000002
    4.241569282    0.000000023    0.000000002    0.000000002
    4.248747913    0.000000023    0.000000002    0.000000002
    4.255926544    0.000000024    0.000000002    0.000000002
    4.263105175    0.000000028    0.000000002    0.000000002
    4.270283806    0.000000033    0.000000002    0.000000002
    4.277462437    0.000000041    0.000000002    0.000000002
    4.284641068    0.000000050    0.000000001    0.000000002
    4.291819699    0.000000059    0.000000002    0.000000002
    4.298998331    0.000000067    0.000000002    0.000000002
    4.306176962    0.000000071    0.000000002    0.000000003
    4.313355593    0.000000072    0.000000003    0.000000003
    4.320534224    0.000000071    0.000000003    0.000000004
    4.327712855    0.000000069    0.000000003    0.000000004
    4.334891486    0.000000066    0.000000003    0.000000005
    4.342070117    0.000000064    0.000000003    0.000000005
    4.349248748    0.000000062    0.000000003    0.000000005
    4.356427379    0.000000059    0.000000003    0.000000005
    4.363606010    0.000000058    0.000000003    0.000000005
    4.370784641    0.000000058    0.000000003    0.000000005
    4.377963272    0.000000060    0.000000003    0.000000006
    4.385141903    0.000000064    0.000000004    0.000000007
    4.392320534    0.000000067    0.000000005    0.000000009
    4.399499165    0.000000069    0.000000006    0.000000010
    4.406677796    0.000000067    0.000000006    0.000000011
    4.413856427    0.000000063    0.000000006    0.000000012
    4.421035058    0.000000057    0.000000006    0.000000011
    4.428213689    0.000000052    0.000000006    0.000000009
    4.435392321    0.000000049    0.000000007    0.000000008
    4.442570952    0.000000051    0.000000007    0.000000006
    4.449749583    0.000000058    0.000000008    0.000000005
    4.456928214    0.000000070    0.000000010    0.000000004
    4.464106845    0.000000089    0.000000012    0.000000004
    4.471285476    0.000000113    0.000000015    0.000000005
    4.478464107    0.000000140    0.000000018    0.000000006
    4.485642738    0.000000167    0.000000022    0.000000007
    4.492821369    0.000000190    0.000000025    0.000000008
    4.500000000    0.000000208    0.000000026    0.000000009
