# energy grid [eV]     epsi_x  epsi_y  epsi_z
#
    0.200000000    0.000000000    0.000000000    0.000000000
    0.207178631    0.000000000    0.000000000    0.000000000
    0.214357262    0.000000000    0.000000000    0.000000000
    0.221535893    0.000000000    0.000000000    0.000000000
    0.228714524    0.000000000    0.000000000    0.000000000
    0.235893155    0.000000000    0.000000000    0.000000000
    0.243071786    0.000000000    0.000000000    0.000000000
    0.250250417    0.000000000    0.000000000    0.000000000
    0.257429048    0.000000000    0.000000000    0.000000000
    0.264607679    0.000000000    0.000000000    0.000000000
    0.271786311    0.000000000    0.000000000    0.000000000
    0.278964942    0.000000000    0.000000000    0.000000000
    0.286143573    0.000000000    0.000000000    0.000000000
    0.293322204    0.000000000    0.000000000    0.000000000
    0.300500835    0.000000000    0.000000000    0.000000000
    0.307679466    0.000000000    0.000000000    0.000000000
    0.314858097    0.000000000    0.000000000    0.000000000
    0.322036728    0.000000000    0.000000000    0.000000000
    0.329215359    0.000000000    0.000000000    0.000000000
    0.336393990    0.000000000    0.000000000    0.000000000
    0.343572621    0.000000000    0.000000000    0.000000000
    0.350751252    0.000000000    0.000000000    0.000000000
    0.357929883    0.000000000    0.000000000    0.000000000
    0.365108514    0.000000000    0.000000000    0.000000000
    0.372287145    0.000000000    0.000000000    0.000000000
    0.379465776    0.000000000    0.000000000    0.000000000
    0.386644407    0.000000000    0.000000000    0.000000000
    0.393823038    0.000000000    0.000000000    0.000000000
    0.401001669    0.000000000    0.000000000    0.000000000
    0.408180301    0.000000000    0.000000000    0.000000000
    0.415358932    0.000000000    0.000000000    0.000000000
    0.422537563    0.000000000    0.000000000    0.000000000
    0.429716194    0.000000000    0.000000000    0.000000000
    0.436894825    0.000000000    0.000000000    0.000000000
    0.444073456    0.000000000    0.000000000    0.000000000
    0.451252087    0.000000000    0.000000000    0.000000000
    0.458430718    0.000000000    0.000000000    0.000000000
    0.465609349    0.000000000    0.000000000    0.000000000
    0.472787980    0.000000000    0.000000000    0.000000000
    0.479966611    0.000000000    0.000000000    0.000000000
    0.487145242    0.000000000    0.000000000    0.000000000
    0.494323873    0.000000000    0.000000000    0.000000000
    0.501502504    0.000000000    0.000000000    0.000000000
    0.508681135    0.000000000    0.000000000    0.000000000
    0.515859766    0.000000000    0.000000000    0.000000000
    0.523038397    0.000000000    0.000000000    0.000000000
    0.530217028    0.000000000    0.000000000    0.000000000
    0.537395659    0.000000000    0.000000000    0.000000000
    0.544574290    0.000000000    0.000000000    0.000000000
    0.551752922    0.000000000    0.000000000    0.000000000
    0.558931553    0.000000000    0.000000000    0.000000000
    0.566110184    0.000000000    0.000000000    0.000000000
    0.573288815    0.000000000    0.000000000    0.000000000
    0.580467446    0.000000000    0.000000000    0.000000000
    0.587646077    0.000000000    0.000000000    0.000000000
    0.594824708    0.000000000    0.000000000    0.000000000
    0.602003339    0.000000000    0.000000000    0.000000000
    0.609181970    0.000000000    0.000000000    0.000000000
    0.616360601    0.000000000    0.000000000    0.000000000
    0.623539232    0.000000000    0.000000000    0.000000000
    0.630717863    0.000000000    0.000000000    0.000000000
    0.637896494    0.000000000    0.000000000    0.000000000
    0.645075125    0.000000000    0.000000000    0.000000000
    0.652253756    0.000000000    0.000000000    0.000000000
    0.659432387    0.000000000    0.000000000    0.000000000
    0.666611018    0.000000000    0.000000000    0.000000000
    0.673789649    0.000000000    0.000000000    0.000000000
    0.680968280    0.000000000    0.000000000    0.000000000
    0.688146912    0.000000000    0.000000000    0.000000000
    0.695325543    0.000000000    0.000000000    0.000000000
    0.702504174    0.000000000    0.000000000    0.000000000
    0.709682805    0.000000000    0.000000000    0.000000000
    0.716861436    0.000000000    0.000000000    0.000000000
    0.724040067    0.000000000    0.000000000    0.000000000
    0.731218698    0.000000000    0.000000000    0.000000000
    0.738397329    0.000000000    0.000000000    0.000000000
    0.745575960    0.000000000    0.000000000    0.000000000
    0.752754591    0.000000000    0.000000000    0.000000000
    0.759933222    0.000000000    0.000000000    0.000000000
    0.767111853    0.000000000    0.000000000    0.000000000
    0.774290484    0.000000000    0.000000000    0.000000000
    0.781469115    0.000000000    0.000000000    0.000000000
    0.788647746    0.000000000    0.000000000    0.000000000
    0.795826377    0.000000000    0.000000000    0.000000000
    0.803005008    0.000000000    0.000000000    0.000000000
    0.810183639    0.000000000    0.000000000    0.000000000
    0.817362270    0.000000000    0.000000000    0.000000000
    0.824540902    0.000000000    0.000000000    0.000000000
    0.831719533    0.000000000    0.000000000    0.000000000
    0.838898164    0.000000000    0.000000000    0.000000000
    0.846076795    0.000000000    0.000000000    0.000000000
    0.853255426    0.000000000    0.000000000    0.000000000
    0.860434057    0.000000000    0.000000000    0.000000000
    0.867612688    0.000000000    0.000000000    0.000000000
    0.874791319    0.000000001    0.000000001    0.000000001
    0.881969950    0.000000006    0.000000009    0.000000010
    0.889148581    0.000000041    0.000000062    0.000000066
    0.896327212    0.000000253    0.000000385    0.000000408
    0.903505843    0.000001394    0.000002120    0.000002246
    0.910684474    0.000006843    0.000010406    0.000011020
    0.917863105    0.000029949    0.000045542    0.000048233
    0.925041736    0.000116896    0.000177756    0.000188259
    0.932220367    0.000406891    0.000618731    0.000655291
    0.939398998    0.001263053    0.001920636    0.002034124
    0.946577629    0.003496475    0.005316845    0.005631010
    0.953756260    0.008631875    0.013125891    0.013901482
    0.960934891    0.019004030    0.028898105    0.030605654
    0.968113523    0.037312306    0.056738224    0.060090808
    0.975292154    0.065331749    0.099345438    0.105215623
    0.982470785    0.102014588    0.155126475    0.164292684
    0.989649416    0.142058127    0.216017895    0.228782094
    0.996828047    0.176415077    0.268262114    0.284113352
    1.004006678    0.195375957    0.297094603    0.314649514
    1.011185309    0.192962247    0.293424243    0.310762277
    1.018363940    0.169957129    0.258441963    0.273712942
    1.025542571    0.133497223    0.202999925    0.214994910
    1.032721202    0.093512763    0.142198342    0.150600646
    1.039899833    0.058416475    0.088829863    0.094078698
    1.047078464    0.032543602    0.049486788    0.052410894
    1.054257095    0.016168201    0.024585857    0.026038601
    1.061435726    0.007163472    0.010892993    0.011536645
    1.068614357    0.002830423    0.004304026    0.004558345
    1.075792988    0.000997344    0.001516591    0.001606204
    1.082971619    0.000313404    0.000476571    0.000504731
    1.090150250    0.000087827    0.000133553    0.000141444
    1.097328881    0.000021949    0.000033377    0.000035349
    1.104507513    0.000004892    0.000007439    0.000007878
    1.111686144    0.000000972    0.000001479    0.000001566
    1.118864775    0.000000172    0.000000262    0.000000278
    1.126043406    0.000000027    0.000000041    0.000000044
    1.133222037    0.000000004    0.000000006    0.000000006
    1.140400668    0.000000000    0.000000001    0.000000001
    1.147579299    0.000000000    0.000000000    0.000000000
    1.154757930    0.000000000    0.000000000    0.000000000
    1.161936561    0.000000000    0.000000000    0.000000000
    1.169115192    0.000000000    0.000000000    0.000000000
    1.176293823    0.000000000    0.000000000    0.000000000
    1.183472454    0.000000000    0.000000000    0.000000000
    1.190651085    0.000000000    0.000000000    0.000000000
    1.197829716    0.000000000    0.000000000    0.000000000
    1.205008347    0.000000000    0.000000000    0.000000000
    1.212186978    0.000000000    0.000000000    0.000000000
    1.219365609    0.000000000    0.000000000    0.000000000
    1.226544240    0.000000000    0.000000000    0.000000000
    1.233722871    0.000000000    0.000000000    0.000000000
    1.240901503    0.000000000    0.000000000    0.000000000
    1.248080134    0.000000001    0.000000000    0.000000001
    1.255258765    0.000000011    0.000000000    0.000000006
    1.262437396    0.000000072    0.000000000    0.000000040
    1.269616027    0.000000434    0.000000000    0.000000243
    1.276794658    0.000002325    0.000000002    0.000001302
    1.283973289    0.000011109    0.000000009    0.000006223
    1.291151920    0.000047341    0.000000040    0.000026521
    1.298330551    0.000179919    0.000000153    0.000100796
    1.305509182    0.000609795    0.000000521    0.000341634
    1.312687813    0.001843144    0.000001601    0.001032665
    1.319866444    0.004968285    0.000004449    0.002783902
    1.327045075    0.011943519    0.000011332    0.006693794
    1.334223706    0.025606425    0.000026983    0.014357247
    1.341402337    0.048964417    0.000061713    0.027476494
    1.348580968    0.083517007    0.000139218    0.046941858
    1.355759599    0.127094176    0.000313484    0.071662741
    1.362938230    0.172630191    0.000696914    0.097946052
    1.370116861    0.209463521    0.001490065    0.120288625
    1.377295492    0.227405869    0.002981543    0.133648834
    1.384474124    0.221587880    0.005470726    0.135978911
    1.391652755    0.194931905    0.009088729    0.129204323
    1.398831386    0.156459775    0.013573666    0.117775303
    1.406010017    0.116617620    0.018153173    0.105793297
    1.413188648    0.082795304    0.021696734    0.094850713
    1.420367279    0.057582549    0.023151109    0.084033081
    1.427545910    0.039926188    0.022042163    0.071689824
    1.434724541    0.027479172    0.018720783    0.057296882
    1.441903172    0.018341354    0.014181476    0.042022100
    1.449081803    0.011542327    0.009581115    0.027916304
    1.456260434    0.006694698    0.005772878    0.016675232
    1.463439065    0.003526427    0.003102006    0.008920700
    1.470617696    0.001672621    0.001486493    0.004265198
    1.477796327    0.000711057    0.000635259    0.001820660
    1.484974958    0.000270269    0.000242106    0.000693474
    1.492153589    0.000091733    0.000082286    0.000235626
    1.499332220    0.000027785    0.000024941    0.000071408
    1.506510851    0.000007508    0.000006742    0.000019300
    1.513689482    0.000001809    0.000001625    0.000004652
    1.520868114    0.000000389    0.000000349    0.000001000
    1.528046745    0.000000075    0.000000068    0.000000192
    1.535225376    0.000000014    0.000000017    0.000000033
    1.542404007    0.000000009    0.000000037    0.000000006
    1.549582638    0.000000041    0.000000223    0.000000007
    1.556761269    0.000000229    0.000001242    0.000000033
    1.563939900    0.000001139    0.000006166    0.000000162
    1.571118531    0.000005042    0.000027302    0.000000717
    1.578297162    0.000019910    0.000107801    0.000002832
    1.585475793    0.000070106    0.000379591    0.000009973
    1.592654424    0.000220149    0.001191997    0.000031318
    1.599833055    0.000616512    0.003338111    0.000087703
    1.607011686    0.001539689    0.008336662    0.000219030
    1.614190317    0.003429180    0.018567329    0.000487822
    1.621368948    0.006811038    0.036878434    0.000968913
    1.628547579    0.012064301    0.065322278    0.001716223
    1.635726210    0.019057109    0.103184863    0.002710997
    1.642904841    0.026845923    0.145357189    0.003819023
    1.650083472    0.033726267    0.182609366    0.004797890
    1.657262104    0.037786455    0.204586157    0.005375924
    1.664440735    0.037759140    0.204408495    0.005373900
    1.671619366    0.033666582    0.182139175    0.004798600
    1.678797997    0.026829383    0.144757892    0.003848579
    1.685976628    0.019249978    0.102669889    0.002836093
    1.693155259    0.012814913    0.065130829    0.002089789
    1.700333890    0.008808302    0.037313498    0.001904812
    1.707512521    0.007895079    0.020084284    0.002550721
    1.714691152    0.010358835    0.011626648    0.004289678
    1.721869783    0.016291028    0.009346905    0.007360221
    1.729048414    0.025659976    0.011076405    0.011956410
    1.736227045    0.038478400    0.015508821    0.018307417
    1.743405676    0.055277340    0.022265691    0.026914200
    1.750584307    0.077630844    0.031821570    0.038772043
    1.757762938    0.107908138    0.045131863    0.055167945
    1.764941569    0.147520137    0.062718677    0.076747513
    1.772120200    0.194121671    0.083420689    0.102177505
    1.779298831    0.239803909    0.103658376    0.127470284
    1.786477462    0.272571626    0.118154794    0.147020900
    1.793656093    0.281365669    0.122168734    0.156226460
    1.800834725    0.261861906    0.114013426    0.154032259
    1.808013356    0.219079471    0.096157597    0.143417442
    1.815191987    0.164928979    0.074132543    0.129320762
    1.822370618    0.112503461    0.054026457    0.115594776
    1.829549249    0.070905548    0.040151276    0.103295605
    1.836727880    0.043281771    0.033974750    0.091316013
    1.843906511    0.028050040    0.034351587    0.078393224
    1.851085142    0.021539082    0.038480747    0.064715331
    1.858263773    0.020334996    0.043089746    0.052177744
    1.865442404    0.022646321    0.045583899    0.043663990
    1.872621035    0.028721541    0.044886461    0.042223650
    1.879799666    0.040426577    0.041607102    0.050510434
    1.886978297    0.059974065    0.037391663    0.070178120
    1.894156928    0.088015149    0.033808170    0.100917439
    1.901335559    0.121881834    0.031463864    0.139432610
    1.908514190    0.155177721    0.029870729    0.179216930
    1.915692821    0.179515501    0.028024022    0.211858062
    1.922871452    0.187921521    0.025202448    0.229760290
    1.930050083    0.178117581    0.021470463    0.229191528
    1.937228715    0.153716140    0.017689098    0.212142249
    1.944407346    0.122643581    0.015194354    0.185911177
    1.951585977    0.093849633    0.015429429    0.160366970
    1.958764608    0.074212807    0.019719633    0.143963161
    1.965943239    0.067069197    0.029212564    0.140300113
    1.973121870    0.072626217    0.044872891    0.146943430
    1.980300501    0.089522433    0.067316160    0.157173394
    1.987479132    0.116321149    0.096239557    0.163718489
    1.994657763    0.151829195    0.129454531    0.162288694
    2.001836394    0.193887088    0.162105407    0.152883897
    2.009015025    0.237522586    0.187103445    0.138470201
    2.016193656    0.274296245    0.197364811    0.122460082
    2.023372287    0.294264871    0.189045546    0.106986448
    2.030550918    0.290134392    0.163761824    0.092897959
    2.037729549    0.261212735    0.128132493    0.080861864
    2.044908180    0.214478172    0.090833005    0.072304168
    2.052086811    0.161891797    0.059076969    0.069418166
    2.059265442    0.115544736    0.036541835    0.074324484
    2.066444073    0.083356655    0.023385387    0.087873314
    2.073622705    0.067208833    0.017575038    0.108551552
    2.080801336    0.063692923    0.016358022    0.131971093
    2.087979967    0.066502539    0.017234555    0.151534186
    2.095158598    0.069287938    0.018468145    0.160571290
    2.102337229    0.068032511    0.019414389    0.155265692
    2.109515860    0.062274462    0.020784393    0.136739770
    2.116694491    0.054847387    0.024690402    0.110865171
    2.123873122    0.050332619    0.034182761    0.085764430
    2.131051753    0.052871180    0.052062265    0.068415206
    2.138230384    0.064130745    0.079097178    0.062081955
    2.145409015    0.082143202    0.112370446    0.065524865
    2.152587646    0.101576386    0.144966808    0.073978904
    2.159766277    0.115633077    0.167908469    0.081339698
    2.166944908    0.118991748    0.173893303    0.082719425
    2.174123539    0.110389016    0.160833835    0.076384036
    2.181302170    0.093413971    0.132931289    0.064289365
    2.188480801    0.075129190    0.098598453    0.051163341
    2.195659432    0.063440548    0.066720061    0.042879342
    2.202838063    0.064584816    0.043616620    0.045001303
    2.210016694    0.081513676    0.032066112    0.061734475
    2.217195326    0.113198374    0.032012114    0.094837331
    2.224373957    0.154729608    0.041695263    0.142197679
    2.231552588    0.198336046    0.058337482    0.196735863
    2.238731219    0.235384939    0.078444139    0.247043792
    2.245909850    0.258895433    0.098293952    0.280616778
    2.253088481    0.265642375    0.114907351    0.288769691
    2.260267112    0.257027149    0.127130915    0.270790144
    2.267445743    0.238401101    0.136155781    0.235048809
    2.274624374    0.217081287    0.145137526    0.196595920
    2.281803005    0.199780762    0.158212564    0.172602995
    2.288981636    0.190501841    0.179377523    0.177414387
    2.296160267    0.189787188    0.211247003    0.218219302
    2.303338898    0.195460574    0.253420283    0.291925405
    2.310517529    0.204147318    0.300877267    0.384402640
    2.317696160    0.212653713    0.343952837    0.473662400
    2.324874791    0.218740324    0.371329637    0.537065526
    2.332053422    0.221358167    0.375405076    0.559717879
    2.339232053    0.220617675    0.356963964    0.539593776
    2.346410684    0.217693064    0.325844804    0.486746517
    2.353589316    0.214675368    0.296752668    0.417849720
    2.360767947    0.214148025    0.282458211    0.349711428
    2.367946578    0.218217702    0.287973090    0.294635749
    2.375125209    0.227161901    0.308442078    0.258308599
    2.382303840    0.238490775    0.331512236    0.239723436
    2.389482471    0.247340761    0.342928878    0.232845708
    2.396661102    0.248396802    0.332729359    0.229846135
    2.403839733    0.238496939    0.299210174    0.225051736
    2.411018364    0.218507614    0.249057585    0.217966044
    2.418196995    0.193333930    0.194035515    0.213791473
    2.425375626    0.169881926    0.146210871    0.221006946
    2.432554257    0.153952984    0.114022302    0.247083303
    2.439732888    0.147782687    0.100631649    0.294533684
    2.446911519    0.149661774    0.104637094    0.359519703
    2.454090150    0.155779880    0.122115956    0.433852953
    2.461268781    0.162939201    0.148550165    0.508962667
    2.468447412    0.170288351    0.179584466    0.578836974
    2.475626043    0.179240777    0.210578482    0.639769146
    2.482804674    0.192415596    0.235976822    0.687782602
    2.489983306    0.213119323    0.249835912    0.717167888
    2.497161937    0.245729329    0.247949430    0.722711375
    2.504340568    0.295461300    0.230448608    0.704247857
    2.511519199    0.365703966    0.202898382    0.669101067
    2.518697830    0.453433170    0.174710248    0.629346133
    2.525876461    0.546242347    0.155536087    0.595523569
    2.533055092    0.624732398    0.151556500    0.571605649
    2.540233723    0.670186973    0.163335515    0.554538827
    2.547412354    0.672890909    0.185867808    0.537608562
    2.554590985    0.635875092    0.210731568    0.514630997
    2.561769616    0.573003226    0.229979672    0.483071680
    2.568948247    0.504653205    0.240828251    0.446077052
    2.576126878    0.454282971    0.249218954    0.413450629
    2.583305509    0.445626808    0.269874243    0.400428220
    2.590484140    0.497818719    0.321394066    0.423108510
    2.597662771    0.617402191    0.417120238    0.491287164
    2.604841402    0.790421330    0.555127431    0.601601795
    2.612020033    0.980599166    0.712715888    0.734611416
    2.619198664    1.138056088    0.850507461    0.858360917
    2.626377295    1.217194281    0.927103676    0.938484372
    2.633555927    1.195712027    0.918368946    0.951539525
    2.640734558    1.084369744    0.830728155    0.895559293
    2.647913189    0.921955626    0.700358989    0.792163100
    2.655091820    0.758931066    0.578843952    0.678861035
    2.662270451    0.639414269    0.513630999    0.595650291
    2.669449082    0.589880226    0.532455960    0.572233779
    2.676627713    0.616567397    0.635930606    0.619853419
    2.683806344    0.708525045    0.798005347    0.728231837
    2.690984975    0.843127618    0.973398226    0.867405819
    2.698163606    0.993449877    1.111641746    0.995641487
    2.705342237    1.137551369    1.175056439    1.073690500
    2.712520868    1.266993594    1.153455712    1.080639514
    2.719699499    1.388937585    1.067036278    1.022276661
    2.726878130    1.517453459    0.954330155    0.925603087
    2.734056761    1.656578694    0.851434566    0.822493915
    2.741235392    1.786042265    0.774784607    0.733486744
    2.748414023    1.862719966    0.717464543    0.661842027
    2.755592654    1.841994492    0.659979732    0.599519844
    2.762771285    1.707901939    0.587174922    0.538466741
    2.769949917    1.491862172    0.500034248    0.478825043
    2.777128548    1.266027064    0.415866497    0.429818559
    2.784307179    1.114249333    0.358581112    0.404428529
    2.791485810    1.097175675    0.346320646    0.412010327
    2.798664441    1.228848003    0.383810736    0.453264176
    2.805843072    1.473874688    0.463176721    0.520402551
    2.813021703    1.765106263    0.572791000    0.602633979
    2.820200334    2.034739994    0.710098350    0.693917460
    2.827378965    2.245247234    0.891037576    0.797849068
    2.834557596    2.402772965    1.147124160    0.925294548
    2.841736227    2.541971696    1.505428730    1.084454449
    2.848914858    2.689472556    1.958445065    1.268660708
    2.856093489    2.831631766    2.444001519    1.450772225
    2.863272120    2.913303957    2.856727867    1.590992855
    2.870450751    2.872605401    3.094033406    1.656737340
    2.877629382    2.687965783    3.111457701    1.643749771
    2.884808013    2.403095112    2.949737619    1.585197482
    2.891986644    2.112765542    2.714424059    1.543409911
    2.899165275    1.921579896    2.523976301    1.590414374
    2.906343907    1.903168803    2.461577834    1.787127953
    2.913522538    2.079244989    2.553808514    2.164847964
    2.920701169    2.421716281    2.773470876    2.707582324
    2.927879800    2.875712988    3.052728531    3.339997888
    2.935058431    3.406224902    3.301739646    3.936460448
    2.942237062    4.066913665    3.436889617    4.362857144
    2.949415693    5.064150351    3.415362550    4.538739804
    2.956594324    6.757684149    3.259265870    4.483892368
    2.963772955    9.538991689    3.054722421    4.318500181
    2.970951586   13.589155178    2.931742748    4.220297225
    2.978130217   18.625416359    3.046297087    4.373644751
    2.985308848   23.822364190    3.575133102    4.942330780
    2.992487479   28.040788411    4.702796613    6.060939006
    2.999666110   30.297417370    6.561722367    7.805033912
    3.006844741   30.200804911    9.112705345   10.110688523
    3.014023372   28.066737489   12.022589506   12.677318363
    3.021202003   24.660705827   14.653657145   14.953222022
    3.028380634   20.793850194   16.248195572   16.288830367
    3.035559265   17.061211885   16.256763195   16.222607976
    3.042737896   13.820580498   14.619265846   14.729294161
    3.049916528   11.285791734   11.805022042   12.249372537
    3.057095159    9.567174360    8.580077851    9.468205679
    3.064273790    8.625251101    5.661269750    6.996541321
    3.071452421    8.233032225    3.470955531    5.157331010
    3.078631052    8.038157083    2.096926894    3.974911117
    3.085809683    7.712751699    1.408420876    3.308279720
    3.092988314    7.096101900    1.207168812    3.000597416
    3.100166945    6.244076184    1.323670843    2.957162308
    3.107345576    5.372654175    1.640616403    3.144870282
    3.114524207    4.747758609    2.074249693    3.554589545
    3.121702838    4.585547627    2.552112070    4.166410790
    3.128881469    4.997838833    3.007135238    4.932825083
    3.136060100    5.984121164    3.385741498    5.775703196
    3.143238731    7.456336747    3.657023041    6.589441442
    3.150417362    9.278998100    3.815326379    7.249609575
    3.157595993   11.302530641    3.880336767    7.633347898
    3.164774624   13.366656142    3.901243199    7.654809509
    3.171953255   15.271188400    3.959134934    7.304922805
    3.179131886   16.753799703    4.148888476    6.672580245
    3.186310518   17.538539562    4.530075398    5.930193930
    3.193489149   17.476783654    5.067878185    5.288576125
    3.200667780   16.704897063    5.611699424    4.942515515
    3.207846411   15.679839646    5.947451735    5.023731610
    3.215025042   15.009774379    5.908770912    5.563640345
    3.222203673   15.146248936    5.484254062    6.467453705
    3.229382304   16.122043059    4.857508514    7.515450107
    3.236560935   17.502259525    4.363502012    8.412835474
    3.243739566   18.582284336    4.390349371    8.886973505
    3.250918197   18.719581071    5.260305462    8.792572401
    3.258096828   17.621580254    7.103790938    8.167517810
    3.265275459   15.453389079    9.745851392    7.206581794
    3.272454090   12.736087504   12.666266547    6.170904063
    3.279632721   10.111207470   15.112670416    5.287629747
    3.286811352    8.095355779   16.375832335    4.690824382
    3.293989983    6.928781331   16.106141037    4.422881240
    3.301168614    6.562190151   14.482121293    4.485923180
    3.308347245    6.765887079   12.123098368    4.921015199
    3.315525876    7.302360651    9.809251615    5.887768563
    3.322704508    8.078714021    8.180041972    7.702322303
    3.329883139    9.196278033    7.547412993   10.777913213
    3.337061770   10.857147377    7.853228374   15.434352641
    3.344240401   13.167945050    8.735872745   21.621785015
    3.351419032   15.957845301    9.672931361   28.705042514
    3.358597663   18.741312931   10.171984302   35.490061083
    3.365776294   20.879144451    9.950680390   40.572384338
    3.372954925   21.864135344    9.022434552   42.883764697
    3.380133556   21.568035852    7.642435068   42.151940546
    3.387312187   20.302595627    6.155094187   39.010268995
    3.394490818   18.658605544    4.841727192   34.694088009
    3.401669449   17.214186597    3.846350462   30.493204523
    3.408848080   16.269705300    3.187265080   27.244826729
    3.416026711   15.745312053    2.809863673   25.104817938
    3.423205342   15.286738892    2.635216558   23.675040359
    3.430383973   14.509001549    2.588410310   22.373684416
    3.437562604   13.229004378    2.612521859   20.812347266
    3.444741235   11.553271833    2.674579593   18.968096304
    3.451919866    9.790783399    2.762274551   17.096147910
    3.459098497    8.273333470    2.871013867   15.497115492
    3.466277129    7.203768686    2.990211541   14.312398610
    3.473455760    6.606029032    3.101989946   13.462051608
    3.480634391    6.375262614    3.195438576   12.736119991
    3.487813022    6.375406801    3.282975572   11.968590467
    3.494991653    6.522714730    3.400450018   11.187765669
    3.502170284    6.818570386    3.587427212   10.657963247
    3.509348915    7.333473772    3.864244025   10.797410167
    3.516527546    8.168899332    4.225080243   12.029742372
    3.523706177    9.419371413    4.647290117   14.646716885
    3.530884808   11.139845064    5.098486805   18.725262722
    3.538063439   13.322331221    5.528031193   24.102834851
    3.545242070   15.899843055    5.855065135   30.405169901
    3.552420701   18.792516270    5.981456460   37.121350066
    3.559599332   21.975288821    5.841504021   43.706443236
    3.566777963   25.511790354    5.461776365   49.675808835
    3.573956594   29.508500923    4.981440030   54.663875205
    3.581135225   33.996503027    4.602654945   58.443306824
    3.588313856   38.802062046    4.490330469   60.908551037
    3.595492487   43.481617101    4.680965376   62.024774850
    3.602671119   47.366317320    5.059381922   61.757810560
    3.609849750   49.711553779    5.420381101   60.030820650
    3.617028381   49.908758977    5.579431904   56.759159018
    3.624207012   47.698732535    5.469550059   51.970653193
    3.631385643   43.315884790    5.178586952   45.948938211
    3.638564274   37.495873225    4.924762643   39.301941707
    3.645742905   31.326592116    4.997384241   32.900031153
    3.652921536   26.010302547    5.680237824   27.723077926
    3.660100167   22.651779543    7.150592134   24.708556757
    3.667278798   22.120836141    9.355786660   24.635350878
    3.674457429   24.915462348   11.923416483   27.969661846
    3.681636060   30.933054240   14.201998435   34.592643614
    3.688814691   39.215425266   15.481045302   43.495989857
    3.695993322   47.928300978   15.306989275   52.733951587
    3.703171953   54.818702337   13.706228310   59.900984224
    3.710350584   58.076551583   11.165042215   63.062453275
    3.717529215   57.144976094    8.384101299   61.644699690
    3.724707846   52.955871937    5.976939505   56.703945772
    3.731886477   47.436960204    4.288726501   50.389581062
    3.739065109   42.634895780    3.390334081   44.968960895
    3.746243740   39.985331974    3.177524416   42.002980650
    3.753422371   40.023385504    3.471741555   42.017874113
    3.760601002   42.465252290    4.069846655   44.619274881
    3.767779633   46.444209683    4.755851258   48.806809656
    3.774958264   50.781540099    5.314489012   53.321371664
    3.782136895   54.287648461    5.568810389   56.976115386
    3.789315526   56.062829938    5.429488746   58.927407503
    3.796494157   55.685052687    4.923997018   58.799384320
    3.803672788   53.199665709    4.183374565   56.623237828
    3.810851419   48.966122278    3.391923655   52.679006916
    3.818030050   43.507585659    2.726209024   47.384512603
    3.825208681   37.445245461    2.308842657   41.283894470
    3.832387312   31.466880923    2.186356043   35.050810677
    3.839565943   26.237595709    2.327338563   29.397392795
    3.846744574   22.244488563    2.636553737   24.890248501
    3.853923205   19.664639975    2.985742730   21.788265652
    3.861101836   18.347982999    3.259321372   20.012553614
    3.868280467   17.921952389    3.400787227   19.251976298
    3.875459098   17.944262531    3.435531984   19.111688500
    3.882637730   18.020910746    3.452115306   19.210910997
    3.889816361   17.859055531    3.547524606   19.212876381
    3.896994992   17.280034943    3.767046092   18.839334279
    3.904173623   16.227932468    4.076798719   17.917847768
    3.911352254   14.776525086    4.388484278   16.446199680
    3.918530885   13.108295322    4.621295095   14.610416462
    3.925709516   11.450890906    4.759017195   12.716413957
    3.932888147    9.995720569    4.863484913   11.065458796
    3.940066778    8.845186969    5.039209472    9.848378709
    3.947245409    8.016811276    5.380935539    9.114150618
    3.954424040    7.493761490    5.942944767    8.811660475
    3.961602671    7.283282186    6.740743509    8.859581802
    3.968781302    7.440886079    7.762936619    9.194185320
    3.975959933    8.037909651    8.968404286    9.771411844
    3.983138564    9.086644223   10.271185208   10.534936695
    3.990317195   10.472403992   11.538139292   11.383557020
    3.997495826   11.946541812   12.615903519   12.168693474
    4.004674457   13.196270387   13.376583305   12.732924361
    4.011853088   13.953361342   13.757647717   12.976357910
    4.019031720   14.079657740   13.779216630   12.916563405
    4.026210351   13.589608694   13.533310529   12.697695921
    4.033388982   12.612882894   13.144506680   12.522194372
    4.040567613   11.328398973   12.711545486   12.530076594
    4.047746244    9.903997263   12.259683987   12.704039897
    4.054924875    8.463651806   11.740993873   12.878271201
    4.062103506    7.087039187   11.091238222   12.856751762
    4.069282137    5.829983115   10.304313536   12.556348390
    4.076460768    4.745720807    9.465757489   12.064447428
    4.083639399    3.891435574    8.719123024   11.569743393
    4.090818030    3.317298496    8.192980608   11.227998966
    4.097996661    3.045446236    7.941015286   11.069231456
    4.105175292    3.049836253    7.926817918   11.005095559
    4.112353923    3.248961586    8.048386354   10.909618997
    4.119532554    3.522286362    8.180364795   10.702485014
    4.126711185    3.750859902    8.217375019   10.385857169
    4.133889816    3.863045876    8.108559404   10.032419338
    4.141068447    3.855180748    7.872421447    9.747544501
    4.148247078    3.772001334    7.584315344    9.627587746
    4.155425710    3.664138625    7.344703754    9.730264307
    4.162604341    3.557781432    7.250806155   10.069448332
    4.169782972    3.455499180    7.389538620   10.636482816
    4.176961603    3.355314677    7.850226309   11.434454095
    4.184140234    3.262189183    8.742850185   12.507397540
    4.191318865    3.182534854   10.208868638   13.956933484
    4.198497496    3.114639898   12.411567751   15.942796754
    4.205676127    3.049851943   15.485083134   18.648063004
    4.212854758    2.982824193   19.431400628   22.184075167
    4.220033389    2.917131235   24.004176016   26.453115284
    4.227212020    2.858917436   28.668997085   31.055729463
    4.234390651    2.806075534   32.708320791   35.341459129
    4.241569282    2.745689259   35.438560803   38.615814638
    4.248747913    2.663489503   36.421658942   40.401242201
    4.255926544    2.556933196   35.571638854   40.609175326
    4.263105175    2.440309806   33.144593377   39.536900509
    4.270283806    2.337502663   29.655457287   37.700335612
    4.277462437    2.268045947   25.755472084   35.598482017
    4.284641068    2.236589889   22.088224988   33.545561843
    4.291819699    2.232126524   19.154172661   31.662878525
    4.298998331    2.235359261   17.219043131   29.992204611
    4.306176962    2.227423895   16.277295047   28.582349338
    4.313355593    2.194607753   16.064523139   27.443891112
    4.320534224    2.129012542   16.128286899   26.438237619
    4.327712855    2.028295210   15.972612459   25.268503712
    4.334891486    1.896224992   15.242765673   23.637723977
    4.342070117    1.742910832   13.855508675   21.448901656
    4.349248748    1.583130898   11.992682346   18.868378720
    4.356427379    1.433158081    9.971728781   16.214314235
    4.363606010    1.307788874    8.092037173   13.791566394
    4.370784641    1.218500751    6.547599238   11.800425438
    4.377963272    1.172383094    5.418809115   10.330066959
    4.385141903    1.171464252    4.699147370    9.368809254
    4.392320534    1.212738579    4.320343521    8.798178630
    4.399499165    1.289017826    4.176213209    8.407550514
    4.406677796    1.389807508    4.157439334    7.966790107
    4.413856427    1.501489592    4.190813956    7.329409743
    4.421035058    1.607760044    4.260108339    6.495639121
    4.428213689    1.692474826    4.394872249    5.594774297
    4.435392321    1.745510765    4.636687772    4.809934800
    4.442570952    1.768819721    5.004677637    4.297894602
    4.449749583    1.778249559    5.475377585    4.136747320
    4.456928214    1.799249587    5.979658653    4.304236489
    4.464106845    1.859197370    6.415258908    4.682831958
    4.471285476    1.981259877    6.675468042    5.094771234
    4.478464107    2.182147973    6.689991594    5.364656138
    4.485642738    2.471134071    6.460193156    5.386094886
    4.492821369    2.845314924    6.063333790    5.156878057
    4.500000000    3.279977148    5.615781057    4.763460211
